4.376972062375835554e-02
4.356633363718966784e-02
3.679954209254597541e-02
5.657866171635680952e-02
6.324441331165701896e-02
4.255796663781261091e-02
8.298824661444860473e-02
7.788223115822223708e-02
1.178918837109679540e-01
6.725396511269859934e-02
1.296211448103842256e-01
1.122684684434446384e-01
1.852013662124128157e-01
1.364516362845960007e-01
1.769630262737630910e-01
3.201805511373817525e-01
2.868016630636653908e-01
3.014819079290100290e-01
4.297031146211648944e-01
4.169928442679055047e-01
5.172296812031325075e-01
4.656949545720199257e-01
9.044507012143309099e-01
6.670392997046004080e-01
9.821658568021541802e-01
1.180327056724072010e+00
1.361867941109414559e+00
1.810733276034288686e+00
2.187345692139234465e+00
3.476956908328834306e+00
2.015129255361871111e-02
3.848269901442096658e-02
4.526180104391494541e-02
4.230499973620854143e-02
5.853916752894378073e-02
4.417372066618854148e-02
8.961548175935123151e-02
6.737833337695948999e-02
1.474895743032984818e-01
1.116912496067543614e-01
1.517822820777785242e-01
1.109220745777430850e-01
2.193580320425791708e-01
1.413000594094018791e-01
2.914672776426562306e-01
4.725097258754349383e-01
3.937093305807369270e-01
5.117898744040907388e-01
5.373666803384153923e-01
6.950782644355778528e-01
6.776031256014207749e-01
5.841206969895250678e-01
1.446173172263825579e+00
9.031274952884734697e-01
1.457904474529837291e+00
1.528312409981144482e+00
2.328470663850083167e+00
2.654552801049028243e+00
3.234538657192171041e+00
5.326404648590790103e+00
1.608127358044391178e-02
3.277946476490890826e-02
5.445855217313870511e-02
3.467502577249897966e-02
4.726331744302653126e-02
4.472059959371070537e-02
1.084894234738875279e-01
6.380512662414383751e-02
2.045900811316001544e-01
1.104811665240366808e-01
1.724254956844113174e-01
1.410149947270847581e-01
2.286669313865175301e-01
1.724535213740402417e-01
3.254870076078808516e-01
6.296897193370382118e-01
5.312044056333529163e-01
5.863079714142028775e-01
7.440224372564822053e-01
1.053598544610494958e+00
1.425631284961110579e+00
6.537757888166892961e-01
2.101954242390494443e+00
1.129132387624087741e+00
1.765134698129624313e+00
1.706420900383660788e+00
3.534204202731691780e+00
3.719025738569698536e+00
4.620169523566401537e+00
7.383480769632198459e+00
1.846478405092036659e-02
2.885554845072962546e-02
7.223401740455291653e-02
3.648249263679834847e-02
6.153059816305266050e-02
4.264639051136097370e-02
1.021837596883009014e-01
7.292854520016521513e-02
2.827024839808195411e-01
1.338234462872161523e-01
1.729093874868818104e-01
1.347072495024538574e-01
2.462376206877784635e-01
1.515558483003124901e-01
3.972549038904880092e-01
7.205358161471645539e-01
4.812896477216375146e-01
5.931677011686087297e-01
7.363619052616749983e-01
1.198248380828745852e+00
2.130170167862458275e+00
6.620328229274068388e-01
2.577678061198390491e+00
1.162785427165016872e+00
1.762485916332780178e+00
1.776826162190122016e+00
4.346917649405649620e+00
4.678481744629602979e+00
5.839939701220493440e+00
8.971406053738657960e+00
2.666615735055942807e-02
4.087769718872329844e-02
8.805156465159198753e-02
6.228387420192260659e-02
7.560505768761688339e-02
5.973211869602400304e-02
1.444287893372173393e-01
1.045757234812128289e-01
3.000506388609618380e-01
1.616724235499475137e-01
2.493604084612282556e-01
1.954192752993809123e-01
2.866010907405600050e-01
2.400946036623811120e-01
5.726731996923917212e-01
1.089853452284085256e+00
6.171593359679320434e-01
8.067898697867239566e-01
9.485263830535358709e-01
1.696173074078462628e+00
2.805895624531335564e+00
8.553708177076948527e-01
3.451738985537516680e+00
1.505933351215187788e+00
2.255393010454595171e+00
2.327194049372519835e+00
5.509449230117449581e+00
5.567185987037411188e+00
7.179313700730948433e+00
1.021915170914041937e+01
9.892745568292155012e-02
1.537881283647184461e-01
2.216477169893301680e-01
1.905422607999585072e-01
2.340456813024047178e-01
1.563162532886036571e-01
4.570676391709673769e-01
2.786858801211167802e-01
7.402377825549775192e-01
4.325262548509739013e-01
5.822735393480308330e-01
6.221932975888280204e-01
9.057250828706665535e-01
8.131270997997015471e-01
1.240822762235356258e+00
2.058948729526307808e+00
1.658276003238763119e+00
2.112244146863860195e+00
2.420993396733224223e+00
3.054117554216926322e+00
3.661711930546240001e+00
2.365088758346718389e+00
5.905299671138775075e+00
3.618607633798676115e+00
5.201786634408287036e+00
5.261909088035688242e+00
7.794912240581464147e+00
6.816189122196283812e+00
8.753162396838883197e+00
1.104930182955709839e+01
4.384090545395533667e-01
6.270027005779972296e-01
8.564287550341346256e-01
7.991296182941381998e-01
9.418472659581815787e-01
1.108834942013861014e+00
1.364203746583340982e+00
1.152070884588686228e+00
1.166527221867590614e+00
1.272754603239643512e+00
2.553983361434386090e+00
1.883580500896064214e+00
2.471735974354507093e+00
2.258861983572576726e+00
2.135247919272003525e+00
2.496601180452431290e+00
3.329116176914165948e+00
3.523234237751881270e+00
4.183304689395225928e+00
4.804560762321993472e+00
4.094451921879810996e+00
4.824878527346976753e+00
5.866025633376549031e+00
6.553923456438446316e+00
6.943678982739715622e+00
5.096212375679495032e+00
6.821666748038039962e+00
6.820764671404888624e+00
7.200923471331392101e+00
9.014982887087553465e+00
7.754616515823072875e-01
8.528817976158667991e-01
1.195107251099993606e+00
1.022100676922492957e+00
1.490810661875649368e+00
1.549964144650175291e+00
1.943364332037063047e+00
1.650957507102011057e+00
2.427254706736527101e+00
2.564479991272130555e+00
2.489366495205328711e+00
2.421477886674198388e+00
3.708865806610018190e+00
4.213773378822228466e+00
3.250153198187307080e+00
2.990172755356888867e+00
3.702725181755040840e+00
5.460963258693187328e+00
5.720260117687762325e+00
5.533051888593088385e+00
4.959744626110594190e+00
7.097552448498537281e+00
7.168290137061468670e+00
8.874666387886556151e+00
7.465472258768063085e+00
7.075973981980867578e+00
9.136896001047459137e+00
8.360242093117694395e+00
8.826339995178539510e+00
9.490036211685142220e+00
1.155607059091326771e+00
1.520822932679832817e+00
1.861314829415530170e+00
2.247747919558431118e+00
1.750091312549760802e+00
2.178181740763847074e+00
2.414276622220855373e+00
1.443430436483831514e+00
2.411435994662224136e+00
1.802605846214685892e+00
3.109114033241449526e+00
2.755061080884807279e+00
3.789470602945595346e+00
3.016200228175595743e+00
3.533243578068462121e+00
3.113751052441930955e+00
3.161903838599642302e+00
3.932959841117556810e+00
3.909441075170781321e+00
5.643765030081318912e+00
5.689639742527852206e+00
6.827842257761626676e+00
7.409723667987679008e+00
7.741708312251759594e+00
7.295372148662164768e+00
8.924539110619496896e+00
9.084124447976828165e+00
9.280579140898378654e+00
7.572625991150040647e+00
1.037418869848723624e+01
7.865451331229261767e-01
1.392151477103576118e+00
1.324104158210635429e+00
1.516675011961238217e+00
1.717283892864739148e+00
1.151026760977767127e+00
2.175025696574321987e+00
2.608675373936993669e+00
1.676695283812989157e+00
1.846799411421431891e+00
3.109304783143286066e+00
1.516277403784152433e+00
2.000231496668104292e+00
2.197050686063936720e+00
2.429885397308744643e+00
1.735108766995375529e+00
2.633631076266292670e+00
2.740808572343883309e+00
2.588304310974921751e+00
2.593497355186558107e+00
2.874891799873616094e+00
3.268929149124685907e+00
2.362176035302034904e+00
2.789136628662979955e+00
3.406872361535779881e+00
3.662615689057277191e+00
2.801953502950754959e+00
5.984299186711540486e+00
4.558877083993306378e+00
4.687229835476176554e+00
1.175050483745855745e+00
1.706124780175203304e+00
1.557793259623590609e+00
1.599328659605791181e+00
1.400058638866799265e+00
1.516392754133404797e+00
1.532325108205950803e+00
1.018311466918651709e+00
2.891709589936076519e+00
1.924735080840284329e+00
1.747970212169047466e+00
1.669511786549996657e+00
1.399610197158678071e+00
1.119607806543761352e+00
1.708566407384497055e+00
1.257127090192696306e+00
1.053175196607497588e+00
1.760829794413054650e+00
1.757757027436116948e+00
7.347795440748345897e-01
7.848173529686808259e-01
2.075441525992176572e+00
1.230638891888159447e+00
1.901197100013744867e+00
1.306129326621096931e+00
2.249959619296489688e+00
9.428014796101803485e-01
1.623172137086498878e+00
3.031592062574120394e+00
2.525385245662123523e+00
