2.703233837131599482e-01
1.983970142981990592e-01
2.576511150984991082e-03
7.404268209120380106e+01
1.436417534071501834e+01
3.136923728866889555e-02
2.106749682854610131e-02
3.978135259359452669e-02
2.096606829070997175e-03
7.523812539003083123e-07
3.049151255016704365e-01
4.179775087938052830e-02
2.658232359409677947e-01
2.013147645686959863e-01
7.238683307181400638e-04
8.844935259517390591e+01
1.239435893357840968e+01
3.159040094084511474e-02
3.559396392925728153e-02
4.687498488600200242e-02
4.554528098100530699e-04
1.315336813947080619e-06
3.213855537453216837e-01
4.584428974211755131e-02
2.750903353040833332e-01
2.027649918290924946e-01
3.466972503682087814e-04
5.829278037795861422e+01
1.527961351967541326e+01
3.350257492918885804e-02
3.491859845458649553e-02
4.868127307290042588e-02
2.411547725121353583e-02
6.961938897221590766e-07
3.118450188540257684e-01
4.034160794830708718e-02
2.510014789277681957e-01
2.448954015595763145e-01
2.101627381574150324e-03
7.048446076703706353e+01
1.728452760929383203e+01
4.013600813129335199e-02
3.749413619529866348e-02
4.525071542723500817e-02
7.479981855458380695e-04
6.107417929007367588e-07
3.114416974554829465e-01
4.387704122349986996e-02
2.310177727692347971e-01
1.741996840465830920e-01
2.897450862580639233e-02
7.710964429504345219e+01
1.537037404549914399e+01
3.435374945415247544e-02
3.613933293368274541e-02
4.490721111340829907e-02
1.593523065454881650e-03
7.123839713259068674e-07
3.187951012444145138e-01
4.322168705701689290e-02
2.658588523343255461e-01
2.249642540301617921e-01
4.991427387176859253e-04
7.477105541679939904e+01
1.361318602123896504e+01
3.148221058759848728e-02
2.846186590643752512e-02
4.043429147661706247e-02
9.099591137494486689e-04
4.848061308340211468e-07
3.119253092108059122e-01
4.618431510984216670e-02
2.755806556414250874e-01
2.018033042167979851e-01
4.548801162519264425e-03
7.006273676220244795e+01
1.625149473324712446e+01
3.233597401569305446e-02
3.668521629916710741e-02
5.079334096301398732e-02
2.468472914180814583e-03
8.568566106067556893e-07
2.572402639681259373e-01
4.796846107593032843e-02
2.702605306120947626e-01
2.007705825345670048e-01
1.063252743435301462e-01
6.021719894019479824e+01
1.560513374363894989e+01
3.370638944538143639e-02
3.525180372050125410e-02
3.629295678106324308e-02
1.102132615157674390e-03
2.669482663279145555e-06
3.400622100700513295e-01
5.317862771523036713e-02
2.988012684676953912e-01
1.959676573938696209e-01
3.505553097274744477e-03
7.508897883396163309e+01
1.648202609547020359e+01
3.686794056865527053e-02
3.102283548164678009e-02
5.333003953123101326e-02
7.276516077780906082e-04
4.925959608346842786e-07
3.230613847375715664e-01
5.521382381207043388e-02
2.861819290606283372e-01
1.743540318085068930e-01
5.817302694986240755e-04
6.950647437978994958e+01
1.637795974507067953e+01
4.014685641726978976e-02
3.093241115083310289e-02
4.798473992875950528e-02
1.168594730051695759e-03
1.181910467807496652e-06
2.830868876316285920e-01
4.483391952625177118e-02
2.781444035742208776e-01
1.767451263182049370e-01
1.825819741774990616e-03
6.850495897924602673e+01
1.465874339208275856e+01
3.459341879454425062e-02
3.023946585842596929e-02
3.830548084274023463e-02
3.072044342743697910e-03
2.888198964393726208e-07
2.435768170583498538e-01
4.933252020945922550e-02
3.022041320661259522e-01
2.108505524740810766e-01
8.885013080159062313e-03
6.943563263401550500e+01
1.426731794095580241e+01
3.061097979875777517e-02
3.501647828218469594e-02
4.901116038218319287e-02
6.974528861619588849e-03
9.337771132092928917e-07
2.677031725186144184e-01
5.130352391686400504e-02
2.571595119647126504e-01
2.170640237901337311e-01
4.639545804123400979e-02
7.177211408463026032e+01
1.510570362530200228e+01
3.612809113662096561e-02
2.205363537830057341e-02
4.257681056697693728e-02
9.279620409186751899e-04
8.625414958635901813e-07
2.660719894449040113e-01
5.116733544622904806e-02
2.587494392117848374e-01
2.444974774136091100e-01
2.218355560798072890e-03
8.424422980452790455e+01
1.838923164330980242e+01
3.588802360751692372e-02
3.282126150751661642e-02
4.797531148174482424e-02
1.230187737319024359e-02
1.128033916224429848e-05
2.999965969369507990e-01
4.308480470887542102e-02
2.866667359882113519e-01
2.357377659859945518e-01
3.991127933218876871e-03
7.521071026498124468e+01
1.272376710186622084e+01
3.743043033468706343e-02
2.562168885600982216e-02
5.035845847640892797e-02
6.816551857013694073e-03
1.015336181294154957e-06
2.943954753094676358e-01
5.125434562278069484e-02
2.752948131049962610e-01
2.178162445641703138e-01
3.755153188614786339e-03
8.258319684696338925e+01
1.365094746949537274e+01
3.617043373539099299e-02
3.492519664683787356e-02
3.790955972541203839e-02
5.226221037861170440e-03
8.637458438921823944e-07
2.624959475466350223e-01
6.720914232015472167e-02
2.395367674893749965e-01
2.387986970781701412e-01
7.165322232610453479e-03
7.858299941714524550e+01
1.358136038327961614e+01
4.023415186165971158e-02
3.305232393108170630e-02
5.020440379284863558e-02
4.017191723595778946e-02
1.757942745966294004e-06
3.321219347988995652e-01
4.654910877116553991e-02
2.489855295162172188e-01
2.451521965139283610e-01
2.826289460776819536e-03
6.266036922663419517e+01
1.346166150610487655e+01
4.403673322887197150e-02
2.621817260980521813e-02
5.479311427708136173e-02
1.820767538420215359e-03
8.314263314793098394e-04
2.856603019279884692e-01
5.448391633077850210e-02
2.490626072770880106e-01
2.581681215206855784e-01
7.336083296270813625e-02
7.413147280972953013e+01
1.617836110089236001e+01
4.611285581327789762e-02
5.016773196284574077e-02
5.603550896964636790e-02
1.229785021416167703e-02
2.571745139400348859e-04
3.370090525675492055e-01
5.429143978531773829e-02
2.488202533504811353e-01
2.411540673418926528e-01
6.205122991638327423e-03
8.089355601754189706e+01
1.312637329694305066e+01
5.119666356833697113e-02
5.255643748141135968e-02
5.592119537157862891e-02
4.221963554303089644e-02
2.127896442340518934e-05
2.896280315544391692e-01
6.337063945006149446e-02
2.344891712299883024e-01
1.637491900480288198e-01
1.274474506832639275e-03
5.298469687887508428e+01
1.140761190617734044e+01
2.445749482658540058e-02
1.782554479657369462e-02
3.717787030507281598e-02
1.756546805110805604e-03
7.144519152199923461e-06
3.051957707952388521e-01
2.563552380501466985e-02
2.441345961013477728e-01
1.635631901910578057e-01
1.516346564160303730e-02
7.138374338803224362e+01
9.650273084992107897e+00
2.320364224266894398e-02
1.167664230456122616e-02
3.273415998555302686e-02
1.710106507372487553e-02
7.740178236921743627e-04
3.203923015620640524e-01
2.788314401657363689e-02
2.565965314756076809e-01
1.462533218650492461e-01
4.087468905623758628e-03
5.108588393979909625e+01
1.195768948281803290e+01
2.339414938892757714e-02
9.068626959404772411e-03
3.226574095603197689e-02
1.367324855771654335e-03
4.283727173656771090e-06
3.117275014456989402e-01
2.758128558390113630e-02
2.273911549342364780e-01
1.948801595068602455e-01
2.603154332465060228e-02
6.072555232108819467e+01
1.294002325961509392e+01
2.120189538781805036e-02
6.695440060234931177e-03
3.847089097402085073e-02
5.754368452302364122e-04
4.028162458219136538e-06
3.115895228643517090e-01
2.409647133260751223e-02
1.945711773783253273e-01
1.484065130829511636e-01
1.024197039946207234e-02
6.237097477032745019e+01
1.136196960472361184e+01
2.336766571029132156e-02
3.044988813741119141e-02
3.685077924327428978e-02
7.649370384865424423e-04
1.465126498298238547e-06
3.193343709492944549e-01
2.969756180822079664e-02
2.517937764450134397e-01
1.875766159990464310e-01
3.890548575818921807e-03
6.029523131167415073e+01
1.007567398374110468e+01
2.564126406266917582e-02
1.083454618619462267e-02
3.667561237117143713e-02
4.037286163305420575e-03
7.897377955348739971e-05
3.114584354757400919e-01
3.187157347140328473e-02
2.417125801987548284e-01
1.661648844625698562e-01
6.671782442900149948e-03
6.098908047871095306e+01
1.318875513751386741e+01
2.811172087191009597e-02
1.624040592713158621e-02
3.642085773408619553e-02
1.054519359432021935e-02
4.844811584283236236e-06
2.580232813840205308e-01
3.286516644745712812e-02
2.569845699654297322e-01
1.452557261112533415e-01
5.183665353314722592e-03
5.189822475219605735e+01
1.184589806325604400e+01
2.551404523724812995e-02
9.251400549997332301e-03
3.385750250033474351e-02
5.545429976425505928e-04
3.039952714967450015e-06
3.389038926926453699e-01
3.063107169452004494e-02
2.546206191154771203e-01
1.504376838156576968e-01
3.542592326633371008e-02
5.493152909584571830e+01
1.412271209344801726e+01
2.909130814016987546e-02
2.052568526677025704e-02
3.852795083712515223e-02
1.012578090236212688e-03
2.409897294184909970e-06
3.227954603501442254e-01
3.453161853556302452e-02
2.508830398006308693e-01
1.505431763703174719e-01
1.218108010413294657e-03
5.572626920134916872e+01
1.125914369065802845e+01
2.853884467969508565e-02
1.872317517805229675e-02
4.067913317071017443e-02
2.415530452399948166e-03
1.713972304802454590e-06
2.850616742424325611e-01
3.433845576449633119e-02
2.591244156866810977e-01
1.546097263162781732e-01
4.068623067513039808e-03
6.146769192167709406e+01
1.105848853730145720e+01
2.680649877460191885e-02
1.941648660930539796e-02
3.609697775406416065e-02
1.367040277155169179e-03
1.368694085192623290e-06
2.443728867044504260e-01
2.491432817249038603e-02
2.823799970195260411e-01
1.454455564089897346e-01
3.949887120987344291e-03
6.333818795147205094e+01
1.234032636075216871e+01
2.724246566434220668e-02
1.965844707203596650e-02
3.833242772466800147e-02
7.677071871436361161e-03
9.789126119815315791e-07
2.688799336575426469e-01
2.719114166305134500e-02
2.310774654266925798e-01
1.261845204206283599e-01
3.998304431323864913e-03
5.874522315717853616e+01
1.271282731114864895e+01
2.933726486794940511e-02
1.230295554338553532e-02
3.747395280914421478e-02
1.216693608944844230e-03
3.699200894684260985e-05
2.665050594801878781e-01
3.341640764628302229e-02
2.434181766107303690e-01
1.656146515972769240e-01
8.748577802476923890e-03
7.079313865659766236e+01
1.248134967442504895e+01
2.484676587601644671e-02
3.220722064344958002e-02
3.463553231058665721e-02
1.842818573143221225e-03
1.476482827987311167e-06
3.028356909076473924e-01
2.725328894557683609e-02
2.635898933021067481e-01
1.828566303133916660e-01
1.010308855076199296e-02
6.063858590472464982e+01
1.003356381388490348e+01
2.785980892783222057e-02
1.556863873659182843e-02
3.961880436063826977e-02
4.356025331197942684e-03
4.705073064892735220e-06
2.953925099483666883e-01
3.139265996998406166e-02
2.574310617921152233e-01
1.622762815016531301e-01
2.404955121541012611e-02
6.925937832568163799e+01
1.178658761442257763e+01
2.626770616181297799e-02
1.459274506861741282e-02
3.566364538200129247e-02
1.395925235709795766e-03
2.058216045029843211e-06
2.588432053118837062e-01
3.740310528288308400e-02
2.118900270480417181e-01
1.599546926354118159e-01
6.067774786017064541e-03
6.698248620518648977e+01
1.189789922728050797e+01
3.241381920780861403e-02
2.371502612386713546e-02
3.577035523795893401e-02
1.213720167880428732e-02
2.854708944955364866e-06
3.314982552452143127e-01
3.235655467510877709e-02
2.309678563193028888e-01
1.888008073793777386e-01
2.064481097894590653e-02
5.028619485150773727e+01
9.356902898906417576e+00
2.973155620950383368e-02
2.330589755540766334e-02
4.219874303217136663e-02
7.305148029234232246e-03
4.517082284766475905e-06
2.838296580610713549e-01
3.793322010392441435e-02
2.279066590170111262e-01
1.719159268669525897e-01
1.532274436918110855e-02
5.785827441659689896e+01
1.236599489387882933e+01
3.358027157956938735e-02
3.328603650416248755e-02
4.258229692858903764e-02
2.577120517857317550e-02
1.396947343571676365e-05
3.357514118909072365e-01
4.185566350805249025e-02
2.235851261407806045e-01
2.056982943614838744e-01
2.618101031979381058e-02
5.924539402035378544e+01
9.725599340651791991e+00
3.924589271953648345e-02
4.453373999501666902e-02
5.267480774022004208e-02
3.805123811135899953e-02
2.220911086301470853e-05
2.882211101155392474e-01
4.315030768068754685e-02
2.288885682499731122e-01
1.545572533527163617e-01
4.348830471126606187e-03
4.883644406072116340e+01
1.042215835365917265e+01
2.554882854750150853e-02
3.252704847760502088e-02
2.762880752427439648e-02
3.606078818775746569e-02
5.592884385757241478e-04
3.044166388144721735e-01
2.102101611161471748e-02
2.408123913838395025e-01
1.244446753318160653e-01
1.200437591075092375e-02
6.287183579012774004e+01
8.280796202691513841e+00
2.444355815909184798e-02
1.992539176509623700e-02
2.647107733895726761e-02
8.455404371180504433e-03
4.271435197402144111e-06
3.200698901323968393e-01
2.085626433437319516e-02
2.451950816067582917e-01
1.193724098383894400e-01
9.037920212809118919e-03
4.020249951121494547e+01
9.290354121424504896e+00
2.262172440164212164e-02
1.504563199681601196e-02
3.820109724133272794e-02
1.552971018910640627e-02
3.047592200935388061e-05
3.115950157768342388e-01
2.357685022973200067e-02
2.167697460249204677e-01
1.596186389314585008e-01
2.828741396126209159e-02
5.727921882883057236e+01
1.040689977142994849e+01
2.347653669688265499e-02
1.441981042160919713e-02
3.315392712705355488e-02
1.096365624921031082e-02
3.509397706197757373e-05
3.108927960311862471e-01
2.586559291948687528e-02
1.802549930432978120e-01
1.498807342878842597e-01
1.917595714098591433e-02
5.478657262354074930e+01
9.535873231573441799e+00
2.456507056693647828e-02
1.615687816944922153e-02
3.545801248721326682e-02
2.108229200263934955e-02
1.256476094786402640e-05
3.192600928852929454e-01
2.376085730040517971e-02
2.384109733732410197e-01
1.646465842413810110e-01
3.848805819796644045e-02
5.147071499791346127e+01
9.132586522532552209e+00
2.383021293933685128e-02
4.024234851920892135e-03
3.437977656175131985e-02
4.157579457843026821e-02
7.635061513300476051e-06
3.114833256137357620e-01
2.450521796368765326e-02
2.265835107546158855e-01
1.488920423101094681e-01
9.771275882756324041e-03
5.534376430121888291e+01
9.832783782448524690e+00
2.484076444050993537e-02
1.921257063910087118e-02
2.982308049233604527e-02
1.841474375647423473e-02
9.373925197147116889e-06
2.582933367612820219e-01
2.240115446248917147e-02
2.491446918132615429e-01
1.595531072173227150e-01
1.101195172646541806e-02
4.609341793478783700e+01
9.964528403842120241e+00
2.715443845138964390e-02
2.192982549473608891e-02
3.701938292729475832e-02
5.875201324567741641e-03
2.460029931654820860e-04
3.391683016336030088e-01
2.226511192535760367e-02
2.309288865125578016e-01
1.150231949126731684e-01
1.158015365638292646e-02
5.498074170526867732e+01
1.056751889368826802e+01
2.180716388738043396e-02
2.430253687558015310e-02
3.621635784341799974e-02
1.707685638522129373e-02
1.380812033350221272e-04
3.228290327800711346e-01
1.909520481090835192e-02
2.334283034659515588e-01
1.294428945307086465e-01
8.137320771614289794e-03
4.914924569297102153e+01
8.859103710912854979e+00
2.293419187614273089e-02
1.579499237593758390e-02
3.131924434115807704e-02
2.033655919365809361e-02
1.142732937842153982e-05
2.857852710044309630e-01
2.015444624873003604e-02
2.333408155045287036e-01
1.336389784637069256e-01
9.152455744967431805e-03
5.073095597051202787e+01
1.063529235254680394e+01
2.123295910269320380e-02
2.866011284774479945e-02
2.875730647734520140e-02
1.265026231203862372e-01
3.296488377296257800e-04
2.438573321120809101e-01
1.796354510137418425e-02
2.663552039441110519e-01
1.542367765732949869e-01
4.280020444980956427e-03
5.322943545459353487e+01
9.076245549166422677e+00
2.674190469539769813e-02
2.324605157554683610e-02
3.588733498203754146e-02
7.994026076750208182e-03
7.282610982307210992e-06
2.690893661748451349e-01
2.309517184015137323e-02
2.208876290413358812e-01
1.459494760985422801e-01
3.691656378632726665e-02
4.745071315698004355e+01
9.178675271579404438e+00
2.394806203352625382e-02
1.257724418042670093e-02
3.813453535351386120e-02
6.366165688267470812e-02
1.420638188095498853e-05
2.664572564217820849e-01
2.418506890918467253e-02
2.208942538227533225e-01
1.558346655157631933e-01
3.403686772389921678e-02
6.656942154057315975e+01
9.802731913338746494e+00
2.370730281857933580e-02
2.304981163812370309e-02
3.518096869441522667e-02
4.164559187965845982e-03
2.025518621147407133e-04
3.015006568255905184e-01
2.072570264156516420e-02
2.503505423387979434e-01
1.479243651168007379e-01
3.312407539379175897e-02
5.204740803901858470e+01
9.086152825186173843e+00
2.492759722237068015e-02
2.323628633782429467e-02
3.589123833941441216e-02
2.139533065424839911e-02
4.886115702849228563e-06
2.959656262410771954e-01
2.468609792030236616e-02
2.468237571034106181e-01
1.688276403030638251e-01
5.278856707680797816e-02
5.667904588682787193e+01
7.682328409488462739e+00
2.665117267543635690e-02
2.090398072923350947e-02
3.056035229583540375e-02
1.021379719421437390e-02
5.075294370022536371e-05
2.594443839243627536e-01
1.898120868202912356e-02
2.009506750245324824e-01
1.764459083440399478e-01
1.576426847492690131e-02
5.425060261165977948e+01
9.026654066649655306e+00
3.491372961357135096e-02
2.527795348663778446e-02
3.746105352448796111e-02
7.642459818747776579e-02
1.697200757856908549e-05
3.333934044635434857e-01
2.582984449559446935e-02
2.268059770881757642e-01
1.619595535209925607e-01
6.006946212704886157e-02
5.177428226374756548e+01
8.246456289787078120e+00
2.880626848501875378e-02
4.148966978238877862e-02
3.905022300271433766e-02
2.597595452860553336e-02
1.117690931834112876e-05
2.840485251254028509e-01
2.850385835161269033e-02
2.233627923712343255e-01
1.659005261665873199e-01
6.893920881890649999e-02
5.215426169461606065e+01
1.121729132627799785e+01
3.490479748855972869e-02
3.742747811172195127e-02
4.090575982507277386e-02
3.684678451030801161e-02
1.608207657977073264e-05
3.368979725942687908e-01
3.932718712752354684e-02
2.059811334740940247e-01
1.796294150668239775e-01
1.381892154281381957e-01
5.122386556034466309e+01
1.246615216510747892e+01
3.678489248430198699e-02
4.096913846270201776e-02
4.212634711031399554e-02
1.063038458195034314e-01
3.157861672115998877e-05
2.893686507297094646e-01
3.630537625895141618e-02
2.136264818137942334e-01
1.305149955461179789e-01
1.593044384258951729e-01
4.785051400505565766e+01
7.557342278690107662e+00
2.705721819322845154e-02
2.989871444807748468e-02
3.747764386075795595e-02
1.367348712481099987e-02
4.548967419115194596e-05
3.046728682794633825e-01
1.774299727148941075e-02
2.422514408991020274e-01
1.403123377277318562e-01
3.882083049632855665e-01
6.025283413418944889e+01
6.987071088600131930e+00
3.200069265297701693e-02
3.810861914714906012e-02
3.914661371214989138e-02
4.426079751153678965e-02
3.846905597019768819e-05
3.201784912400615357e-01
1.973250291291920450e-02
2.458661706205109987e-01
1.471380416532189206e-01
4.138798027094259951e-02
4.205029749950030293e+01
9.093940724049232927e+00
2.898526507428420690e-02
2.786707156993106088e-02
3.153997714072402647e-02
3.818151555254963025e-02
3.441298277660700418e-05
3.115444226036391262e-01
2.172916277635738788e-02
2.047625837096966606e-01
1.311162381449149927e-01
6.822222634525151874e-02
5.048580271382144247e+01
8.315961632355381994e+00
2.981054031853613839e-02
3.558232370206017986e-02
3.954652511679983273e-02
3.461785037694599387e-02
3.982137193527591807e-04
3.112459757184423137e-01
2.315932720132123784e-02
1.710631063999578094e-01
1.511263140571768304e-01
2.040493335281945431e-01
5.370773497709782163e+01
9.710266373951046859e+00
2.526930718595172751e-02
3.663599990192609873e-02
3.412579320187756476e-02
2.124960016490032300e-02
2.169488790493845527e-03
3.195626015141189713e-01
2.346722205564377023e-02
2.379290050579090932e-01
1.432052300253803256e-01
2.930817784095922016e-02
4.986059318633634518e+01
8.132679925078528882e+00
3.035514177617803719e-02
3.926645342061912958e-02
3.939291750545177717e-02
4.310255857485576630e-02
1.031619308079025944e-03
3.119357960675790409e-01
2.111648766198430394e-02
2.199375061614205762e-01
1.514950808379854352e-01
7.561341513497039923e-02
4.666403827441951790e+01
1.030224557168723898e+01
3.009572837015477356e-02
3.017828750583901112e-02
3.481586340083470815e-02
5.618333703010672253e-02
5.537530345457745276e-06
2.582232469297336408e-01
2.070467364098827964e-02
2.563164251896862256e-01
1.424171297940014513e-01
1.553128572508493122e-01
4.669544913460835289e+01
9.813827227432213363e+00
2.724816168048973045e-02
4.942167145230509651e-02
3.862154239907781422e-02
4.888843962933585308e-02
9.744866709020265274e-04
3.396358554739939417e-01
2.522967129104403128e-02
2.255317202271356625e-01
1.380734609035166871e-01
2.528658091871127667e-02
4.414744530623578100e+01
1.034772132879406215e+01
3.040772552320097563e-02
3.836370766638720620e-02
3.656870954926212669e-02
8.316844816391665007e-02
6.453957460616909381e-04
3.227005960269740958e-01
2.412427753002908959e-02
2.219821997717937034e-01
1.375634041056922607e-01
1.421520023192065496e-01
4.891857754289409144e+01
8.827573705637316692e+00
2.800887445746387192e-02
2.973036016933045672e-02
3.549203281525745157e-02
6.036445662442030402e-02
1.002719522018729681e-03
2.857315015441442285e-01
2.145547343101945892e-02
2.345650060967812423e-01
1.389090433397642821e-01
1.806044913721742695e-01
4.540262926740156502e+01
1.013076114054314125e+01
2.785118977227434359e-02
4.382231255174517948e-02
3.944076926468125660e-02
7.592354886222295318e-02
1.357259112802382435e-03
2.439540661938147947e-01
2.603778110328605275e-02
2.641519235230146978e-01
1.421135132684518132e-01
6.018737903377022885e-02
4.385419645221182350e+01
9.328071588496356981e+00
2.757040988637783283e-02
4.402746387798706085e-02
3.851151601664300206e-02
2.986768003870262853e-02
1.525629361051397308e-05
2.691685525310830718e-01
1.939267727603275274e-02
2.120246821562926653e-01
1.356459531038693989e-01
7.310284335673408740e-02
4.939100070112950647e+01
9.201601040005584764e+00
2.835665383374000315e-02
3.571036499104460887e-02
4.079111362887042486e-02
4.775400819319905454e-02
6.177134573658732419e-05
2.673942763781019805e-01
2.152842335321962855e-02
2.176380525645491837e-01
1.668865367441939862e-01
3.752872456344540086e-02
5.835787264202155455e+01
9.516333159597504476e+00
2.628319284970581649e-02
4.186210599270680927e-02
3.368526780541602345e-02
4.709455295712410006e-02
6.879520838394072345e-04
3.020540904802435644e-01
1.754573926229155076e-02
2.325999894858920281e-01
1.654676099069622430e-01
1.417070076074847806e-01
5.665221675741028662e+01
8.547436335980318489e+00
3.176012581630694581e-02
3.587388976245027561e-02
3.815726203487765367e-02
4.011160831415433448e-02
3.369126579798757600e-05
2.958672019840831724e-01
2.309896598825678798e-02
2.484854471752133143e-01
1.631143743358716702e-01
1.087738580501779462e-01
6.715223215264389012e+01
9.424273380168775915e+00
2.617387464057638682e-02
4.378369990073063822e-02
4.046222734020242517e-02
4.975342114526634663e-02
9.118585211281333590e-04
2.591868012751700756e-01
2.432970571344713825e-02
1.897226084202739971e-01
1.745156378547276788e-01
9.465022508878884189e-02
6.167951401770407216e+01
9.738238897500492541e+00
3.464803116717137671e-02
7.226855624441988479e-02
4.471234938876404025e-02
6.353977591769610633e-02
1.290088722992770685e-03
3.326560708170448466e-01
2.692125914597884306e-02
2.222449413309513233e-01
1.827279849587876148e-01
1.447953801980292610e-01
4.998441160229201330e+01
7.537658336060758302e+00
3.743198632877886567e-02
6.558364875299024788e-02
4.726499673671482465e-02
6.278873964439091182e-02
5.783879398547644123e-04
2.834374161322021357e-01
3.097067535074991829e-02
2.362361447248267909e-01
2.100569885406640969e-01
2.463017425663006632e-01
6.324026083184487135e+01
1.154007443527383003e+01
2.889340310627242295e-02
4.640309261014791131e-02
5.239742858889138988e-02
1.312671821713386200e-01
1.288160804018658508e-03
3.358465872749464842e-01
3.506635906301101141e-02
1.956243251884964007e-01
1.922011388287752642e-01
6.202338210790151463e-01
8.080399248208708229e+01
1.202455002762057568e+01
3.279007254145940853e-02
5.503748819392163816e-02
5.636801469034427581e-02
1.750875031630266532e-01
9.501880488218840664e-04
2.899176570237013695e-01
3.296932021449060224e-02
2.127508233133612037e-01
1.361058593919755588e-01
2.080760839646853821e-01
5.019464094004039367e+01
9.550913340358302861e+00
2.532074326925989188e-02
6.406840733513025077e-02
4.374285172861444582e-02
5.913226076031415090e-02
1.456477338655719862e-03
3.048756641827437552e-01
2.070518415014852703e-02
2.323682134021972656e-01
1.714555503170706319e-01
2.661299356531111604e-01
5.270581034264444753e+01
9.902806154294108154e+00
2.869987106531673646e-02
4.460657190375075937e-02
4.555540617312424378e-02
8.345394497255378963e-02
3.994768058754934181e-03
3.199039510336357250e-01
2.382235230136435858e-02
2.499193121110757365e-01
1.524249808900930703e-01
2.284120337160197856e-01
4.997810557559675004e+01
1.013001622878926966e+01
2.697655726229630443e-02
8.718908773845245042e-02
4.918275582400919582e-02
9.364040258765916891e-02
1.789608533223033260e-03
3.102839479915024956e-01
2.407815317652668707e-02
2.135482204931215267e-01
1.696691359369658647e-01
3.731490228320291647e-01
5.240854297076645452e+01
9.191480694658674011e+00
3.427259986786425350e-02
8.086328371012507787e-02
5.244058180425786864e-02
6.174097669367020758e-02
2.617929645914393328e-03
3.108787489047805108e-01
2.354577977945314371e-02
1.790177698510270199e-01
1.740245060818268741e-01
2.434056639405001721e-01
4.897916981843580686e+01
1.067386851764842604e+01
3.503604780046689487e-02
6.331867446103368879e-02
4.362450785173050544e-02
8.209256986734353445e-02
4.007790418445731848e-03
3.200087306699844203e-01
2.797834757952341947e-02
2.454328387946867196e-01
1.772508827700883527e-01
2.822215358921094652e-01
5.365944963394966294e+01
9.880838657249785939e+00
3.327345600193932357e-02
4.379970919120269868e-02
3.729854146515780566e-02
7.572329304074008893e-02
7.371193989239814689e-04
3.122377289750115636e-01
2.100532842369099915e-02
2.056977102150574221e-01
1.708459700171007511e-01
1.607760306770475711e-01
4.894342197661742944e+01
1.069360442188594007e+01
2.559724129853045704e-02
8.215753285243730664e-02
4.677776183697706508e-02
9.969528466667447464e-02
4.548065120097461063e-03
2.578169637693859539e-01
2.504223285159954196e-02
2.555360731817971631e-01
1.746855105090537041e-01
5.493555484841786685e-01
5.747128252383613045e+01
1.072341545601601887e+01
4.432615777164500281e-02
1.977797308328834922e-02
4.857660209740456009e-02
6.308181020057988808e-02
3.096186561841397095e-03
3.390672204935084033e-01
2.784969382785737468e-02
2.183280083103229796e-01
1.606386768431675161e-01
1.110656760450623864e-01
5.727136259663861750e+01
9.371375984199675102e+00
3.625529259786453018e-02
6.139604162010241228e-02
4.926339838518736802e-02
8.320562382516787092e-02
3.853457849692487613e-03
3.225004909129773889e-01
2.636828682005298505e-02
2.270783994074412893e-01
1.525125872193136278e-01
1.736942026372861325e-01
5.185200118041024098e+01
9.279348069768229124e+00
3.408101588124966969e-02
6.397083750150836523e-02
4.744471480879548786e-02
7.382441772733250307e-02
3.219786860397033657e-03
2.853317282001735511e-01
2.795647295563663884e-02
2.298389542781952288e-01
1.705952644874185464e-01
2.678207169361321305e-01
4.656920521681401226e+01
1.061770283367066980e+01
3.086604390391642708e-02
6.902723172947340669e-02
4.633428447219396784e-02
8.941601213440296403e-02
2.052058441448189469e-03
2.443627740191895159e-01
2.872454026869272758e-02
2.539905750738459256e-01
1.746421031255452616e-01
3.884806595231826698e-01
5.319482636984800905e+01
9.677349805120330828e+00
2.829491883097124544e-02
9.382487111090857812e-02
4.995545444493761783e-02
1.375397358094976319e-01
2.432260786362762991e-03
2.694827582217272921e-01
2.513597128096015793e-02
2.092128793566625233e-01
1.696724663177826553e-01
5.181326819735809774e-01
5.973965911416548380e+01
1.037142493108520114e+01
3.412631090864478439e-02
4.203164621600442158e-02
4.981591878251252076e-02
6.262509608431558739e-02
2.786670890140522262e-03
2.664460621793756090e-01
2.906545703499344158e-02
2.132264188600583588e-01
1.662365763649492900e-01
2.730271864552509808e-01
5.926199970770014147e+01
1.228889876083963983e+01
4.056131894670203519e-02
7.147022341472000773e-02
4.101257545507825536e-02
6.357173247462753751e-02
4.122306249467196961e-03
3.025571094874334177e-01
2.797937094990628551e-02
2.401439609060590508e-01
1.800162186005157816e-01
4.098605609533698679e-01
5.898566047427016912e+01
8.994291403655475747e+00
3.619995009225850796e-02
7.774726582467941793e-02
6.256734924058895975e-02
1.233967547977318918e-01
6.011849058528186953e-04
2.952979873500543029e-01
2.975060794385990873e-02
2.353060258215851075e-01
1.561148020275656134e-01
6.674220989783290481e-01
5.833520425975728330e+01
9.735575844202656981e+00
4.045138598258526952e-02
6.452819172390464320e-02
5.627128768609605813e-02
6.502017610597855823e-02
8.781379333737071580e-03
2.590833659506900366e-01
2.561441629938529876e-02
2.072608668991122449e-01
1.868370777549383521e-01
6.709133648105992664e-01
5.833188765302785583e+01
1.255484293198952450e+01
4.309781147351157693e-02
6.023592282782076757e-02
5.223286521408797983e-02
9.386553479325160376e-02
4.218192700130490858e-03
3.334584051399505089e-01
3.819927146497242854e-02
2.347416224291271336e-01
1.940047292415972013e-01
4.105660276307012690e-01
6.861534739351409939e+01
1.265260834426515579e+01
3.991820900866624444e-02
9.638045465256638022e-02
5.786778653801149391e-02
1.337772610245475668e-01
9.701523965604374328e-03
2.828880659897562433e-01
4.342662120774724160e-02
2.386242811252373697e-01
1.972321946798093195e-01
8.546395313224367518e-01
6.990808735715351929e+01
1.439918047159151371e+01
5.331252485882644054e-02
7.999227568735339799e-02
4.385896230897002451e-02
1.075487370771050222e-01
1.123609333042771032e-02
3.354933456403638159e-01
4.208449474961158121e-02
2.117555721724781181e-01
2.163059624981887863e-01
6.432122782202721600e-01
8.755118771737890881e+01
1.257867781223607473e+01
4.107857517263716063e-02
9.249983852087402536e-02
7.028267337547670912e-02
1.974604428223329933e-01
1.406035617818304426e-02
2.897421650451525443e-01
5.055139561863203346e-02
1.993696101795809916e-01
1.502386790188331434e-01
2.066832531481028745e-01
3.603875953098773266e+01
9.424564219307400847e+00
3.579340649844392486e-02
6.891165501590393316e-02
4.749170202111899219e-02
5.839302919228709504e-02
2.854142847341643082e-03
3.056676679890439341e-01
2.073471592886901721e-02
2.368672731034844325e-01
1.342336493968014910e-01
5.344863170280299558e-01
5.450584919200785095e+01
8.665288446515692300e+00
2.963079874991878318e-02
5.397800332645068255e-02
3.959788552223442171e-02
5.431625866484775939e-02
4.088485384341762618e-03
3.199022863639368608e-01
2.040219102031156848e-02
2.544680855215810666e-01
1.579064273556814446e-01
3.101813228003653111e-01
4.394243513633180953e+01
8.247029509906221634e+00
2.901806807598160398e-02
4.617669018105122897e-02
3.939033937616132075e-02
7.916612309681742010e-02
5.241003429342411604e-03
3.116358674035488163e-01
2.307502698874369998e-02
1.981843405544539694e-01
1.719461313284267878e-01
6.153366122805707938e-01
5.026351226990212950e+01
9.823849023650348400e+00
2.571321303301815631e-02
3.587582185493608244e-02
4.243268665529192213e-02
5.225995298301285008e-02
2.929919315100974406e-03
3.126371061997276213e-01
2.047372453193065100e-02
1.661501806574368911e-01
1.289801116494045108e-01
2.477765090789116886e-01
5.022812591419572215e+01
9.425862508853890986e+00
3.058411597083727368e-02
6.080912070646707357e-02
4.988376274342963546e-02
1.184286249205344921e-01
2.417613115288039845e-03
3.216390762508357648e-01
2.245794168635863175e-02
2.565362534371588565e-01
1.570883010642669386e-01
2.039596838274486956e-01
4.650862563786269277e+01
8.980719461431695194e+00
2.691140276045663957e-02
7.988673638829672796e-02
4.731743917222656914e-02
6.314850649856348919e-02
5.679190081213077255e-04
3.117549321161134368e-01
2.386119500875714949e-02
2.038083218679233866e-01
1.493172505525616756e-01
4.920394199506890609e-01
5.465945980799475734e+01
9.557853203861775171e+00
3.231687401546356336e-02
6.514658725305895459e-02
4.513626991761034157e-02
8.245519153337119156e-02
2.182447752048261892e-03
2.593169761785604766e-01
2.453938810621357144e-02
2.500038429493539605e-01
1.783071223669032979e-01
3.645029140030538461e-01
4.793671091538673323e+01
9.417485049947421416e+00
3.077848235457072978e-02
4.259090344451259280e-02
5.669891247203902307e-02
1.059907565960169495e-01
3.689620298023988960e-03
3.392454420894855938e-01
2.272693526653823612e-02
2.154617254311878283e-01
1.252991470596256929e-01
3.695453500952489700e-01
4.220907094663319015e+01
1.097811291580383575e+01
2.697671123898526258e-02
7.369512117164910003e-02
4.887104279076288915e-02
7.812059498643962596e-02
4.937934294760351270e-03
3.223964061411868087e-01
2.622071985582976467e-02
2.228206753237767235e-01
1.417986857273128287e-01
6.974881183826773245e-01
4.856965060681518764e+01
1.031294147070197909e+01
3.694653667618121723e-02
6.625059696972970813e-02
4.827131670483109094e-02
5.668894061027249243e-02
4.952487979716578906e-03
2.853106597390132615e-01
2.921655130929343147e-02
2.057563816921892386e-01
1.519847199210298538e-01
2.660721816416337648e-01
5.270317728101512955e+01
9.686752052574735927e+00
3.166234730432437167e-02
9.573305081893916657e-02
4.985305544736917671e-02
7.584474791881175293e-02
2.763051308976422881e-03
2.428870504542971764e-01
2.437588932438370173e-02
2.413920134923460414e-01
1.710227147620791421e-01
5.097921530710483040e-01
5.399031529601222701e+01
1.115356826650761057e+01
3.715931598385827789e-02
6.828044648230409408e-02
4.780328463273788436e-02
1.031360811761886931e-01
3.445599410732256077e-03
2.691323841758213598e-01
2.696350477404080986e-02
2.261880092924696828e-01
1.435953912913565944e-01
1.967397874709665151e-01
5.658683466850733623e+01
9.354013346126567541e+00
3.535793334537788712e-02
4.771129838344971563e-02
4.640769150201601995e-02
1.101761417499680790e-01
4.910384680618454234e-03
2.672857132188452001e-01
2.652914010986005128e-02
2.306112719386440024e-01
1.797684671102067477e-01
6.200205784822166999e-01
5.212895520345985290e+01
1.113250191771113329e+01
2.975961204857934320e-02
4.789849452666569002e-02
4.233663858567211086e-02
1.256966920769448937e-01
8.009489729660874968e-03
3.025739710144977890e-01
2.693229178701238985e-02
2.370623003836120901e-01
1.609257422130470072e-01
5.329819406533610193e-01
4.835590157350210916e+01
1.077368350797837593e+01
3.917686059744484445e-02
4.841443972037112742e-02
5.153643679429999180e-02
1.436381758142450948e-01
1.272091299000333020e-02
2.939845043498737209e-01
3.146943088025784541e-02
2.520659901617301468e-01
1.627872007854286318e-01
4.075461342724291947e-01
5.182579176759781348e+01
1.051524590626355504e+01
4.180619614624555419e-02
1.038098476595454567e-01
5.423327122376573467e-02
1.044612715588644630e-01
5.619651900382662338e-03
2.591354329787908251e-01
3.951147989878304317e-02
2.022654940011934799e-01
1.611034210492167384e-01
7.333641387663416555e-01
6.787643292628209224e+01
1.211575336808491343e+01
3.862535917072579261e-02
6.269596194397572542e-02
6.329698909384148808e-02
9.740115844570108872e-02
1.207827042176139003e-02
3.329633316021775591e-01
3.979775038936507470e-02
2.296154435950572004e-01
1.704950622441135100e-01
5.456446534705109430e-01
5.269197323007711731e+01
9.836787469129969708e+00
6.224630924764321116e-02
7.432458023269761238e-02
7.091496882733323848e-02
1.359200604762224873e-01
8.349854372985847373e-03
2.836438136003645583e-01
3.529894581664346637e-02
2.398527361787967382e-01
2.028798259765091927e-01
1.686256173298246841e+00
6.881421843752927714e+01
1.075333428796027135e+01
5.490546639816629160e-02
1.358206308166021170e-01
6.473927186578065651e-02
2.211614340790218625e-01
1.798931284104909531e-02
3.362024851694259686e-01
4.881925667554692233e-02
2.036308046873594735e-01
1.625407336160257787e-01
1.527575460326994650e+00
8.157315331277276016e+01
1.288310762085599492e+01
5.452764433766378593e-02
1.053580216881460363e-01
8.239406714450735192e-02
2.153420991666513684e-01
1.875902883660891460e-02
2.886490687528210919e-01
6.154916239494858526e-02
2.171117134145267857e-01
1.277535756940066380e-01
1.288537819356739833e-01
3.957599679070219878e+01
7.325873424432799652e+00
3.335058013535969340e-02
4.303339917038310342e-02
4.135440553350115678e-02
8.748015502394597409e-02
2.176347207948127818e-03
3.072140151163052502e-01
1.736151034998916973e-02
2.431574083658868957e-01
1.452145874187849850e-01
3.664935378087274542e-01
4.428346305693415985e+01
7.144770274490821471e+00
3.432779422926422047e-02
5.956284532584890656e-02
3.817510260500625585e-02
1.085860795257220929e-01
3.676105256052512350e-03
3.164406800793544972e-01
1.908880226026256344e-02
2.452053804146222815e-01
1.332272842794647860e-01
1.559910459759168144e-01
3.691820817434095403e+01
8.029562043962693352e+00
3.090745021786879543e-02
4.567843419506201208e-02
3.623973910390916597e-02
8.847953391428430014e-02
3.032152786087797484e-03
3.130955577179672100e-01
2.234456612067499404e-02
2.120105801137165680e-01
1.269966070022587323e-01
3.126826001180356140e-01
4.459008748400733424e+01
8.517782656333343638e+00
4.167485282312158312e-02
6.273425848481566092e-02
4.364840873642608643e-02
1.307426216504822547e-01
4.837193940840834976e-03
3.178471616129273647e-01
2.526242131019309015e-02
1.584570935255106561e-01
1.330171292475244293e-01
3.319095304360369925e-01
4.571629124229309582e+01
8.219958890684871733e+00
2.683186547784318157e-02
4.718314455203049401e-02
3.707230914907372332e-02
1.318435538272966501e-01
4.246870604373916176e-03
3.263748608371317417e-01
2.355509254867332869e-02
2.497780764857691072e-01
1.675339768907763982e-01
2.155530215726241816e-01
4.597206728316128022e+01
8.606140164800427428e+00
3.576823055653621797e-02
5.557739211006576530e-02
4.314415408422880155e-02
3.903532672231770778e-02
1.608095331135584805e-03
3.121723508456273333e-01
2.431440848235543600e-02
2.098543644557002985e-01
1.379728692039511873e-01
3.870241589158935902e-01
4.482424210701271505e+01
8.746383203118652361e+00
2.916156887468782447e-02
7.789670140265375631e-02
4.266954398322510278e-02
7.987412751094813412e-02
2.168603352956246979e-03
2.644675197625747654e-01
2.621352152964250698e-02
2.423265005758864499e-01
1.502814081274106428e-01
2.832878152638586000e-01
4.581096013781212406e+01
7.791914819832346240e+00
2.835523389460883545e-02
7.351381639085849407e-02
3.180481211010969395e-02
3.670679560167229571e-02
4.109880366252031091e-03
3.355949007560766750e-01
2.007767140906931494e-02
2.049822019981480947e-01
1.801664103359157110e-01
5.201495367658137692e-01
5.077927481034818413e+01
8.646404759654416239e+00
2.362810783599412351e-02
4.866436737394840006e-02
4.001187332818550296e-02
4.430242350559382425e-02
2.192414524930918346e-03
3.320371765477719284e-01
2.502108270766903453e-02
2.174133294987653509e-01
1.689786641881180773e-01
5.345576878574084118e-02
5.020404096407730776e+01
9.642952403584414967e+00
3.381223446054820031e-02
6.726921108997736820e-02
3.699707057708127161e-02
4.727604369136231138e-02
2.892361259940800199e-03
2.827525656282121047e-01
2.481654555155749994e-02
2.133859548595974931e-01
1.331199638697485310e-01
3.614831048533852509e-01
4.772878215302325344e+01
8.831266147742281802e+00
3.126268672395090403e-02
7.684710261101809770e-02
4.232651291302697710e-02
1.192325556585202839e-01
5.488017788556946719e-03
2.481498001870067194e-01
2.424859531518289493e-02
2.493017817789526525e-01
1.593368442982771582e-01
2.166769765685620519e-01
4.996360693217675220e+01
9.738086931609130303e+00
3.754954687050433837e-02
7.950544480956232840e-02
4.809551062510037528e-02
9.760623229270039281e-02
1.181686056386040086e-03
2.639276974361008943e-01
3.302961810896893474e-02
2.246931235208990130e-01
1.666202727092456204e-01
4.941759809554620020e-01
4.868138451260190180e+01
8.512566201652123965e+00
3.047043634823876773e-02
8.126773137348848597e-02
4.225983352129956960e-02
1.046002058825940689e-01
5.818068256637329468e-03
2.819731041862813536e-01
3.940850120677906465e-02
2.211306893869396661e-01
1.375774607339575739e-01
8.599195692919748835e-01
5.749398375473725764e+01
1.172109032726123523e+01
3.689458076490718941e-02
6.321172253854637213e-02
4.136609127210782305e-02
1.175637156565987190e-01
5.656284185827922632e-03
3.089525123890454750e-01
3.750671356238886173e-02
2.549054254017732446e-01
1.335408699065218918e-01
8.188518849335342242e-01
5.583810728980341764e+01
9.423715644417187676e+00
4.720114693671890321e-02
9.424663056648346915e-02
5.144157119378539589e-02
1.598950515863137301e-01
9.693067751153243428e-03
3.178041728623391959e-01
4.258663306758440903e-02
2.563957286771133548e-01
1.771552676186543829e-01
9.242615453701462647e-01
5.485956314586245952e+01
9.505614037435334396e+00
4.471261124294505229e-02
4.359992149036485964e-02
5.342646735407220043e-02
2.112160464141892569e-01
1.586542600376106282e-02
2.800098248649943167e-01
3.758943481251218049e-02
2.146190183675058816e-01
1.806218687838007930e-01
7.107989930757220298e-01
5.500293829080417396e+01
1.035462580040942981e+01
4.909104659713807439e-02
1.509616108719449568e-01
6.182906817051044696e-02
1.675711223969152119e-01
1.392380700490116092e-02
3.567741704695374660e-01
5.010852016540146697e-02
2.246887947115550344e-01
1.760700469499840159e-01
1.309325354624637949e+00
6.626541073195271281e+01
1.167330734067367359e+01
5.173098486035784122e-02
1.127351155502509389e-01
5.834652052131382438e-02
1.911515278212730373e-01
1.571756008015012460e-02
3.058547889235744277e-01
6.055963815386080501e-02
2.331857038207180155e-01
2.005176975007598450e-01
1.969613963496358977e+00
8.207219092863262233e+01
1.305768118329001837e+01
6.874951197951328918e-02
1.380604495720946234e-01
6.547378197930235622e-02
3.201596040600010462e-01
1.733462802089083890e-02
3.566222380587226182e-01
6.483411721614827650e-02
3.227176116053105948e-01
1.698722815552656529e-01
2.135910841335128207e+00
8.964991051586973470e+01
1.314975156578662308e+01
7.319887519376457041e-02
1.485536304259211238e-01
8.121300743487061546e-02
3.414758754847255773e-01
3.090605562816004653e-02
3.407688655450979431e-01
9.375443615331960356e-02
2.103702860983718559e-01
1.345923221359535404e-01
8.025126739459811365e-01
4.354757764313252721e+01
9.965022829227184076e+00
4.529967805335059078e-02
4.881968578291755179e-02
4.952941176638221005e-02
1.294572042801225287e-01
1.017701273388922981e-02
1.352710749797891232e+01
2.290056957092776249e-02
2.211556757340455426e-01
1.865979006404072660e-01
7.405612437725144215e-01
5.112601480284300948e+01
1.071140922617991187e+01
4.499803984065933737e-02
5.261259595858532034e-02
4.797303197324573332e-02
1.878875931040934200e-01
5.981099800147868240e-03
1.638195776773590850e+01
3.369223406943733928e-02
2.509955875986256690e-01
1.467224670684750543e-01
9.105641857996915611e-01
4.115827982279481034e+01
9.434710268270540823e+00
3.471078945166014562e-02
1.123309768701788586e-01
4.935121574405516159e-02
1.375822536611013280e-01
7.543620022388728905e-03
1.378260280846590646e+01
2.608107270253688659e-02
2.221530601920062853e-01
1.406071973044845935e-01
8.066728406207565039e-01
4.888528637290333734e+01
1.173291364199327269e+01
5.152790919424726085e-02
5.526973638870921746e-02
5.270454629300080907e-02
1.119153290602627054e-01
5.634057044202637685e-03
1.341179085907103641e+01
3.582249497487955542e-02
1.979317368467267135e-01
1.548152574326859821e-01
6.664407428382274068e-01
6.878500255294676435e+01
9.787575582806718799e+00
3.532017330960280505e-02
8.967715131299339171e-02
5.347965955984720909e-02
1.210924771519898413e-01
9.965116190875790425e-03
1.384856374662898482e+01
3.815418672963596936e-02
2.592839444500361634e-01
1.553316530889266578e-01
1.041785222196091043e+00
5.504334058388895556e+01
1.154003161096817465e+01
3.924223264179699938e-02
8.567733646924063917e-02
5.245549443751275354e-02
1.244445610468962182e-01
1.083048348397822047e-02
1.453267249234967018e+01
4.471741581655862968e-02
2.470664360270720672e-01
1.499280705069452879e-01
9.178798313371299145e-01
5.368283687139135907e+01
1.129326114820140603e+01
5.554143098082000435e-02
9.024800796872413378e-02
5.433622823464073076e-02
1.548096132709128048e-01
1.104521742962697416e-02
1.555228304050397270e+01
5.033421794753255296e-02
2.547757182072941107e-01
1.866417462092523349e-01
8.036297921433732672e-01
4.970323553141452066e+01
8.919377815452456559e+00
4.870813337944279731e-02
5.900298890956994641e-02
4.471978446659355400e-02
1.313981273036070874e-01
8.769826402891043107e-03
1.997875834240463178e+01
4.675045678577369884e-02
2.117359573666243444e-01
1.614558830640967224e-01
1.236735070823029137e+00
4.852763309864536723e+01
8.740971688779263005e+00
3.606002210912689909e-02
9.691515213519522054e-02
4.730385590364967474e-02
1.559887012508305026e-01
9.726001031458668747e-03
2.035045885050432091e+01
4.959807399681059881e-02
2.329864461062561010e-01
1.462679114135833347e-01
7.457670477494418027e-01
5.533417495297134536e+01
6.851299204097692552e+00
5.189708688600516012e-02
7.205543796174215809e-02
4.835900321906771993e-02
2.173354195009117584e-01
8.812872345578991878e-03
1.647152814993930292e+01
5.035085171087253647e-02
2.094237103460755978e-01
1.555711583512208729e-01
1.122444634804968588e+00
5.483172725711870754e+01
9.936903875318845891e+00
4.514486098614466092e-02
1.067702999172241152e-01
6.694398407564672304e-02
1.699789764066305386e-01
1.297136506944826344e-02
1.700288496992598297e+01
5.171913317830096474e-02
2.492134972296637385e-01
1.240614861783438522e-01
7.053103170549609446e-01
5.969269304961990485e+01
1.305717418330203650e+01
5.864241949395868070e-02
8.550937613333985110e-02
4.302586137593880644e-02
1.813623459531165938e-01
1.207716645656372288e-02
1.649175554293711343e+01
5.700830235398499785e-02
2.148357472641939381e-01
1.684474964450800860e-01
7.052588912284872835e-01
6.444163378432777733e+01
1.106483754908434491e+01
4.999465477716806550e-02
1.278571413052975447e-01
4.838160237381814582e-02
2.172995429798475209e-01
7.579227507604945936e-03
1.985420049728348957e+01
5.382235276756050513e-02
2.426162843080514886e-01
1.931192739522641644e-01
1.238103902662232469e+00
6.383531419599011514e+01
9.788480248112419346e+00
4.348033451601886895e-02
9.277612365623683077e-02
5.476422482508744999e-02
1.711208406343525390e-01
1.669392565638086467e-02
2.048130466952583362e+01
5.953163746342817614e-02
2.583017454894312448e-01
2.264198751342862970e-01
1.123549380247188090e+00
6.902113325462812554e+01
9.777608330751435872e+00
5.026896321690194763e-02
1.362951221080951347e-01
6.458915500085339600e-02
1.884298658440926033e-01
1.509292690118117092e-02
2.402480295271215738e+01
6.271150930536649459e-02
2.601636930522825963e-01
1.811389678313485574e-01
1.798504963091902109e+00
6.462845033399615602e+01
1.074318419078010933e+01
5.378317297302101507e-02
1.625575512152055424e-01
7.695180653987861163e-02
2.344085008682516569e-01
1.816124768337274223e-02
2.349986517015487308e+01
8.398964042138333530e-02
2.148556221804108490e-01
2.119317310489690631e-01
1.675702269621459628e+00
8.106355308275999505e+01
1.092251633716030312e+01
5.223264488387315690e-02
2.565007162289697495e-01
5.093015989606900634e-02
3.087724956927925257e-01
3.753171681315943531e-02
2.468151633585986460e+01
1.042586990795780350e-01
2.751758086604989550e-01
1.828520481099234207e-01
2.244478315164055271e+00
8.873309142013950179e+01
1.410857259319771906e+01
6.551779400970819678e-02
1.871950668482125213e-01
9.507591326619239946e-02
3.455326816347055741e-01
2.402655867306702220e-02
3.390426778981159117e+01
1.317552336790076273e-01
2.578556729415157900e-01
1.935433258376398902e-01
1.346794607988531123e+00
8.814863540442381407e+01
1.406875903477109624e+01
8.924826180421559230e-02
1.983786120970998934e-01
9.890380170119240921e-02
3.399300382713939528e-01
4.512387331153840109e-02
4.545229079102741565e+01
1.196253311136544345e-01
3.115890672591163923e-01
1.274278508204160776e-01
2.343278238022934001e+00
1.291226854409418934e+02
1.449226720400414514e+01
1.117607237746823107e-01
1.752986030790152361e-01
1.293131760463170910e-01
4.747265676401815626e-01
5.223757105224981212e-02
4.875032075070427595e+01
1.498708681242201246e-01
2.300153558471855764e-01
1.818694849768379140e-01
1.882616139983303682e+00
6.290425066487336636e+01
1.170785033503541506e+01
5.894297341754729108e-02
1.025426008361037117e-01
7.641825482455433249e-02
1.396675598083841341e-01
1.437424137492237033e-02
3.954071892797821306e+02
7.277356701957418683e-02
2.439391239702339842e-01
1.659910631353692934e-01
2.728324832423989044e+00
6.844992589207683409e+01
1.183415963025534268e+01
5.284212492670806172e-02
3.874850959987739124e-02
8.200159991918881675e-02
9.928413837211262638e-02
1.816795275941351234e-02
4.145247850892532142e+02
7.305823453005311219e-02
2.407888430807970659e-01
1.083990885259852738e-01
1.217698787088979717e+00
8.341447729228961805e+01
1.036340087608757266e+01
5.508880104764726088e-02
9.124902769136750136e-02
7.177133015319707432e-02
1.701936226845282008e-01
1.970950986833087601e-02
4.123925767309123103e+02
8.323484685027672525e-02
2.359535826330362573e-01
1.367628454180504216e-01
1.258464930651660207e+00
7.210308348095013287e+01
1.035425185626130329e+01
6.834038336464051677e-02
1.087671852488376889e-01
7.771340644376058260e-02
1.174983306073645456e-01
1.069173368857756316e-02
3.621085742312273510e+02
1.057950697685904051e-01
2.138816146992579825e-01
1.225392337805990550e-01
2.373165787498098478e+00
7.571785260604718815e+01
8.793929744010865690e+00
5.820379159233814159e-02
1.220957723152760049e-01
7.689184535747224658e-02
2.529965923284982487e-01
7.754046296036866577e-03
3.879541988423032421e+02
7.496696750781839391e-02
2.639036226008693031e-01
1.079643760168254446e-01
1.838768212337259067e+00
5.973811306492028450e+01
1.043662047854491881e+01
6.946273083842065266e-02
1.135040005199437069e-01
6.371055041492454385e-02
1.713863884527477288e-01
1.815783547454595526e-02
3.951229902924394537e+02
1.035609999639202083e-01
2.459606866694982186e-01
1.145662552797066247e-01
1.924250521349500254e+00
7.617380494947923353e+01
9.893636574481112334e+00
5.972941008950240910e-02
1.631034378376611249e-01
7.995339208033427902e-02
2.763571122796827373e-01
2.527862000210514062e-02
3.812053723728939190e+02
1.095873816972898346e-01
2.508163368967240570e-01
1.270132611665157896e-01
1.804449425128325624e+00
7.555954913192708489e+01
8.337425290502293862e+00
6.201593388478006397e-02
9.678903128521598731e-02
7.462072294036778408e-02
1.850667717880133123e-01
1.619594388214043099e-02
4.133546988527291433e+02
1.163378344902112477e-01
2.656220600083700201e-01
1.308055290261364023e-01
1.355733353593513879e+00
8.647808839454310714e+01
1.204059742463349458e+01
7.328691952861927927e-02
1.767032219604931509e-01
6.343479164731968822e-02
1.430365312025017044e-01
2.714650898341109536e-02
3.672829109686626339e+02
1.241088745799512616e-01
2.424676846557277388e-01
1.582317830206421971e-01
1.542868189015026870e+00
7.483960720302735581e+01
1.110899567383634867e+01
5.863346698107608362e-02
1.325044311383709039e-01
8.323093578571351403e-02
1.593416522559586435e-01
2.606480975552865828e-02
4.032917058421369916e+02
1.838819722506534471e-01
2.523058177280430581e-01
1.453710342123943622e-01
2.054411977106699094e+00
7.617741811069873847e+01
1.007019656120551687e+01
5.376197303342816758e-02
1.290121722002076088e-01
8.277484775259195959e-02
2.111502407630340972e-01
2.403694889687633951e-02
4.399729987037356977e+02
1.828995764943569247e-01
2.745696732839816301e-01
1.459212558099438894e-01
1.976328964806591371e+00
7.966529396419170439e+01
1.222589174463822737e+01
8.014621214502412605e-02
1.164901662528018550e-01
6.392203933679106720e-02
2.315116772763014530e-01
2.952622373927375060e-02
3.683940947308291811e+02
1.475752516398510239e-01
2.465965876765832399e-01
1.179907969123304562e-01
1.751333877403126404e+00
8.554704519452492661e+01
1.082852982738036829e+01
8.777437725948321334e-02
1.907399360424244517e-01
7.507465260039550281e-02
1.846332645885647994e-01
2.670395013117716002e-02
3.575620068429201979e+02
1.601687841042324645e-01
2.517930391739454654e-01
1.757147234904813116e-01
2.943324815736574784e+00
8.723992465159830090e+01
1.187793834054840048e+01
5.816099645491300263e-02
1.720788677589415172e-01
6.888696506775930650e-02
2.703677711920356996e-01
3.772917877811530346e-02
4.414934665235415991e+02
1.806344384258688207e-01
3.057579239220298839e-01
1.423391065735817862e-01
1.755720677478112002e+00
8.779332839820008871e+01
1.267688117470346221e+01
5.319125764053356242e-02
1.849231969025767752e-01
7.122767816957921438e-02
2.492830711634937413e-01
2.965320398744080224e-02
4.159138494384633873e+02
2.194009348227702050e-01
3.796853948655371513e-01
1.642989050970836973e-01
2.582733964206321620e+00
8.622340293287344082e+01
9.344566388070365548e+00
9.280897857700308451e-02
1.181977147135635647e-01
8.951479721672983558e-02
1.812425985765883651e-01
2.569441216552462159e-02
3.977680456146906067e+02
1.997330347952198382e-01
3.805285046023267892e-01
2.271697461318275824e-01
3.671986493530323692e+00
8.692274828583407498e+01
1.288804527281926049e+01
9.272099307666446799e-02
8.916377111391671217e-02
1.101011762628682500e-01
2.457261738413996088e-01
4.440764634077126044e-02
3.670619284320869156e+02
2.592262148658996401e-01
3.293369954012853595e-01
1.869288451754890223e-01
3.193163180988732197e+00
1.212037464236338735e+02
1.813181417401489171e+01
6.068655951808417381e-02
1.361332323510887343e-01
1.171417524900177920e-01
2.967462008270882468e-01
5.447689706012964761e-02
3.002255570460636136e+02
3.277126725324383538e-01
4.059252914778782029e-01
2.019143309689137855e-01
4.212351272556540849e+00
1.217710933582494164e+02
1.351907024949880132e+01
1.331829017171040352e-01
2.135182206528876692e-01
1.618532363865732293e-01
3.627270409517218686e-01
6.686753452081531379e-02
2.572419557838521200e+02
3.546842723733287239e-01
4.975202766833811130e-01
1.551410344839146971e-01
4.616529003129925535e+00
1.743664202012819828e+02
9.374419319217770052e+00
1.162391860408878430e-01
1.796975230189286066e-01
1.836200266608595255e-01
3.782330281096660807e-01
7.988207218078800798e-02
3.225449735081307949e+02
3.960537713169227647e-01
4.201768814042208255e-01
1.633792547548728047e-01
3.669230548511082546e+00
9.460801582536419119e+01
1.245738902127137138e+01
7.967265484525401509e-02
1.365281673100929849e-01
9.193544945665134416e-02
1.880757053717173055e-01
3.014886393178567783e-02
6.661338147750939243e-16
3.406555477961132339e-01
3.836713146533815011e-01
2.044904486178266145e-01
3.353061737894925010e+00
1.047468888568254357e+02
1.155584440417840142e+01
8.114070410295363966e-02
1.579938879444500177e-01
1.208592054281947964e-01
2.977427161677048129e-01
3.164382208950330261e-02
6.661338147750939243e-16
4.059407970273473110e-01
3.114955528841618637e-01
2.225652397730388254e-01
2.423806304653373100e+00
8.764210092509354411e+01
5.971585240100758085e+00
7.639141427240324356e-02
1.468072919728757864e-01
1.254865203123977091e-01
1.772342321515879560e-01
2.910118156570282513e-02
6.661338147750939243e-16
2.936294201608529164e-01
3.365811630676274202e-01
2.313591143392770832e-01
2.377313992850999647e+00
1.002329381132317536e+02
9.627449000027318959e+00
8.937566822434410418e-02
1.542188404496492582e-01
8.481612157266367469e-02
3.142406042169515468e-01
3.963816396396940139e-02
6.661338147750939243e-16
4.441522605129932244e-01
3.107998534892230102e-01
1.205525031299511940e-01
3.235624735822713482e+00
9.330940825008246975e+01
1.209800221228634776e+01
6.496233078806043504e-02
1.735514551391428018e-01
9.042747669166362190e-02
2.272135429333958234e-01
3.851183134808853353e-02
6.661338147750939243e-16
3.211390859074620407e-01
4.401513344421572604e-01
2.229567725140828849e-01
2.835839080156181691e+00
9.387574359471319951e+01
1.239522169369999460e+01
8.443844883709838989e-02
1.265714828461125541e-01
1.272988644784861512e-01
1.475433481016374393e-01
3.521021733704548379e-02
6.661338147750939243e-16
3.162455992737209232e-01
4.318278091664697893e-01
2.005610467197420366e-01
3.464823038406836808e+00
1.205640061273131067e+02
6.868264272462710096e+00
8.110110460573705105e-02
1.869316325794571354e-01
9.634992769806714763e-02
2.603397982482077988e-01
3.432967714994605846e-02
6.661338147750939243e-16
5.639983755833264389e-01
3.391315043415462083e-01
1.612889328056686666e-01
3.731431852628786849e+00
1.087009104988701864e+02
9.366097545707285477e+00
7.262058275563310072e-02
1.277127563606038074e-01
1.101972038319166125e-01
2.425911585230621781e-01
4.355152380975637477e-02
6.661338147750939243e-16
5.636590627482387372e-01
3.744446472784814794e-01
2.090263517791268455e-01
1.779952791705674775e+00
1.053419334491650545e+02
7.434817403342268705e+00
1.035121284323949203e-01
1.713825373707098254e-01
1.205294048763017323e-01
3.013553044042864837e-01
3.025576513613460750e-02
6.661338147750939243e-16
4.843313913678942706e-01
3.812442828218678970e-01
1.878340830839751729e-01
3.148063916686443253e+00
1.009402369829859936e+02
1.291512877517259739e+01
7.267205952877554831e-02
1.787864677768776500e-01
1.351060852669034584e-01
1.893073326818716096e-01
3.896819877325104209e-02
6.661338147750939243e-16
4.963470487743070758e-01
3.685954097435583665e-01
1.709474555804062490e-01
2.318868001247325505e+00
8.837845766139278680e+01
8.445769359427979239e+00
7.304657878012878192e-02
1.753341483941924239e-01
1.008629451562608470e-01
1.358313624177650003e-01
2.650118373089798904e-02
6.661338147750939243e-16
6.697249229131604364e-01
4.036739864718993931e-01
1.593976659221780223e-01
2.997780387253423662e+00
1.043119743871473588e+02
1.055844339525468456e+01
8.301901499185140865e-02
1.769753719913722545e-01
1.183495524589795733e-01
2.584764516713607962e-01
4.031731527108827623e-02
6.661338147750939243e-16
7.789603888851188707e-01
3.756180509082149843e-01
1.489221562013136047e-01
3.804991437600639959e+00
1.011691223095527050e+02
1.375616657750177474e+01
6.425675162286526021e-02
1.628425830492304105e-01
1.143632616029438276e-01
3.128381407673717640e-01
3.542791695710167249e-02
6.661338147750939243e-16
8.196191360139755133e-01
4.769203994699459104e-01
1.860965377924417019e-01
3.022576194229273483e+00
1.135019762028255599e+02
1.329906277557357974e+01
9.214461238907006857e-02
2.509567079971646852e-01
1.090984332881972246e-01
2.852294647604150524e-01
4.482086438028590192e-02
6.661338147750939243e-16
7.689786607267758978e-01
4.425676724602269352e-01
1.527575576601831742e-01
4.456942575643725313e+00
1.191054545501106361e+02
1.657560671664916541e+01
1.150400003730901316e-01
9.788831642883175088e-02
1.159960037711653957e-01
2.610933411678828531e-01
5.662110953623748083e-02
6.661338147750939243e-16
1.050526818632630421e+00
5.170297460941035705e-01
9.003050400870250825e-02
4.287623162677628663e+00
9.525331977751199020e+01
1.249372982625500939e+01
1.127230643125003567e-01
2.135486620322610829e-01
1.392491509194027366e-01
2.722033009093379752e-01
6.611561181705517820e-02
6.661338147750939243e-16
1.027833877621486147e+00
4.994557522638783942e-01
1.936411643553082595e-01
4.441078242030795487e+00
1.120419282669361252e+02
1.304925810661533170e+01
7.871967615179421840e-02
7.604068381989097236e-02
1.466492280838768980e-01
3.795544980036311689e-01
5.784863409212170210e-02
6.661338147750939243e-16
1.148901806952168370e+00
4.707576320468835895e-01
1.870178496192630158e-01
3.698180031316665062e+00
1.251069799599511612e+02
1.907999323466485819e+01
1.585273148529460774e-01
1.387828260739168429e-01
1.704955622048531794e-01
1.780081525467522019e-01
5.618572846984244001e-02
6.661338147750939243e-16
1.207840581960985649e+00
5.700905925873328561e-01
1.842677970555522959e-01
6.908981114284918235e+00
1.161150422448155837e+02
1.039836018402679763e+01
1.195500926983762979e-01
3.023138489453900957e-01
1.449322579188995486e-01
2.501804087082348249e-01
7.009468923339065571e-02
6.661338147750939243e-16
1.195602774929777512e+00
5.696259084543213724e-01
2.178596438453508088e-01
4.178333118041471117e+00
1.341170612310955903e+02
2.304540607822579545e+01
1.748955998511478593e-01
2.777011564133460841e-01
1.946998444700241415e-01
5.046444590030995103e-01
8.459817473895260564e-02
6.661338147750939243e-16
1.743351948300173371e+00
5.052304127336665340e-01
1.574760103620485574e-01
3.351499397423439497e+00
4.814800328559537235e+01
9.624071364461549649e+00
1.456602429399659338e-01
1.257404194931835140e-01
1.630276966559738583e-01
2.443439919089799017e-01
5.617257720579103830e-02
6.661338147750939243e-16
6.750575131869481105e+00
4.840020101976196809e-01
1.736884502332693703e-01
2.850914410393210918e+00
5.737471798018872704e+01
1.089785260033601055e+01
1.248617211355698975e-01
3.262356389204502660e-01
1.642216776800446421e-01
2.559629706272982252e-01
5.545999674209948355e-02
6.661338147750939243e-16
5.370399384779603658e+00
4.464353380492251944e-01
2.146966481155748174e-01
2.854749470467834449e+00
6.473804467583052258e+01
1.723265700011191370e+01
1.325933548074625656e-01
1.520249876533951161e-01
2.130346926803173002e-01
1.571494046535207578e-01
4.837742757904305024e-02
6.661338147750939243e-16
5.276149355651702955e+00
5.143386864408209247e-01
7.874426021552535793e-02
4.663376259727583850e+00
4.198911165743779605e+01
7.284173721739232832e+00
1.740901742711826738e-01
2.500132828236615867e-01
1.630172819263088491e-01
2.861656127830445873e-01
5.527347481522537631e-02
6.661338147750939243e-16
5.371606191178193157e+00
5.260687486991361128e-01
2.150523145156146565e-01
4.235119081274936192e+00
5.927540584735534424e+01
1.447993140751711749e+01
1.257056687774809056e-01
3.026788594401488286e-01
1.621452677748986826e-01
2.340350385945906830e-01
7.383398689607381660e-02
6.661338147750939243e-16
5.484828801208110782e+00
5.077347568732608618e-01
2.426814409296833286e-01
2.450582894519419686e+00
7.496385723292807768e+01
1.103414665716186605e+01
7.157416548336978379e-02
2.466889850747230328e-01
1.618577105288428464e-01
3.220602180893231137e-01
5.932987376482249525e-02
6.661338147750939243e-16
5.501926946012258846e+00
4.456085648319277892e-01
1.696044042212687952e-01
3.088257921063731981e+00
7.161191202390361354e+01
1.374572968436078568e+01
1.208823174633453373e-01
2.996377348872105162e-01
1.601601906486355420e-01
1.897618987788760314e-01
4.238152199104225359e-02
6.661338147750939243e-16
7.440420851252137702e+00
4.396896718134494231e-01
2.086916334290824793e-01
3.525084100913550955e+00
6.250885623656709811e+01
7.654003834730812805e+00
1.120603486020939898e-01
1.925493400300751501e-01
1.490276587793399055e-01
3.226460185989266649e-01
6.033979276192777408e-02
6.661338147750939243e-16
4.259935694360237335e+00
4.687319974012065238e-01
1.955846281621422267e-01
3.585298759751517128e+00
5.718345546827056580e+01
1.045009817848482037e+01
8.629629082104782467e-02
1.653438640934069559e-01
1.605763004256748061e-01
2.721807994348711124e-01
5.138206918510868776e-02
6.661338147750939243e-16
4.458571477335158129e+00
4.287006908284812789e-01
2.343916423224765011e-01
3.828770792711833071e+00
6.474620673395946824e+01
1.458381656746338884e+01
1.104104159865461482e-01
2.983583114361290090e-01
2.326019363806251239e-01
2.509765431623409149e-01
6.017898836335187213e-02
6.661338147750939243e-16
4.814086077081435100e+00
4.582619674582847913e-01
2.338267992572712894e-01
2.948152956890541354e+00
7.230365278063780465e+01
9.897014536126647499e+00
1.616584542553981818e-01
3.651131498373955120e-01
1.429701228250999101e-01
1.293266882362951453e-01
4.448458427231724577e-02
6.661338147750939243e-16
6.026327447917266156e+00
4.655143709352040915e-01
1.198311227501717563e-01
4.657662287033752513e+00
7.095950771166414484e+01
1.086114348591971179e+01
1.190876001213577451e-01
2.653367472540374417e-01
1.633871205198367538e-01
2.618922916894698694e-01
7.127046826403102275e-02
6.661338147750939243e-16
3.795602839167946385e+00
5.102026109475968907e-01
1.525575828769429321e-01
4.615957609708588372e+00
7.866015235468658773e+01
7.196550987437326796e+00
9.949991449133298305e-02
2.110355691274907464e-01
2.380793193183470546e-01
4.164017988010824123e-01
6.796476372867972515e-02
6.661338147750939243e-16
6.484228770650650731e+00
4.785555805802562124e-01
1.452375798314696209e-01
3.884338564398967630e+00
6.005552224151649199e+01
1.025031724900830632e+01
1.181432650029791698e-01
1.969257754042309516e-01
1.633455412224927017e-01
2.763353276383946344e-01
7.822295490730751810e-02
6.661338147750939243e-16
6.338151313298843625e+00
5.062723734689195121e-01
2.240526855443379095e-01
4.601695453958766002e+00
7.153916474634516476e+01
1.528182082402500264e+01
1.377835847840129246e-01
2.634279834173634538e-01
1.338200604525376924e-01
2.107507675525498170e-01
5.959835273748095852e-02
6.661338147750939243e-16
4.956997208891833040e+00
4.492057041153140751e-01
2.586684838639093376e-01
3.957300757012262693e+00
8.023761541359175453e+01
7.376930836490442012e+00
1.193066392238842643e-01
2.767969919217654340e-01
1.298091243931961958e-01
2.554104413726801526e-01
8.549903440544842637e-02
6.661338147750939243e-16
7.491870152628246515e+00
4.466259423583195387e-01
1.848831719105115123e-01
3.666188643756512544e+00
1.004636520458642934e+02
1.476596182450499661e+01
1.315029323262373595e-01
2.580031251592537767e-01
1.415420313532690100e-01
2.648360790611731796e-01
5.667604282113193614e-02
6.661338147750939243e-16
8.823600430817444717e+00
6.078648410201737962e-01
1.832572930703813274e-01
4.777645512805891670e+00
8.665340437458074518e+01
6.102173527237064299e+00
1.412289711916957791e-01
1.718357340742722172e-01
2.125779854396759871e-01
3.240418971647640034e-01
5.524896779471961950e-02
6.661338147750939243e-16
9.343708177429203232e+00
6.430941760920310113e-01
1.849478299125529579e-01
3.547773953682645587e+00
1.076099887437692217e+02
6.526147988302051672e+00
1.469149038219771664e-01
2.484479403537059039e-01
1.597935233794218479e-01
2.131377770773045244e-01
7.721504811895812947e-02
6.661338147750939243e-16
8.878774876368172642e+00
6.734650432052081692e-01
2.761418916771433696e-01
2.671174421929319198e+00
7.322428485321810854e+01
1.552015627505165440e+01
1.722711984159815135e-01
2.190612945226949881e-01
2.415623367513934083e-01
3.232496569789980456e-01
1.012979343803025456e-01
6.661338147750939243e-16
9.558519368226473745e+00
