1.447869353393705510e-02
1.729409482029879708e-02
1.493489135919036197e-02
1.798184132833902105e-02
1.913269635900428228e-02
5.387351435722367160e-02
5.320292362188092788e-02
6.446968272224719299e-02
1.340747901957778376e-01
1.890103260257053608e-01
4.149575323157823625e-01
6.452107059224726493e-01
7.992065007088275941e-01
2.058641815076320380e+00
3.077209505885532437e+00
4.175506266590526039e+00
5.419750864197584228e+00
6.701617843125688978e+00
6.644639052000736790e+00
5.601720716685550272e+00
1.117185495946280624e-02
1.220355244544404395e-02
1.154313364990435485e-02
1.332816379816770432e-02
2.615579659872589724e-02
2.834013845662318801e-02
4.943572823988345161e-02
6.766448239971550871e-02
1.577122807584694919e-01
2.829567938446106434e-01
5.339429408464380078e-01
8.414270223476303379e-01
1.165491619292198688e+00
2.473010592904681282e+00
4.131879152944389233e+00
5.677686473549370838e+00
7.168825457017268477e+00
8.294067314707595173e+00
8.490445849105675791e+00
7.008776987949846493e+00
1.143913343101873349e-02
6.052708771480451097e-03
9.385084851402564904e-03
1.341586835184829969e-02
1.173514423557868447e-02
1.556841433741479146e-02
5.389752343047666400e-02
5.157342637363981214e-02
1.503630603025551682e-01
2.999784391835132458e-01
4.520333235018520468e-01
7.626725479562272980e-01
1.191701681138888302e+00
2.340132905221176340e+00
4.589916938911522415e+00
6.840795972608061604e+00
8.577458775740797847e+00
1.025301253513795885e+01
1.068668158291595915e+01
9.147457364018155346e+00
2.718687974081280493e-03
1.680966017022576114e-02
7.508786808615057658e-03
2.818896336110088621e-02
9.132426308805455945e-03
2.717109540394553255e-02
5.471404050583458800e-02
3.690600107761736470e-02
1.412420868529362661e-01
2.157273875013706044e-01
3.197358978958639852e-01
5.444702908037224454e-01
1.058940541174140826e+00
1.742728931310881801e+00
4.058800898761305120e+00
7.020672187850835577e+00
8.534660986990576959e+00
1.096650580323328406e+01
1.229071245078044505e+01
1.108782640733301861e+01
4.211075033843605757e-03
3.935773106028148116e-03
2.603237827987725517e-02
8.717810269525979108e-03
1.219571126675253817e-02
1.071204595962112725e-02
5.379334428655840883e-02
4.238964682965343234e-02
9.256859624130757414e-02
2.372198406800947457e-01
2.666688068528694222e-01
4.391922068117237177e-01
8.265514117491640222e-01
1.484982710878982148e+00
3.490786388365493931e+00
6.421636799285214359e+00
7.863480898130676522e+00
1.073928802592437393e+01
1.257365491246852329e+01
1.185306309603204156e+01
1.166815790176151633e-02
7.065881958418921902e-03
8.588602024984509989e-03
1.838061793772845232e-02
2.484201302689437868e-02
4.510095965499363174e-02
1.245463847022936082e-01
4.405365835939800689e-02
1.069706809707241801e-01
2.204371290402658556e-01
3.257450379086395120e-01
6.125550868110753999e-01
9.855746980335341467e-01
1.927167721698037406e+00
3.730616151591700458e+00
5.487161189775203063e+00
7.690727529258982287e+00
9.395616939667315037e+00
1.012983057840926548e+01
8.562691537938139419e+00
5.823271970201686354e-02
8.742908631288544286e-02
1.142669180387504146e-01
6.998427342149707298e-02
1.233538011242455712e-01
1.142166307484063226e-01
1.239597248336197083e-01
1.747458844597470917e-01
3.192217051173776854e-01
3.182661832281392100e-01
5.463815128117215369e-01
7.693208940597113799e-01
1.387450081203008834e+00
2.483581005269580810e+00
3.000998574430836285e+00
3.168888618080951680e+00
3.790972098775434063e+00
4.638753263946131966e+00
6.119089932788347674e+00
5.308317689626743885e+00
2.337303050857562348e-01
2.227683533337731780e-01
2.415122727944628844e-01
2.490476767677660686e-01
1.988151173170801811e-01
3.682123642666242924e-01
2.244747849227044234e-01
2.804605928872700993e-01
4.054781410737510750e-01
3.071888637137652478e-01
3.475091347138982711e-01
5.228589800475834659e-01
4.801521391117146709e-01
7.571830395841308015e-01
1.078189968121551212e+00
1.833996155061743405e+00
1.855688141662412693e+00
3.611775585176873804e+00
5.020454496182225057e+00
4.825585938453149204e+00
5.560264443914748611e-01
4.030377765058941741e-01
1.194083223497014234e+00
4.047911975042567945e-01
7.758198149359170070e-01
8.917034337080926854e-01
4.718469306322987111e-01
3.471466987075912947e-01
4.537946923984434999e-01
8.615347566578601679e-01
7.109876620929146407e-01
5.783288113691977816e-01
4.257367403637328240e-01
4.492763605610823330e-01
5.426112429432159434e-01
4.844596185267849298e-01
1.167030531275567107e+00
8.943158232685803899e-01
9.562859969106491942e-01
1.793687693533734917e+00
3.242695590204381327e-03
8.032749998454396037e-03
6.346101323879842215e-02
1.431502015384699122e-01
5.847002102421943771e-03
3.996689212480769408e-03
5.432899941616268352e-02
4.898974526795726175e-02
1.234611223650570189e-01
1.329730696307703484e-02
3.817501028367936700e-02
5.534254443690564962e-01
1.735142327237664261e+00
1.260331401934017270e+00
5.076544479595016535e-01
2.515650080110047426e+00
9.046584579243793778e-01
1.085058510075197491e+00
8.185708131159789014e-01
6.987637492352586355e-01
1.420239835307154086e-01
1.580401772886557560e-02
2.844805224091341133e-04
5.822007736688800117e-01
1.640208156885530162e-03
1.275053144444863312e-02
2.127774284147765024e-03
2.209903593758585363e-04
1.893034820106529164e-03
8.784849170652897152e-04
4.994305753284900701e-03
4.385254715242608084e-03
9.148098691114551562e-04
1.477519729052927111e-02
1.232461896431813562e-03
3.348513048875209619e-02
1.294454175796963015e-02
2.207589720485770256e-03
1.620741316510437152e-02
6.546193209757420264e-04
