1.473545001983262992e+00
6.090928613368418176e-01
8.360778346039321463e-04
3.129345101577884520e+02
5.521265111550064830e+01
6.287301610879647562e-02
7.757649307668090799e-03
1.137788257255500507e-01
4.977369168135403754e-04
3.235460677153412234e-07
9.356601533017738781e-01
4.990471528489454078e-02
1.396545608637453251e+00
6.251527298870408478e-01
2.880130705806838165e-04
3.109757160278630295e+02
5.236048474211838055e+01
6.597588011017951892e-02
1.465822430765317819e-02
1.022665022764823739e-01
1.507989332938386440e-04
5.688382809232450654e-07
9.889441919752516297e-01
5.858991251850843851e-02
1.465510130669592792e+00
5.644622260572051964e-01
9.323661391613669025e-05
3.288268541567018133e+02
5.066743707600153357e+01
6.997212842944744438e-02
1.381079172013244261e-02
1.070656587006613425e-01
3.692685636079717781e-03
2.608554272587326750e-07
9.396093376619373272e-01
5.445955729434610870e-02
1.476662381324673090e+00
6.178062825316077422e-01
6.542024463151996372e-04
2.996827212385045414e+02
5.472001750235801154e+01
7.050608817224301994e-02
1.609239658952765772e-02
1.168534371434393065e-01
2.870802841814512618e-04
3.335790510483604976e-07
1.077313713392832328e+00
7.265571422551697633e-02
1.548191392635385633e+00
5.793888576126060563e-01
4.456887449381108368e-03
3.230757419032858024e+02
5.594369525431007162e+01
6.719065489196984764e-02
1.709262345267248406e-02
1.234922744226540220e-01
4.968997726095825129e-04
3.179967278388318164e-07
1.046530917616015577e+00
8.237487669616100350e-02
1.512940362297344965e+00
5.802455438597866610e-01
1.133074236403519564e-04
3.213206167111820832e+02
5.468238220330795940e+01
7.089556081661729792e-02
7.345871271731141405e-03
1.190799466322523120e-01
3.491920288967165220e-04
2.479321736803541398e-07
9.841788073345958399e-01
1.062350582812523342e-01
1.500308027289569468e+00
6.397000482850089265e-01
7.310682461247886010e-04
3.165413554806707452e+02
5.546909285373350684e+01
6.787505500344237497e-02
1.657632215723237046e-02
1.185001478987268847e-01
5.237119773038312331e-04
3.991759822685736481e-07
9.814196831523617215e-01
1.382050084273049595e-01
1.405231395815899509e+00
6.023514952574161585e-01
1.560208956402298064e-02
3.023662696197575315e+02
5.105020971394898766e+01
6.043235132008217825e-02
1.182341851547086264e-02
1.015528774364682502e-01
3.778637588902622468e-04
5.795224600202431020e-07
1.018175691327019017e+00
1.957889101960065270e-01
1.433683859263780391e+00
6.096240526711373953e-01
8.161605218870437994e-04
3.189726694175782882e+02
5.269223374352343825e+01
6.426363332460716116e-02
8.089553895885837065e-03
1.041091665725979581e-01
2.098279409679104646e-04
1.952142936190170985e-07
1.011185216079611981e+00
2.654002712474319847e-01
1.486665747674894344e+00
6.394133175172490580e-01
2.317416613717426799e-04
3.275178092334906523e+02
5.273897653254950768e+01
6.802313745467913897e-02
1.166769589092009340e-02
1.140142336183258831e-01
3.154536046934275362e-04
4.084976057416866979e-07
9.961761158583064546e-01
3.551085123123938758e-01
1.459393481906518186e+00
6.269796428806028166e-01
4.647754744702137231e-04
3.351624927192379459e+02
5.305113310114474956e+01
6.551133995900904061e-02
1.554081710251287163e-02
1.104186078680746835e-01
9.872259305254704742e-04
1.551602490934556045e-07
1.031615415177325357e+00
5.235991157905537374e-01
1.504494699360285681e+00
6.236503940523860923e-01
1.385571860190726312e-03
3.216934721746534365e+02
5.654900127547499977e+01
6.674471583191565749e-02
1.982771213501988150e-02
1.118997321746651313e-01
1.327679442806317667e-03
3.212552490694520202e-07
1.113635197183779901e+00
7.514390775376591503e-01
1.486876097213205350e+00
6.384002099486396631e-01
6.844355419125536244e-03
3.182171604913601755e+02
5.570827195989567571e+01
7.079300873168992148e-02
7.027126479696166328e-03
1.165254833334250922e-01
2.940745054302862371e-04
4.368816530764263462e-07
1.051147305160521572e+00
1.095742450019328462e+00
1.444675846023005805e+00
6.643941030095689149e-01
7.988242096046427321e-04
3.127092432650831029e+02
5.475591608820823808e+01
5.884063964427643789e-02
1.453900936373320185e-02
1.219109606505430488e-01
2.614183836741057476e-03
2.177489338839322386e-06
9.971104609542337238e-01
1.584327390279861136e+00
1.470289918081587599e+00
5.972259927262257850e-01
8.045936044476231785e-04
3.324144374118664018e+02
5.576691074754895538e+01
7.748895441262004802e-02
1.148424272052195327e-02
1.263645145736436159e-01
1.161310973022411375e-03
4.127387354113665197e-07
9.958379053854315988e-01
2.314177621228271864e+00
1.413311200121860844e+00
5.960082024170632042e-01
9.359961744559441854e-04
3.078619306025812534e+02
5.187362304014125414e+01
6.233775475397052013e-02
1.340277611590612317e-02
1.083338378413956360e-01
1.483251364793325422e-03
4.923025309633288771e-07
9.323037238723105302e-01
3.395972617900627544e+00
1.462889989499620347e+00
6.230435120301447416e-01
2.129483675039622881e-03
3.198478983898964998e+02
5.360422939926940700e+01
6.730794602171408236e-02
1.349845985881170662e-02
1.110004502752725830e-01
8.379471002180061134e-03
1.171771001340360385e-06
1.031422962175283731e+00
4.991048493611454973e+00
1.502991517143288380e+00
6.174334998373254280e-01
1.022186689588755470e-03
3.242695662861517576e+02
5.889549695702625343e+01
6.639311261335434367e-02
1.553074277473087683e-02
1.233967550576653277e-01
7.567873559410909223e-04
1.198133798818723506e-04
1.038405972436079239e+00
7.337918837635382552e+00
1.506762417651927644e+00
6.771166449483123628e-01
1.198916624190138336e-02
3.245780714134029949e+02
5.773695165721051126e+01
6.098427014440854776e-02
2.891992934176967900e-02
1.242245148695853285e-01
4.346178352044871573e-03
3.853076989690507048e-05
1.002476794687006123e+00
1.079971331026164449e+01
1.556239635470223481e+00
5.287962345523012919e-01
2.515689436251022926e-03
3.198068116909179821e+02
5.641386952476312899e+01
7.927983381962100395e-02
3.789794762567910702e-02
1.170165569845882242e-01
1.751393787627231191e-02
8.632981446377030466e-06
9.664797250370704695e-01
1.589574848632244830e+01
1.367686559143583835e+00
4.958405963949506501e-01
3.895491748107104968e-04
2.637694449925589879e+02
4.275015933804082380e+01
5.400870172276639458e-02
4.986818846931528881e-03
9.429408609500590510e-02
6.034490322193164502e-04
2.103109292272975495e-06
9.289753984241622131e-01
3.099295038989369200e-02
1.296134251897242073e+00
5.141819720946316785e-01
3.798232952899605053e-03
2.612699657826407815e+02
4.110306061033951863e+01
5.263702919939161617e-02
4.732260471586036132e-03
8.606917698019909968e-02
3.559291926145125018e-03
1.114193723761314203e-04
9.810215267871168487e-01
4.020178688375396908e-02
1.358493041504247101e+00
4.563879719636676491e-01
9.203435469729015495e-04
2.811913601979936743e+02
4.045554698423271134e+01
4.908657280261685685e-02
3.617898641639083479e-03
8.540406030571601192e-02
3.917586495638669675e-04
1.360946296768972275e-06
9.314596985341659918e-01
4.156016895746506706e-02
1.358011876078297542e+00
4.916864916129947694e-01
4.360611904173916642e-03
2.585877102301360537e+02
4.416928259108821919e+01
5.362203122158848423e-02
2.099557350012659640e-03
8.982840448477859285e-02
3.307684651832065725e-04
1.042842376897112899e-06
1.070439846717776922e+00
5.592552632715307170e-02
1.434458251067782797e+00
4.967520017429482015e-01
1.949757026740162047e-03
2.687185273474962628e+02
4.328317526248685709e+01
4.577094090564282070e-02
9.782013223325058959e-03
9.792379288434351070e-02
4.166249337178573597e-04
7.173604732457761202e-07
1.040304380876219126e+00
6.997008568593732214e-02
1.392619770008163504e+00
4.980102211004811541e-01
1.214031445250229879e-03
2.710562928582230029e+02
4.224001891815812115e+01
5.207957270610297229e-02
5.043340337907986637e-03
9.429706290616790554e-02
1.627582886247758154e-03
1.259039383083582209e-05
9.773476627276344031e-01
9.770044513233293315e-02
1.385372318817660542e+00
5.129692088187564059e-01
1.477937778487925513e-03
2.656657044699903167e+02
4.344843335290826758e+01
5.110979558666239875e-02
5.692027723589454524e-03
9.462338095407307748e-02
3.019974758908805512e-03
1.670857014968163412e-06
9.727830590774577679e-01
1.335567765897979486e-01
1.311990690887304911e+00
5.001217258146550826e-01
1.672355055160057447e-03
2.550656020792909828e+02
4.006314826709708399e+01
4.612886609941080351e-02
2.991492863361200349e-03
8.438715261898653563e-02
3.022361621995983683e-04
1.641621553138961076e-06
1.009695609204581679e+00
1.721998161834099872e-01
1.330078157462774913e+00
4.926967903060031073e-01
5.682915123211840225e-03
2.688088086531107024e+02
4.085908077518553227e+01
5.255408278000750499e-02
7.665272516759191745e-03
9.422616584578215326e-02
4.510898653586892237e-04
7.772113652659840000e-07
1.002097272897318758e+00
2.532717262339290176e-01
1.367601280074624670e+00
5.026981092100423210e-01
5.022942763333038130e-04
2.826787886370809701e+02
4.280001612617892448e+01
4.855068297709652647e-02
7.807305155960175824e-03
8.942871779558769774e-02
6.863261688672128713e-04
6.728452373039317536e-07
9.879866609662134591e-01
3.461109540873275603e-01
1.350460288097323769e+00
4.899018664491572306e-01
8.440116681562859213e-04
2.820328912954012139e+02
4.222299027985799569e+01
5.573152852338947305e-02
6.855988515646060932e-03
9.332233208203309649e-02
5.384288973786510724e-04
6.904999183543480967e-07
1.023065695818812015e+00
5.112371244617891497e-01
1.387458591679990638e+00
4.923000837599932344e-01
1.222390915533999589e-03
2.706322863781113597e+02
4.516515883498762207e+01
5.506859237893513281e-02
6.297291867559673406e-03
1.000444995267124743e-01
1.756183034741232163e-03
4.466614333953344840e-07
1.103742649859723590e+00
7.430695028291931514e-01
1.395052735990017334e+00
5.240768133924776917e-01
1.324482299303042510e-03
2.648400394667579008e+02
4.269481398206634282e+01
5.391659497339551521e-02
4.702402821331608251e-03
9.094456624151091295e-02
6.164292513188840417e-04
8.069496252316454843e-06
1.043460277887602539e+00
1.072691544195198299e+00
1.336783148691719436e+00
5.074648978515918785e-01
2.297798399748529619e-03
2.665685437285239345e+02
4.370896063370001627e+01
5.219620530170776540e-02
1.526823990392056629e-02
9.604977926075397576e-02
8.220979080386658921e-04
9.392988087331133329e-07
9.885167313499063635e-01
1.572258723004953840e+00
1.356354068571452354e+00
4.858531625456875003e-01
2.529776797568494828e-03
2.828118748477133977e+02
4.358533255698679909e+01
5.393208283273831505e-02
8.047593721142165535e-03
1.001079246156077601e-01
1.369091279151968266e-03
2.769113227607533645e-06
9.877913045929288538e-01
2.305150385687091852e+00
1.309477660860720816e+00
5.103739740040313944e-01
6.018488583879877396e-03
2.606994936949202497e+02
3.991036155578153455e+01
5.118429980845551341e-02
5.237942300237996562e-03
9.685477422536449554e-02
6.583677552296496316e-04
1.267638090052258804e-06
9.250367612819420104e-01
3.380126476808479552e+00
1.357337716632842195e+00
4.938690662717203916e-01
1.776755844563604469e-03
2.672199674971483887e+02
4.298600622511789737e+01
5.006583747351189828e-02
9.049159377682025607e-03
9.008449227600578979e-02
3.920840206550479934e-03
1.387266619357063746e-06
1.024102059941242038e+00
4.977165575721519630e+00
1.401258596939927381e+00
5.208792059531297536e-01
5.460458696262548983e-03
2.648283696924059996e+02
4.495027952752716516e+01
4.583125245327002162e-02
1.031674865063836322e-02
1.039815587020265358e-01
4.305600433835987673e-03
2.405081998002600585e-06
1.031519556223516876e+00
7.321936051780810750e+00
1.397922236504640869e+00
5.562025715150065164e-01
4.676205210910611143e-03
2.705777073151801915e+02
4.470584806854028415e+01
4.790811053627441751e-02
1.537097850135671351e-02
8.697923468929502633e-02
1.012600500927107738e-02
5.353516330242058530e-06
9.943681020495651612e-01
1.078572050094040335e+01
1.429294712981801441e+00
4.593149513385097471e-01
1.095049133951198073e-02
2.770143017565053469e+02
4.247434459628997416e+01
5.066448652484623061e-02
2.220794947651150153e-02
1.012430030253985980e-01
2.222838488369238696e-02
8.821807008230209135e-06
9.595538717021133701e-01
1.587811950828150387e+01
1.280584792552985407e+00
3.756290959624863923e-01
2.348751395161441380e-03
2.190178581289693227e+02
3.180126087231542442e+01
4.341093046248301057e-02
1.044273372840520686e-02
8.151881874298493036e-02
8.161118612652895621e-03
9.729939016711597333e-05
9.237182778680685935e-01
3.036642818111322598e-02
1.219021976949310471e+00
3.980104830315279174e-01
3.490289676172375621e-03
2.137502106410653937e+02
3.122305925355890821e+01
3.548241961690679069e-02
8.943374704071249681e-03
7.346331027552666093e-02
2.752442254931874999e-03
1.854276514556829625e-06
9.764980503491961228e-01
3.146275567776945364e-02
1.284645936642577979e+00
3.355753731043564780e-01
2.527140991148701943e-03
2.287245654089743425e+02
3.104712676957320738e+01
4.159205394794196486e-02
6.398293583868008838e-03
6.832789736083810794e-02
4.751755768660492762e-03
6.801130391087539806e-06
9.270564874166444813e-01
3.814388610697481974e-02
1.275040718236085890e+00
3.878731711889913947e-01
6.123660827899168879e-03
2.161395297104649273e+02
3.297709924450259678e+01
4.193482167938578087e-02
6.077039039773524109e-03
6.885524803557085960e-02
3.483739863098245237e-03
9.847788535743973171e-06
1.066417756304423037e+00
4.443313742222081142e-02
1.334567296191726093e+00
3.585215632212212511e-01
6.597367060786618609e-03
2.248124898591937324e+02
3.297597207091669702e+01
4.392888593222621374e-02
6.893739166589085698e-03
7.908574647556454451e-02
8.155932382043484807e-03
4.826602132412816104e-06
1.036456652212430773e+00
6.780751924422467880e-02
1.305588093295511065e+00
3.516852434883033229e-01
1.070801638019758251e-02
2.252496344639170900e+02
3.363163935483845535e+01
4.176307130746792495e-02
1.689659434350732070e-03
7.361792986523729709e-02
9.109969124464489809e-03
4.159849104068413794e-06
9.719493257991742574e-01
8.779921871298840275e-02
1.311522311167473420e+00
3.877602382684643412e-01
2.316565566961026335e-03
2.164848500022540918e+02
3.365109032139238110e+01
4.116029086643435697e-02
7.107957395555697389e-03
7.556483686314230397e-02
6.549121608798724736e-03
4.049439704667534556e-06
9.684517760735835701e-01
1.115433900909420101e-01
1.233508149657959407e+00
3.626700128386050048e-01
4.048245227352698095e-03
2.131677192053637100e+02
3.053485042909780489e+01
4.076148057314599171e-02
1.059113271715705906e-02
7.274011666709490065e-02
2.312040463657849543e-03
4.675127708408943761e-05
1.004491677819095985e+00
1.682038159084107976e-01
1.253877652600240644e+00
3.989425645427612244e-01
3.983671708044367321e-03
2.160898312855809138e+02
3.040682278024376117e+01
3.701020356081441420e-02
7.816589547489094514e-03
6.988670656144613247e-02
8.191562739704449925e-03
2.703176711138510768e-05
9.982232364799922264e-01
2.435069751188766729e-01
1.291881043418688702e+00
3.901888542442801255e-01
2.874271703766639874e-03
2.312914894265859687e+02
3.178463495888871293e+01
4.248913862487380122e-02
6.773471121485075130e-03
6.300269867968610882e-02
4.932001652762085797e-03
4.762761542931315262e-06
9.829097387740849401e-01
3.454781349482085595e-01
1.261000562945698622e+00
3.751434959871435826e-01
2.453001608702098935e-03
2.341395462393272169e+02
3.193665989039635278e+01
3.646794009098841549e-02
1.260081240810895231e-02
6.875730758602704995e-02
2.769357668420124874e-02
4.888276008196967837e-05
1.018351570026017505e+00
5.050593637026606908e-01
1.284338553681516837e+00
3.816995769381015258e-01
1.972786860807707043e-03
2.279419645769644660e+02
3.407206107805927786e+01
4.606067892340748315e-02
9.727706718738460268e-03
7.542905518353570926e-02
4.399548083385829145e-03
3.268691416424829299e-06
1.099965316344735378e+00
7.360459817713240760e-01
1.304762151034904116e+00
3.865911644453856599e-01
1.125534283382134682e-02
2.192645789588867729e+02
3.312290497507840570e+01
4.469799283472908336e-02
6.022704839132586585e-03
7.860618282097830978e-02
1.171910327511072047e-02
4.046605525109825408e-06
1.038607901965235447e+00
1.069298706849469704e+00
1.265373831796425597e+00
4.267760163779920068e-01
1.050614577559838558e-02
2.104476371553199385e+02
3.193170921707848109e+01
3.863105557906809651e-02
1.235712905678365559e-02
7.657898377939509338e-02
2.413627755231129157e-03
3.126462083224978983e-05
9.847539895140690058e-01
1.564041847206889102e+00
1.271348401493740843e+00
3.717297236227723456e-01
9.477454886845926296e-03
2.357171165017203975e+02
3.230914905367518486e+01
4.019447875401205295e-02
1.517918873983892247e-02
8.045819641289921054e-02
8.340974550701263368e-03
3.307681295527942211e-06
9.829323240221961022e-01
2.296885923024857057e+00
1.230493027651348381e+00
3.822389768586808012e-01
9.914744986736501176e-03
2.135110006464940966e+02
3.067578946399728324e+01
4.158119604246723888e-02
1.313807823990931212e-02
7.399493783004085223e-02
5.046459313212681153e-03
1.230813924335549814e-05
9.211309874346028659e-01
3.371579303582084908e+00
1.266969793992944959e+00
3.722102287436547252e-01
7.549225074571230820e-03
2.254331432374229962e+02
3.156861175694950816e+01
4.013861714999733543e-02
9.925524233658222784e-03
6.946208716161472729e-02
2.461630876990805739e-02
7.163961608380731150e-06
1.019432319014601296e+00
4.971500214367705617e+00
1.298708530875424261e+00
3.959267425180090783e-01
2.567710627503494436e-02
2.215806501088640914e+02
3.407700099738298150e+01
4.394056319098504915e-02
2.131701445326150690e-02
7.946457271262641342e-02
1.116577063084767119e-02
6.066472761911967382e-06
1.027380340749405097e+00
7.315056426021402380e+00
1.299819168156828075e+00
3.811759064402043817e-01
3.006608723690629148e-02
2.282487924923587457e+02
3.561741322646482644e+01
4.626570331724311202e-02
1.610725818438685231e-02
7.699172621356886737e-02
1.964842642015240948e-02
8.855746018721077917e-06
9.879431619768851425e-01
1.077888746341770698e+01
1.360129432024841378e+00
3.405867780376059528e-01
4.640624021121197984e-02
2.212862302550605875e+02
3.113996919507165728e+01
4.163681787569206705e-02
2.910828717786140274e-02
7.443266237299739352e-02
6.207444580359045005e-02
1.292996859025841161e-05
9.561755542162199140e-01
1.585227400584099300e+01
1.229672925570814757e+00
2.886427613780573331e-01
3.231923956335203130e-02
1.859554859118221373e+02
2.502722624001545526e+01
3.401744327060751694e-02
1.625167878272049116e-02
6.536092079662769727e-02
7.291504987423369499e-03
1.095564233111190333e-05
9.226994952044986764e-01
1.887178628377283660e-02
1.172337955147761956e+00
2.900931124286154073e-01
1.088780359853403074e-01
1.769304958485522263e+02
2.409258435840136059e+01
3.920261767882626813e-02
1.680286394538543782e-02
5.922216792532908336e-02
1.801154182375364066e-02
1.512931178559995260e-05
9.743536250997874015e-01
2.788807290186263305e-02
1.238641666720101675e+00
2.821830021291759638e-01
1.198925678822848617e-02
1.922219966298607972e+02
2.283164006709057503e+01
3.098066185756587210e-02
1.314759035426771305e-02
5.598023974095589494e-02
1.433138104575681915e-02
1.270364515582045328e-05
9.260048109496444857e-01
3.106141936114076643e-02
1.222128145184259385e+00
2.890624413313447327e-01
2.043796390141627839e-02
1.785064946464516140e+02
2.548308177368671323e+01
3.838505976595074642e-02
2.226517495517721379e-02
6.337087222219373039e-02
2.088243717433879709e-02
6.365176046685405709e-05
1.064396385507264675e+00
4.668651705049844947e-02
1.283558412578060581e+00
2.981603682930267230e-01
5.961866012844541096e-02
1.888213391174985247e+02
2.468334026896739530e+01
2.974326854713882362e-02
1.909931162924594084e-02
6.915020137893246321e-02
9.944393616921898271e-03
3.310830544400733544e-04
1.034288265806939222e+00
6.175444052465429989e-02
1.251770175356283765e+00
2.851542907450010378e-01
1.116536255580613535e-02
1.917166622462829082e+02
2.504362424114019703e+01
3.802651776862009392e-02
2.060837921120550753e-02
6.103200872405456501e-02
1.524979665904813153e-02
1.657511079511397867e-04
9.706396123408689292e-01
7.933377682130748898e-02
1.248322902661878064e+00
2.964156377679229015e-01
1.673184329922139391e-02
1.812839786743320190e+02
2.628853314346311976e+01
3.709160985984949477e-02
1.338299635290418621e-02
6.304053882098425987e-02
1.631557862986077190e-02
3.181447379985158364e-06
9.664624471019334084e-01
1.172134326944687943e-01
1.190976818917630631e+00
2.956244810729680150e-01
3.982472017284632848e-02
1.752732626169161563e+02
2.278915286663063355e+01
3.254380886907992654e-02
1.494440250781048363e-02
5.594990496601504049e-02
2.504885635072118255e-02
2.001532641393577450e-04
1.003494170870803615e+00
1.628011890180388888e-01
1.203906384374461069e+00
2.751662838277136314e-01
9.078849177518444336e-03
1.892337941240140253e+02
2.461550954279843495e+01
3.775129087043582743e-02
1.218786419731276993e-02
5.792924744884464516e-02
2.347830867016287293e-02
1.471664980945419643e-04
9.963762514933927061e-01
2.265128398309433078e-01
1.241379679586450679e+00
3.074729548657550993e-01
2.330979036965774576e-02
1.949033830479880294e+02
2.509570670991661245e+01
3.651703390883498379e-02
1.156880415590144651e-02
4.928931717997020456e-02
1.878588906530698210e-02
1.588366296978449554e-04
9.811860128456951768e-01
3.386917920096393919e-01
1.212154854099694257e+00
2.814024274423542193e-01
5.009339965197145972e-02
1.967115028320427541e+02
2.560244950540781161e+01
3.661137726344243504e-02
2.258118936309227998e-02
5.992821555133365230e-02
2.604690141658760894e-02
2.006523461828280119e-04
1.016740857689921507e+00
4.917474663657162015e-01
1.229722200795653198e+00
2.832949833925757499e-01
2.035384526355654700e-02
1.922384593210166770e+02
2.657901965163782165e+01
4.077194453068422320e-02
1.950249231624456847e-02
6.069384506314556837e-02
1.443272589123023586e-02
6.965364600652890203e-06
1.098607523796144347e+00
7.261873973660208925e-01
1.253609293676255954e+00
3.448764686649997135e-01
2.756932579417559204e-02
1.804139809752559529e+02
2.397653873099614330e+01
3.276001069421163869e-02
1.051670844448571174e-02
6.252311276954025665e-02
1.615833554058032639e-02
1.448080206190027752e-05
1.037498211827678540e+00
1.066257452604122635e+00
1.194402603898195636e+00
3.608075809860710748e-01
1.426854162205115628e-02
1.816556582664785253e+02
2.395387016778331457e+01
2.581498987017982749e-02
1.929280091326313062e-02
5.251284215124663035e-02
2.607451945896954726e-02
1.348954192748053060e-04
9.839032136786119986e-01
1.563988418168685834e+00
1.223948572244111022e+00
2.929564676829077285e-01
3.277123009553295496e-02
1.968313521727994271e+02
2.501148039114952581e+01
3.481309171242119582e-02
1.882261513867167224e-02
5.922638320832618319e-02
1.827403734260490964e-02
9.002563270410490759e-06
9.816097855271900263e-01
2.285358083693170617e+00
1.189507932946214153e+00
3.121199673601836588e-01
4.121372450922367037e-02
1.724459616168574314e+02
2.273658219575287731e+01
2.557050944944294635e-02
1.999549133644751286e-02
6.436050328399334219e-02
2.350626018952528540e-02
1.648807013920894349e-04
9.194647496798323827e-01
3.370145640327813386e+00
1.218238524908296760e+00
2.730961526757991198e-01
3.308047013427795058e-02
1.893716760113108819e+02
2.508859257007123134e+01
4.233240910148539093e-02
3.311519526611239606e-02
5.785491627951167004e-02
2.957524936154865003e-02
2.935452340591115927e-04
1.017504312736003946e+00
4.960639863887923440e+00
1.232685637769549425e+00
2.844794776495517818e-01
6.926619268961431430e-02
1.921319759123299491e+02
2.671944881152011320e+01
3.874653307943676239e-02
2.590280205509332134e-02
6.209007129204024977e-02
3.369149371069579679e-02
1.204400642229597196e-04
1.025296542732179184e+00
7.312789538093181108e+00
1.287474111418219769e+00
3.383980706722855003e-01
1.235899823350128240e-01
1.768048881636995020e+02
2.312628135605305957e+01
2.796839934865791300e-02
2.460218737306285597e-02
6.596672019983262913e-02
7.240030935335539652e-02
1.997423845889745309e-04
9.867818200696609754e-01
1.075162208005569298e+01
1.319206924151916649e+00
3.392724768656617540e-01
2.326868968151308004e-01
1.650987366146311501e+02
1.877729835836229100e+01
2.988238581076219091e-02
2.642558913771964058e-02
7.365843441698771699e-02
1.211602753381080394e-01
2.227359223605507310e-04
9.547786660446423435e-01
1.585907159061860661e+01
1.187716022368652702e+00
2.090092821569266845e-01
6.338328633645029520e-02
1.607547313522541401e+02
2.032305629927770596e+01
2.878575157831186893e-02
3.269552051993973585e-02
5.680107148030688613e-02
2.993138019805940964e-02
2.846570110892621130e-04
9.218979875184739603e-01
1.987136290558827109e-02
1.114457488053557377e+00
2.642646467817932332e-01
5.940912934618292063e-02
1.652542761702066798e+02
1.687823195639485974e+01
2.811771408022800678e-02
2.618868854458722417e-02
5.078967851188553873e-02
4.145790880241695398e-02
8.509025740888187528e-04
9.740703323556266779e-01
3.079322101551524096e-02
1.197566497453256273e+00
2.174511149023650447e-01
6.665903701350672783e-02
1.735626540754484779e+02
1.687678592705483993e+01
2.789000467467661615e-02
4.688665313049900085e-02
5.958542738716432474e-02
3.739809606457145108e-02
4.811660240688908630e-04
9.247976510750034462e-01
2.655244586862223755e-02
1.197354695642341982e+00
2.722170783240229763e-01
1.106664623426389937e-01
1.491164948403033748e+02
1.728431266047372716e+01
3.399308521778277026e-02
3.925678193065551547e-02
6.551586445756596433e-02
3.126125102025589797e-02
5.989178197984834640e-04
1.064065735680986835e+00
3.916730425491790624e-02
1.238315978660436967e+00
1.995149252674544016e-01
5.528753912356743072e-02
1.735066669101379375e+02
1.935262135565469421e+01
3.410545131634634686e-02
3.836665921263193724e-02
5.434518485509243213e-02
3.741492923810429971e-02
1.045692556143063001e-03
1.034121989428097521e+00
5.217497183487949941e-02
1.208406785212572165e+00
2.631491175968214136e-01
8.183491367321771293e-02
1.617658911563310369e+02
1.841693214661049183e+01
2.565670983067036559e-02
2.452145905763369882e-02
4.777071669084254069e-02
3.568259589789457564e-02
1.477656258452864080e-04
9.710424705992528605e-01
7.958443519008906453e-02
1.221903348391556010e+00
2.466970695872350294e-01
5.461124987012677678e-02
1.571162270755617669e+02
1.865866445513333360e+01
2.038471927819474061e-02
4.718319407047699698e-02
6.000177694876818180e-02
3.265470688880833805e-02
1.118822580669087685e-03
9.656341835558568398e-01
1.034244161691008773e-01
1.146278609160820361e+00
2.255957395034868251e-01
1.377650233934391011e-01
1.514534034485206462e+02
1.915858335697003767e+01
3.601840643778331241e-02
7.031735128677496505e-03
5.882618636862457784e-02
3.535573898870603138e-02
8.107612772456640471e-04
1.002883668470191170e+00
1.607074641622996958e-01
1.152881646623672429e+00
2.475808336775809082e-01
2.793512166324729762e-02
1.614929559398201775e+02
1.677816124620713722e+01
3.799266330120509849e-02
2.889977047597303006e-02
5.778593410674104369e-02
4.630972540199951304e-02
1.012190693772119232e-03
9.957631581904545781e-01
2.390133732180551307e-01
1.221874525821654123e+00
2.302594537237401817e-01
6.250270379474009985e-02
1.677843010874706806e+02
1.751528057549038309e+01
3.438203392464367347e-02
3.255664788800238796e-02
5.038047125262568038e-02
2.964864645038312041e-02
9.476537268882090359e-04
9.810751436535879444e-01
3.289540161417220943e-01
1.190370701575112156e+00
2.520299534137971365e-01
6.107662342210273820e-02
1.651057171874148821e+02
1.664251717025616273e+01
2.607192958365533997e-02
4.821952971976739555e-02
5.299208928051024614e-02
3.406805874186957794e-02
5.281897359055154340e-04
1.015772881796834781e+00
4.905908456703733100e-01
1.198126228146445316e+00
2.252580975489458792e-01
8.413066210696819314e-02
1.676745729304792007e+02
1.960348715876832415e+01
2.563048977697435227e-02
3.786894152563058391e-02
5.246779272547463790e-02
5.223641554051750013e-02
6.068953433602253256e-04
1.097909265410529356e+00
7.169557686065327617e-01
1.225568525259941977e+00
2.894574972941377222e-01
1.595123908185103467e-01
1.522846444680438935e+02
1.751360895841225940e+01
2.980671686607094806e-02
2.269882312028514981e-02
5.680898376397958138e-02
3.244628540444716158e-02
7.879883851058533395e-04
1.036986281143503552e+00
1.055198523860048754e+00
1.159055171526716999e+00
2.101835465277933912e-01
6.828106818557611035e-02
1.630674875284182406e+02
2.102066089865731513e+01
3.834117979961138012e-02
4.347914036220035250e-02
5.113736365727539201e-02
3.235648505106381023e-02
1.305947755420033829e-03
9.827282402535517658e-01
1.553448661925348473e+00
1.181645613284354246e+00
2.243899343968958626e-01
1.214633474440773853e-01
1.660639425298004141e+02
1.787602861640257501e+01
3.132265915878340579e-02
4.371638274709210847e-02
6.629246220999474026e-02
7.493002865664455392e-02
1.077145331074280676e-04
9.813843100771802996e-01
2.289110462329733586e+00
1.152923373692429809e+00
2.235027498666030676e-01
2.580623825675532612e-01
1.473976481753197447e+02
1.655303179080504350e+01
3.516795349061463405e-02
3.996039773443094134e-02
6.437113738097521853e-02
2.499504748636471874e-02
2.509909846462043959e-03
9.184811088105362398e-01
3.372152489327992164e+00
1.180634147316323990e+00
2.681693441053956128e-01
2.034065142361618228e-01
1.599693269174592274e+02
1.653817336610713795e+01
3.263808525931000126e-02
3.182966890921234970e-02
4.958514103212019464e-02
5.276912568278890880e-02
1.763902323995703014e-03
1.018073216744338705e+00
4.957209241497203323e+00
1.204796788311866873e+00
2.318287523475515144e-01
1.541136895143824237e-01
1.572012813620199836e+02
1.806155888443251456e+01
3.548843277191959800e-02
5.862121914306794856e-02
5.952709874586292749e-02
7.733307447472359542e-02
4.060687512545957389e-03
1.025795993920119775e+00
7.304023890341670544e+00
1.225956267342488637e+00
2.488817970231050614e-01
3.684219606980820849e-01
1.487207307606867346e+02
1.888424074125997265e+01
3.967268314964300657e-02
4.222805252222738837e-02
4.673693466702211197e-02
6.103343866826871356e-02
4.530942197048526410e-03
9.864995687300510685e-01
1.075932676562417356e+01
1.279575786451622399e+00
2.577576841071461122e-01
2.850460936731735173e-01
1.404633289618956837e+02
1.201355182835555979e+01
3.793640779833351573e-02
5.474363016754635325e-02
5.951899796673099097e-02
1.155712236671602305e-01
7.433710989466213448e-03
9.543359135338179700e-01
1.585507240385628158e+01
1.163411384293879580e+00
2.119021901307705513e-01
4.006249739463951798e-02
1.421051349831654989e+02
1.545772596266298926e+01
3.109410662014533422e-02
2.714627379755696346e-02
5.787688284946357342e-02
2.068490553221336015e-02
8.669997616006508423e-04
9.231427285830696716e-01
2.108387274504892883e-02
1.106001469575021767e+00
2.148855590759301826e-01
2.034617074508925927e-01
1.404466421646172023e+02
1.566764163015856859e+01
2.131867749949889479e-02
2.505671546371934788e-02
5.019382625792823127e-02
1.637806781105921594e-02
1.186757897904122672e-03
9.753303097235569430e-01
2.307133710615201158e-02
1.167407760531885552e+00
1.917242301009780270e-01
7.848163197774482569e-02
1.489646335773213650e+02
1.579922936078829032e+01
2.404159145574791268e-02
1.922333892446115300e-02
5.153500392501397798e-02
3.459657509736979719e-02
1.527708202612165778e-03
9.259673330601946306e-01
3.309428917547417581e-02
1.159338138023232601e+00
2.539948612414432705e-01
1.972435555278428954e-01
1.363740544880120353e+02
1.484141110577255596e+01
2.295981198457308636e-02
1.290739647244687482e-02
4.950786805067775020e-02
2.731648475513104302e-02
8.199902966399275073e-04
1.065922154167249447e+00
4.195289961975021131e-02
1.216039288773753668e+00
1.656386835775536803e-01
5.376951377102701102e-02
1.476022130198407183e+02
1.692428888345620308e+01
2.573284365038008836e-02
3.349288308230002897e-02
5.185700849059338147e-02
5.099818629063834763e-02
6.854000736900012214e-04
1.035048203091521790e+00
5.462049730149204363e-02
1.185737982784131006e+00
1.787861057142536847e-01
3.903585196331271767e-02
1.473988228673966034e+02
1.675127493458894534e+01
2.894932972150376926e-02
3.525143071264169592e-02
5.217710279959764108e-02
2.764861338337420982e-02
9.618655734233705346e-05
9.717012970022520513e-01
7.658924875394551579e-02
1.192562381278165828e+00
1.972730607135308456e-01
1.537276940332566733e-01
1.338057926278079606e+02
1.620129794167496584e+01
2.972061979663043196e-02
3.408400930473565182e-02
5.670119497609760195e-02
3.038343193931924979e-02
5.614353263261318006e-04
9.682046219243346519e-01
1.079218100708051881e-01
1.145015514323005412e+00
1.910178228510406029e-01
1.143740593023967328e-01
1.293647202844845481e+02
1.486364775575960806e+01
2.782429084306259348e-02
2.362037801911132107e-02
5.512059735224839052e-02
3.672020230537698104e-02
1.095807015003558149e-03
1.003066833540763536e+00
1.547648832516894113e-01
1.140288161835788738e+00
1.593274903963170785e-01
1.140901108191383351e-01
1.458318725293318892e+02
1.701781979061459182e+01
2.695296920191214696e-02
4.109445451755289191e-02
5.413270628398914042e-02
3.236448224378185579e-02
1.221994636033674198e-03
9.963443573957539989e-01
2.254122314497349067e-01
1.201524695311743995e+00
1.766711858508796251e-01
1.926909002642996915e-01
1.433613150589223437e+02
1.657973807320393789e+01
3.310265236371456865e-02
3.399892805292181741e-02
4.981464631909737761e-02
2.205224214982592912e-02
1.487613172997948041e-03
9.812317049384854384e-01
3.298199024310795036e-01
1.165666878422016106e+00
1.824167842460822364e-01
6.009409713864766189e-02
1.438400116594185363e+02
1.636945584611377313e+01
3.325340907394225276e-02
4.655840596708760160e-02
4.612733956042558425e-02
2.810266781103187839e-02
1.015561686014132547e-03
1.017748807737882455e+00
4.835998141012397000e-01
1.161398927896799549e+00
2.028630911312934160e-01
1.823595966132873503e-01
1.494028928073828979e+02
1.640955953363081221e+01
3.291580660099158173e-02
2.792310738162329109e-02
4.564388599362367849e-02
3.681405343459398516e-02
8.486430712195680570e-04
1.099113848095931267e+00
7.219918105215863413e-01
1.184304533536594484e+00
1.951092239965380448e-01
5.780981255885442316e-02
1.424069217136583916e+02
1.688990655256501583e+01
3.071947944378594642e-02
2.525306775924329727e-02
4.440465458622644412e-02
5.646889641740204802e-02
1.607933335258104890e-03
1.039333608436263656e+00
1.056062235911442215e+00
1.137315745526437105e+00
2.295792664354612267e-01
1.693489649485613313e-01
1.395257130423491674e+02
1.623873887078826428e+01
2.385346732354132193e-02
2.853530825063343990e-02
4.715241158338767669e-02
5.482978696636164884e-02
1.673306144760466907e-03
9.848802987560556499e-01
1.549952102222776462e+00
1.150511013212737854e+00
2.017125071340787335e-01
1.789862149016296922e-01
1.591825431477310815e+02
1.597788090418691276e+01
3.605853854413476611e-02
2.248167674951284667e-02
6.214469786990028943e-02
4.956850610531637891e-02
5.275461045692875217e-03
9.829664801772787230e-01
2.277467995012176782e+00
1.141678465483300098e+00
1.731956976806504345e-01
1.509189315002190945e-01
1.246467763093909582e+02
1.474754714809811418e+01
3.764625949697508744e-02
4.411611344433019610e-02
6.014528934475849020e-02
4.175043151303348132e-02
2.142883199878209410e-03
9.203806036513162425e-01
3.360391520386182940e+00
1.154156771552381500e+00
1.838767179653532924e-01
2.845012156743043086e-01
1.446094529793104186e+02
1.684631179085151942e+01
2.843570416037999316e-02
3.602298437450079938e-02
6.038581286058053443e-02
4.894136967546813821e-02
4.834067709726941331e-03
1.019163518459566209e+00
4.951776785359219168e+00
1.190755652748590521e+00
1.788730686835449391e-01
2.441026353239161284e-01
1.302738042321698231e+02
1.282649510222711875e+01
5.734046131472547714e-02
3.959476017752483479e-02
6.180950911174654117e-02
7.637953956424081703e-02
3.500464701204908380e-03
1.027260600003783164e+00
7.306024566661169395e+00
1.213262560183069105e+00
2.018785339408646351e-01
6.968058827233269970e-01
1.199622060465490136e+02
1.077610466297408109e+01
3.800524845431696441e-02
6.728578930816686565e-02
6.364195023070284840e-02
1.476244125006431762e-01
7.457570690267978364e-03
9.889673128790377188e-01
1.074798828864147104e+01
1.226703608020661473e+00
1.604832445337078806e-01
7.950080093277889226e-01
1.178036295110848926e+02
1.352126865863096761e+01
4.058090601897101912e-02
5.119044220983748339e-02
7.346839549960848537e-02
1.115736161280478228e-01
9.574304549997414426e-03
9.584042949204917283e-01
1.585376311054906040e+01
1.154843397113295866e+00
1.755839593572882940e-01
4.073200469001281299e-02
1.293771090317062260e+02
1.380860423846549523e+01
2.461575151717410037e-02
2.083148231150078189e-02
4.555801604257725401e-02
3.510262002532793524e-02
6.245060654197498451e-04
9.470527904930182705e-01
1.741297074248258220e-02
1.097110544309123359e+00
1.529025084503543852e-01
1.005327241596576521e-01
1.306194354039245695e+02
1.257663602405817471e+01
3.116055424957298037e-02
3.709514696776827769e-02
3.891985881861570462e-02
6.783555865221169157e-02
9.687730510277159368e-04
9.904357193526337477e-01
2.313668636558178018e-02
1.161437454947116477e+00
1.558982307500311748e-01
2.718368280380856206e-02
1.353563325941141215e+02
1.482605575586380198e+01
2.558785885339309729e-02
2.388822932283374278e-02
3.894301450351522753e-02
3.397377616997765415e-02
6.016122344876251304e-04
9.558313245239524747e-01
2.553622783126450330e-02
1.168589604206368149e+00
1.520573657507207077e-01
1.161464978404979920e-01
1.214685952946007035e+02
1.381993126004994821e+01
3.793862440723327900e-02
2.644230840088246381e-02
5.019506909404891637e-02
6.408682600175352739e-02
1.623598682699567419e-03
1.085337519151334140e+00
3.348103940866834632e-02
1.213730662225742662e+00
1.909776103120518764e-01
7.794390632624104143e-02
1.320822092229923044e+02
1.255677555477778995e+01
1.959899469858528143e-02
2.655085332787576746e-02
4.468629919408773077e-02
5.246502372370787093e-02
1.571753862333880036e-03
1.067376676724747009e+00
4.771481513348598685e-02
1.177919922156576371e+00
2.043369506823823067e-01
6.254437871868301357e-02
1.316855490521854222e+02
1.333439390105677447e+01
2.662736735625337303e-02
2.774400686532119131e-02
5.216445312680728641e-02
1.031938019756539759e-02
3.243748033932014607e-04
9.988180022750985376e-01
7.516603537306593141e-02
1.171545900686072006e+00
1.646773872689988594e-01
1.405327763344843273e-01
1.225850345697809587e+02
1.490756437812551738e+01
2.546051321420828017e-02
5.180390695162961912e-02
4.827126772661283205e-02
2.783887031056808681e-02
6.153555795351817181e-04
9.988479877274225593e-01
1.088434374696594098e-01
1.123578991430381757e+00
2.048018370539539668e-01
7.476547011315948232e-02
1.226850073404491042e+02
1.227964849302796857e+01
2.451776810930450523e-02
4.118842001773925787e-02
3.477107885723751401e-02
1.343379383528686688e-02
1.242937027498003388e-03
1.039193357105687499e+00
1.528638418355118822e-01
1.106773584967918111e+00
1.804798710059429823e-01
1.532983642833829208e-01
1.336120319223814192e+02
1.512535364965681595e+01
2.353189368491159783e-02
2.163127544175136308e-02
4.546769620590085381e-02
1.834679128171923246e-02
7.205606513327467155e-04
1.017917935164275089e+00
2.335476504893326810e-01
1.169310194078518883e+00
1.865077522368852325e-01
1.152013806563600973e-02
1.387907536937507587e+02
1.527571912041596036e+01
2.729277995235479537e-02
3.980971561122648161e-02
3.522882308619634806e-02
1.704411631953228756e-02
1.024334189982933907e-03
1.013776972021626976e+00
3.296911474463720126e-01
1.147305937468066972e+00
1.404617612201708443e-01
8.603903549996068378e-02
1.300246026098885466e+02
1.457950540146078033e+01
2.302205216534902732e-02
4.051405517075390428e-02
5.109485773720945367e-02
5.269667093229513100e-02
2.330144741342632386e-03
1.035334981417081801e+00
4.899712910038394598e-01
1.159504819515407847e+00
1.862318615581448622e-01
6.649639920543237714e-02
1.312190814294029906e+02
1.327697983475239596e+01
3.033687810455321099e-02
3.553920795408727074e-02
4.734909390878616620e-02
4.117244912409945279e-02
2.378944807968075281e-04
1.142230951242229064e+00
7.141422296059489749e-01
1.187698537064417748e+00
1.923094870675845502e-01
1.547450984473719704e-01
1.243982763351534402e+02
1.270082274978964421e+01
2.612539113207690278e-02
3.760305465659197210e-02
4.664199130875235078e-02
5.876368264708387024e-02
1.488219284654368479e-03
1.067762791170576486e+00
1.052319889849277601e+00
1.125970046602076113e+00
1.406460413658650044e-01
3.780683394389583452e-01
1.298832241092380855e+02
1.546851436140995517e+01
3.384170391313001680e-02
3.518885134749627497e-02
3.816437175665821080e-02
5.510749662385072689e-02
1.744295023253794596e-03
1.006739524926227869e+00
1.546338135786634149e+00
1.132020908163010597e+00
1.200662991957679587e-01
3.295883915387143315e-01
1.400034157029712674e+02
1.419350039760197468e+01
4.253894661192525462e-02
6.642241116855518435e-02
5.480706960933945382e-02
7.858863211045119535e-02
3.685997772517879412e-03
1.012296714070856973e+00
2.282720756048933985e+00
1.093245770074867895e+00
1.587670137854357844e-01
4.421220018190596956e-01
1.316377031976743410e+02
1.097752234819162886e+01
3.586948880158646880e-02
1.850247225457124500e-02
4.509369727912937442e-02
1.242016746049079551e-01
8.262053099600263906e-03
9.715784105315828922e-01
3.353281468114733599e+00
1.151857798022995150e+00
1.554965252152895050e-01
2.669815454593948978e-01
1.324713621187350441e+02
1.110718835645094416e+01
3.741575639613303750e-02
5.104634539049635045e-02
5.464674295872051779e-02
7.640270208598476387e-02
6.476875653379510211e-03
1.050201387507415873e+00
4.947707758392553501e+00
1.168608507621136994e+00
1.238294819597940272e-01
5.384763024012472199e-01
1.317852380767368743e+02
1.284109292172207972e+01
3.755905106086587786e-02
7.560331704697498267e-02
6.031124260611586685e-02
9.727592198904844167e-02
8.744463610714792168e-03
1.042486562693786034e+00
7.286680881196608617e+00
1.161962051402224416e+00
1.504485168257773953e-01
8.829333886885680771e-01
1.220581649260823838e+02
1.271640517505268697e+01
5.147324296841060409e-02
7.871711056567254339e-02
5.062919891251072002e-02
1.543644277832301182e-01
6.969332352828594423e-03
1.046912908970645040e+00
1.074015205881275037e+01
1.194631922185016792e+00
9.635563559999724137e-02
8.729902034297677416e-01
1.124723924909538226e+02
9.970467891093214519e+00
4.680022561747709808e-02
7.454566659230943415e-02
7.453271748340095648e-02
1.716095990644116998e-01
1.883346031139709886e-02
9.907573037817826167e-01
1.585684222179284220e+01
1.146055172558508861e+00
1.208387596888349652e-01
3.580421493899555441e-01
1.050208633164520933e+02
1.202392782029703078e+01
3.575186338477309711e-02
1.726360611347566021e-02
4.489908806690756649e-02
5.314903424332162452e-02
3.277844853314393347e-03
1.227054525053111611e+01
1.907653672355681326e-02
1.061233375400751910e+00
1.664909716454798794e-01
2.301659763276709125e-01
1.137895069630902469e+02
1.057020418767439729e+01
3.241816208104486563e-02
2.721794074813099762e-02
4.470549985140070959e-02
9.105769209697854583e-02
2.967900575235882243e-03
1.543273267599611920e+01
3.361870807916340909e-02
1.169253374845498961e+00
1.265369288534868020e-01
2.493446100338369553e-01
1.062752978916776954e+02
1.133447957418890084e+01
2.179303552921063591e-02
5.979030808978436085e-02
4.170505335171381667e-02
5.358361152948853956e-02
3.693182191433219685e-03
1.286547165284463823e+01
2.087969507768817554e-02
1.139316875396079176e+00
1.281034748727849226e-01
2.792781409364774592e-01
1.023809479574151595e+02
1.217321527754593902e+01
3.904122252958108774e-02
2.957626259398549173e-02
3.976534911988349741e-02
5.767774572008055323e-02
2.313613168245520768e-03
1.408673133954296119e+01
4.132463867880474540e-02
1.188070484837387752e+00
1.323308168328795886e-01
3.177567202276288527e-01
1.183721788180057786e+02
1.366166409968004558e+01
2.280214416639503305e-02
5.318252582274474172e-02
3.829428638250531591e-02
5.316521983602329193e-02
3.925391256310861721e-03
1.375309365820908702e+01
4.107082725626667874e-02
1.162284453614922164e+00
1.681671352114166851e-01
3.610437966976188240e-01
1.152619343689166982e+02
1.099766231217468260e+01
2.712313571015978475e-02
3.751282934988164897e-02
5.152536559236420288e-02
5.837520598753864753e-02
4.892898640936893528e-03
1.170442360951685679e+01
7.159154705661899265e-02
1.150471205161943455e+00
1.315809016147129473e-01
3.863204685185995246e-01
1.138749885856838944e+02
1.206775584972679560e+01
3.913765881592312645e-02
4.649176093939777488e-02
3.963860409078368008e-02
7.004267046272660835e-02
5.622018348352408879e-03
1.498777769475956312e+01
9.633935473718058251e-02
1.110801123852509287e+00
1.413109566639592085e-01
2.164625630409888479e-01
1.070996600525220970e+02
1.199109567028492407e+01
3.679107383487312255e-02
2.901901619277280631e-02
3.688035131651057341e-02
6.347254555238768248e-02
4.796866473244509876e-03
1.996139701226703167e+01
1.328463071284078090e-01
1.094839620135218183e+00
1.809244179950376119e-01
4.508398999024021414e-01
1.151163840324075665e+02
1.040787532004646287e+01
2.854174619384641787e-02
5.334750689191758433e-02
5.188333347766027615e-02
7.744496590516347645e-02
3.853679193518422252e-03
1.763116710182719871e+01
2.200076052959326622e-01
1.177170063476563611e+00
1.166821038654952819e-01
3.193494992388800635e-01
1.118704105800573814e+02
1.065456254983572038e+01
4.244270939532834852e-02
3.518261534151467806e-02
4.708105289668362836e-02
8.834428668125454687e-02
3.192453791960314646e-03
1.639221560997793503e+01
3.209105540926348032e-01
1.145594868647372921e+00
1.411234329680655375e-01
4.142691383167730335e-01
1.100060964235706535e+02
8.551078534002003906e+00
2.694801998592066816e-02
5.385611016833435905e-02
5.347671324195557574e-02
1.084064043531496324e-01
6.478661357526283027e-03
1.564000705035914329e+01
4.718565670891997632e-01
1.127680094955014978e+00
1.128933767924056447e-01
2.382545941332869788e-01
1.296818713228975071e+02
1.341930773467282911e+01
4.527419460897297299e-02
2.560246712570712901e-02
3.184881414855289528e-02
1.081151293888926862e-01
5.427976693972436095e-03
1.502648280259995772e+01
7.014200108118096022e-01
1.135707126255768529e+00
1.521833385809401307e-01
2.550479659109917141e-01
1.130042378592284820e+02
1.183580456734036090e+01
3.470167886158059822e-02
6.387353626292502362e-02
4.719450697446170295e-02
9.866201384692517562e-02
4.423292555464364284e-03
1.651085851502639912e+01
1.067588247641194199e+00
1.126411007057491753e+00
1.909023605893289954e-01
5.136512534122164020e-01
1.080134998083101152e+02
8.208068562130693024e+00
3.315885442412680462e-02
4.144676301329419665e-02
3.740805769059551977e-02
8.784821337261213003e-02
9.370171893022805065e-03
1.665876523165917789e+01
1.533275414249138935e+00
1.133349075997204469e+00
2.148486070330691555e-01
3.232002035309479160e-01
1.143743065520581865e+02
8.924340404929150594e+00
2.332632040833559905e-02
7.652495406452297644e-02
4.474703453727690849e-02
8.645137430325799954e-02
5.205549070669279743e-03
2.285513448296945072e+01
2.271115013418496531e+00
1.086180365470674314e+00
1.518649073457034870e-01
7.378413790322079224e-01
1.065415268231643466e+02
8.602354618395505526e+00
3.610587024089007002e-02
8.186500495777401798e-02
7.527004734653397477e-02
1.319583252447753263e-01
1.105168181867233201e-02
1.849949920631454248e+01
3.336984413134807870e+00
1.095361693469748543e+00
1.191746951016270373e-01
7.608770625123315590e-01
1.175007478449427794e+02
7.768559893220637669e+00
3.424969710522751676e-02
1.681609375142256446e-01
4.280488485148836730e-02
1.623643994060519347e-01
2.265879393089531568e-02
2.208336074076649780e+01
4.942078179932797966e+00
1.087163301205025467e+00
1.147655078565568004e-01
9.191090440228544267e-01
1.182758093297159405e+02
9.541885813125141169e+00
4.881209656567242483e-02
8.575787544746084345e-02
7.244886163207953089e-02
1.727743198974840411e-01
1.122416667409198432e-02
2.520271736951861996e+01
7.300804933875065572e+00
1.132179091559166739e+00
1.186694359911999591e-01
6.583139456791197164e-01
1.149657308850063231e+02
9.080274573446374120e+00
6.158250008108323570e-02
1.122874327433886765e-01
6.901152780485864113e-02
2.271854865518396493e-01
3.048041603405771127e-02
3.651339568992400331e+01
1.070650912115009490e+01
1.138149509080612409e+00
4.480908689784790511e-02
1.287606576254288981e+00
1.187999750249385045e+02
8.181727621287109287e+00
8.405447162604830214e-02
8.585655614927523160e-02
9.123308297374506382e-02
2.699527428024205977e-01
3.955017417962447546e-02
3.785693891089431418e+01
1.579312515740108225e+01
1.101563486231447841e+00
1.292898912177764537e-01
8.058165849388154722e-01
9.649302357118135376e+01
6.850439296066476835e+00
4.174975060568186791e-02
4.980246299337576232e-02
5.347122720408825636e-02
7.090759419229542004e-02
7.013530211718022045e-03
3.071229223830760588e+02
5.384466325028045008e-02
1.047845382736102282e+00
1.164770604179421742e-01
1.582078034272363043e+00
8.175028091156035259e+01
8.558227138669677103e+00
3.122740038863036638e-02
1.242896108393565235e-02
7.374564192271448881e-02
4.594213421580950474e-02
1.078178417718955728e-02
3.428154725416472957e+02
4.700957286920415257e-02
1.151188115282498536e+00
6.968025835336733032e-02
7.336588119363385285e-01
8.694239868457732712e+01
5.376344759270035745e+00
3.772057442649856540e-02
2.859003157550166208e-02
6.537400709017648914e-02
7.511741740207966700e-02
1.075445226993654302e-02
3.273710560906185947e+02
5.820499056396356147e-02
1.126130592070525793e+00
9.657413571629301641e-02
8.867535411346969543e-01
7.466401063593616527e+01
7.414262122968414026e+00
4.032882050296615617e-02
5.156019354202068250e-02
7.103810554166978264e-02
5.746391294646158165e-02
4.909714424220501527e-03
2.391471488002885337e+02
8.223398899456865752e-02
1.174918369133270524e+00
7.712556877595755367e-02
1.591980435740068645e+00
8.813196145720344532e+01
4.810694766863945482e+00
2.907770106420959344e-02
5.143029750385275101e-02
5.506358540494526999e-02
1.392861384735921693e-01
3.434102214684431331e-03
3.799310810534923348e+02
5.920973604184664313e-02
1.172084314686249407e+00
7.027951910037577576e-02
1.002331680878059572e+00
8.079306308213064369e+01
8.160055941711359395e+00
4.067965406045481735e-02
4.566725455438902515e-02
5.223589485698121315e-02
8.202735923766635295e-02
9.230181577722929021e-03
3.071015650497674301e+02
8.947910480459092541e-02
1.127237931255499426e+00
7.591743792018212922e-02
9.700729256572104831e-01
9.585244034987250927e+01
6.291854494119672125e+00
4.695344882031604605e-02
9.541513583291472145e-02
5.529363151617894268e-02
1.321077248128532389e-01
1.594250595856938624e-02
2.633943355073458292e+02
1.045510413970969638e-01
1.124326556566956903e+00
7.962488030881287315e-02
8.675047405253576427e-01
8.350239177760134623e+01
5.194328119236916841e+00
4.009384162883766756e-02
4.566672432354978994e-02
6.108628416390149418e-02
8.891448517143631103e-02
9.163747801340660359e-03
3.702906694444221785e+02
1.454987348895366850e-01
1.082011915989130824e+00
7.549643990039989205e-02
7.145563311926160788e-01
1.008337137376988579e+02
7.436065331881020590e+00
4.764939673340795601e-02
9.076756834342612767e-02
5.198969233100259046e-02
8.478370085530094469e-02
1.334084314672301375e-02
3.489078063254702329e+02
2.244373787874616166e-01
1.164342350141208682e+00
8.555164203076669194e-02
7.603081873445717287e-01
1.056547244987109622e+02
6.642053800552596421e+00
4.605065268886376906e-02
7.222817196559150332e-02
7.240376308142226769e-02
7.487110507911842738e-02
1.495128569112380568e-02
2.847400787706223468e+02
2.887442373077100388e-01
1.100486950773585937e+00
8.842125157160095339e-02
1.238490283909151612e+00
1.106067889503487578e+02
4.857178452457256768e+00
3.109055181722109040e-02
6.442282167211654809e-02
6.904946917574261711e-02
1.237368811399752883e-01
1.667473964446331003e-02
3.594409638332885493e+02
4.551592406991862294e-01
1.149714784962954983e+00
7.542511558332187782e-02
9.779582216267656003e-01
9.564447321040189820e+01
6.714688086773341169e+00
5.402919348334034311e-02
5.437415936962786134e-02
5.824454888010421882e-02
1.039449348995424710e-01
1.443508268931803507e-02
2.739352557490836375e+02
6.926040040601444403e-01
1.145434907743592579e+00
6.869145066702220248e-02
1.187048230635814328e+00
9.329088629601400839e+01
7.846181068148601945e+00
6.071960990516878098e-02
7.194078166846362699e-02
6.207397481269971706e-02
7.309261592592375401e-02
1.304761018571021225e-02
2.443895475251199230e+02
1.039501957848784963e+00
1.035335635604057725e+00
1.017848748724303615e-01
1.670771049925922958e+00
1.144957632280914481e+02
7.233028074124908890e+00
4.495724140797019430e-02
7.383220693936043411e-02
5.519511352417127981e-02
1.451446927603794179e-01
2.239405099060176596e-02
3.863500876827015418e+02
1.525160155640634230e+00
1.090898339609417178e+00
7.982783980663543666e-02
7.775682254442749519e-01
1.070212982725827118e+02
7.674011634496444856e+00
2.997422166479579708e-02
7.049750264009113643e-02
5.188929285873222774e-02
1.383732120684911249e-01
1.932884063188700097e-02
3.532859358547946727e+02
2.293360156026376551e+00
1.144756698536053774e+00
9.033302605940818353e-02
1.491685759356596197e+00
6.139780654782903468e+01
3.893947293389841136e+00
5.885518750522900078e-02
5.519244655700861202e-02
7.483333082984100493e-02
9.946374017429039649e-02
1.395364880319882595e-02
2.736503562059161254e+02
3.311576098854447814e+00
1.127503816971902717e+00
1.282902597786783616e-01
2.650872727428723152e+00
5.721034048278370676e+01
7.609903163808890980e+00
5.814073211769521521e-02
2.516081440406603420e-02
8.592735199642653754e-02
8.886256904869992146e-02
2.756186177602315546e-02
2.510968713728079535e+02
4.926216297389725440e+00
1.117020310919992765e+00
1.119181688237880223e-01
1.567875242707436945e+00
9.799696124084857729e+01
9.630794952167841316e+00
3.905964657795357731e-02
6.592546127560550140e-02
8.869663376547819167e-02
1.286368606067600506e-01
4.236206820190435707e-02
1.721029491446478517e+02
7.217890902115920326e+00
1.024599967934977096e+00
1.032987791083617435e-01
2.888966998880805548e+00
1.042452534658786334e+02
6.498384912196675245e+00
8.779108168121112221e-02
9.448619429120676261e-02
9.972248269155549460e-02
1.960454833515235806e-01
4.114241357721759584e-02
1.296718384436499036e+02
1.075492911780016314e+01
1.182840987784754549e+00
8.244574154599337845e-02
2.688977726087882214e+00
1.118663597196315465e+02
2.861006892340216101e+00
8.106891288107265225e-02
6.758411215221138413e-02
1.292417354299657262e-01
1.852475593678537535e-01
5.760370250082469390e-02
2.009072846873604021e+02
1.563081393682025855e+01
8.964169963753444437e-01
6.314039115588476747e-02
2.308393372893521089e+00
7.393222396595957946e+01
6.526319014158463716e+00
4.127761956260522780e-02
6.541003799411915232e-02
4.903964262946036712e-02
8.028125114200033996e-02
1.924575586162324825e-02
1.000000000000000222e+00
2.586577589091696994e-01
8.171541836155106209e-01
1.027810905546034104e-01
1.632514352492737242e+00
7.845950537371379596e+01
6.270971557316332934e+00
3.706798969567381974e-02
6.020228182870401845e-02
9.488016023916244490e-02
1.207023112949656973e-01
1.869513309204928753e-02
1.000000000000000222e+00
2.894455832927141370e-01
1.067169861516779061e+00
9.483681270502808403e-02
1.129198012637306681e+00
5.367166536423528811e+01
2.094292433064378400e+00
4.078758686854810911e-02
6.167972223837914214e-02
9.457541603967943578e-02
6.159380399397007544e-02
1.971310782413970841e-02
1.000000000000000222e+00
1.259376270906290840e-01
9.371560431993040119e-01
1.116471346996405906e-01
1.221516129181712040e+00
7.416916922339751750e+01
4.633916858911094394e+00
4.841228818310505666e-02
5.646806260754755336e-02
6.333619283273250744e-02
1.286033096448080115e-01
2.378160369227222404e-02
1.000000000000000222e+00
2.611547948218320148e-01
8.848836427861086484e-01
5.698405327417388477e-02
1.991852174536569375e+00
1.062888566525176657e+02
5.475998655289025407e+00
3.928445413103998085e-02
7.301433636903609248e-02
7.547694045021868803e-02
9.738717598805513020e-02
1.967180119642586433e-02
1.000000000000000222e+00
2.392383773700238747e-01
9.704266699633434801e-01
1.307373069552231759e-01
1.314391394819502956e+00
7.768648116692989447e+01
5.931487443126950865e+00
5.277317467169417853e-02
5.054594936570788732e-02
9.262903238682067275e-02
5.830116990858003057e-02
2.287094543009904335e-02
1.000000000000000222e+00
1.866064260507506178e-01
9.159503091380983841e-01
1.205651243132421363e-01
1.528932335567638967e+00
8.673972230985940257e+01
3.240374153529529622e+00
4.466333664587929242e-02
7.168286430678683097e-02
7.149519396491887946e-02
1.087689769396605055e-01
2.165250008038577256e-02
1.000000000000000222e+00
3.127280656352002253e-01
7.909611801088435312e-01
1.165868501959965720e-01
2.109774943806953296e+00
9.742295420002874096e+01
3.563804155822069220e+00
4.381086548078894083e-02
4.109509089270102500e-02
1.032719612650778579e-01
7.779189563858479595e-02
3.238774399469845910e-02
1.000000000000000222e+00
3.955384635932855941e-01
8.878833924262662380e-01
1.112737073429770074e-01
9.611009269097920971e-01
8.928103476407085282e+01
2.879455228890731355e+00
6.937584385902084705e-02
6.139620937353984509e-02
8.538204698924083125e-02
1.346590026219796066e-01
2.013081317909448664e-02
1.000000000000000222e+00
3.211288532228389614e-01
9.513176724053298283e-01
1.010797222232895504e-01
2.035559487979452964e+00
8.123465220776225237e+01
6.041654585877812345e+00
4.364961524996546771e-02
9.708444269659885495e-02
1.085475701334703974e-01
9.969096859249182430e-02
2.572514033570838521e-02
1.000000000000000222e+00
3.418577843184568144e-01
9.863930782363594663e-01
8.258001810497962725e-02
1.220304318998170823e+00
7.408657490916402821e+01
4.249700267250796415e+00
3.771446591914973112e-02
7.392863189662701728e-02
6.307315681285508013e-02
5.365440861584525045e-02
1.546585571532199666e-02
1.000000000000000222e+00
5.861018593053198833e-01
9.674839522999431063e-01
7.870090584829791958e-02
1.400073726831598364e+00
8.006154063959328937e+01
4.117972923387658746e+00
4.096635705153395257e-02
6.010665786889912710e-02
9.972726625182119775e-02
1.141655598766377760e-01
2.021028116791501184e-02
1.000000000000000222e+00
8.245669430012969592e-01
9.443981212231911115e-01
6.936843114015878164e-02
2.345501618367572316e+00
8.020774184583156341e+01
6.963303695625412182e+00
3.732091807759352342e-02
8.097201510097074006e-02
8.062361893126702983e-02
1.464819297267960507e-01
2.158466676172032805e-02
1.000000000000000222e+00
1.006550392603403399e+00
8.671413845188777891e-01
7.440169429900000964e-02
1.362146604890776880e+00
1.081375122705843950e+02
6.582988833251002703e+00
5.706677104712509774e-02
8.265386702059007717e-02
9.455376647924397526e-02
1.330241980969149029e-01
3.158876030311619232e-02
1.000000000000000222e+00
1.508109640191397594e+00
8.158780671849384936e-01
7.254794370044503893e-02
3.100797554600814632e+00
9.013720983972226009e+01
6.692029625805138160e+00
5.265166398086718047e-02
4.649753206094731084e-02
8.612536659359569524e-02
1.434722834626067089e-01
4.369213966276208616e-02
1.000000000000000222e+00
2.358360768270827190e+00
9.162002268377924530e-01
3.343028762291755385e-02
3.152131295285803603e+00
7.430377640226004132e+01
4.553009398093966098e+00
5.757091624794985485e-02
9.631285648243556596e-02
8.592515273285196431e-02
1.075720610359121171e-01
4.240718795811226904e-02
1.000000000000000222e+00
3.054580919380240012e+00
8.248509113644142410e-01
9.348167409531818461e-02
2.141559312131948722e+00
9.145591987398282185e+01
6.135871379354797206e+00
4.329180008713962025e-02
2.436772626484451365e-02
1.318300696637708658e-01
1.569524132652777848e-01
3.887051435594979232e-02
1.000000000000000222e+00
5.110186951134268796e+00
7.551862134673191784e-01
9.165095505629494710e-02
2.323900647233831940e+00
1.250786203909554786e+02
9.405662713658328400e+00
1.093713811871976915e-01
6.067636221610772651e-02
1.202176663986509325e-01
6.901732440458441253e-02
4.170203848212317155e-02
1.000000000000000222e+00
7.280293809562049745e+00
9.814132813279884404e-01
7.977775439439227512e-02
4.257198231577626224e+00
8.384382276560208425e+01
3.373014696277589763e+00
7.885431583636637320e-02
1.332124154807690641e-01
1.099063069473315973e-01
1.338444905054658740e-01
4.534181916741153451e-02
1.000000000000000222e+00
1.010884518041107860e+01
8.076373843780128015e-01
9.789709318019367001e-02
2.201733165581829965e+00
9.699697202741896263e+01
1.052666372440912212e+01
8.250929184615120315e-02
9.703440858522370538e-02
1.352258327048494468e-01
2.693070394933727574e-01
4.233837310792853970e-02
1.000000000000000222e+00
1.588433856571407432e+01
5.641751165095088005e-01
7.318199394033997329e-02
1.717461358082352563e+00
2.150499931683770782e+01
3.182326779224531332e+00
7.935328022291909811e-02
4.882003618552177571e-02
1.115817259653173049e-01
8.509263977483637331e-02
2.583293099757577593e-02
1.000000000000000222e+00
3.676635191585236218e+00
5.088690299145415263e-01
5.392360570736887126e-02
1.242537711577731629e+00
2.012456052812972374e+01
2.891569246540812710e+00
6.637701274536111917e-02
1.874273454713060172e-01
8.770996986320446498e-02
9.663170837206246089e-02
2.258296680038629489e-02
1.000000000000000222e+00
4.063307450628000694e+00
5.119175903391105509e-01
1.043531922079321411e-01
1.525480738707035711e+00
3.012387846204932274e+01
5.693185719417104274e+00
6.852554533538834924e-02
6.109387986840020268e-02
1.374240183608299859e-01
6.566592582945229850e-02
2.643450197127417134e-02
1.000000000000000222e+00
2.954923278412818544e+00
5.634972708975383160e-01
2.600454899999715686e-02
2.868991364036784120e+00
1.565534121841502646e+01
1.558148412338557387e+00
7.501902114392167142e-02
1.024281822746664489e-01
9.665961073262561987e-02
1.285859822913126838e-01
2.739801188329615833e-02
1.000000000000000222e+00
3.199602460950450755e+00
5.494275673982630392e-01
6.249157356798984431e-02
2.424324109103601632e+00
2.383431421512872106e+01
5.725719113077628819e+00
5.269587848451551260e-02
1.080602021103870963e-01
9.478399305437258671e-02
9.150575756740389477e-02
5.383595317671741043e-02
1.000000000000000222e+00
2.907415442678232598e+00
4.988456564680774918e-01
1.181236404524121791e-01
1.120756940624880738e+00
4.444575053229943506e+01
3.508590988045447112e+00
3.446986109859051517e-02
1.015081983464971443e-01
1.173116601296764483e-01
1.477635950553990440e-01
3.052424430395328514e-02
1.000000000000000222e+00
3.739987636211654198e+00
3.736494300393733980e-01
7.000813708601172358e-02
1.453616086117393236e+00
3.357325657352470216e+01
5.236318548567994391e+00
5.002049468285418854e-02
1.198560917016844446e-01
1.371336333647099615e-01
7.103995970042520369e-02
2.725789915605680847e-02
1.000000000000000222e+00
5.665017339790446194e+00
4.870667731006638745e-01
9.900127195756837362e-02
1.995793822380842908e+00
3.004428651617391210e+01
2.075379848205445299e+00
5.728863979874043721e-02
9.162190433561478997e-02
9.291129803242535734e-02
1.503010473286580939e-01
3.453419783372213558e-02
1.000000000000000222e+00
2.479399001395907742e+00
5.336819167850260781e-01
8.043902716458051216e-02
2.018693994316532070e+00
2.233736748565844721e+01
3.235832618952553030e+00
3.622914629153539678e-02
4.560329270583252104e-02
1.006381761183050699e-01
1.284200720418959829e-01
3.287410121376566075e-02
1.000000000000000222e+00
2.703046585714462768e+00
4.803483277307085131e-01
9.465996943071824932e-02
2.028727546629470524e+00
2.763067914260301094e+01
4.740442208687269954e+00
6.920615286927001009e-02
9.673047283799139640e-02
1.715566422400871260e-01
1.117444998813432733e-01
3.372543433580510452e-02
1.000000000000000222e+00
3.685876061591613961e+00
4.796360661816755355e-01
1.007288919863391641e-01
1.386715441152625239e+00
2.432767730162572661e+01
2.888634975820638662e+00
7.903414579890077896e-02
1.682630343403667683e-01
1.215303000908351944e-01
4.338921172476917221e-02
2.241189789907394037e-02
1.000000000000000222e+00
4.617143801284479210e+00
5.299743118168019906e-01
3.746251371829711907e-02
3.229701458773395650e+00
2.889551585822844615e+01
2.792298362761888697e+00
5.193627120087196403e-02
1.141238621327811120e-01
9.763415142329591456e-02
7.875042844627477834e-02
2.924257731115598169e-02
1.000000000000000222e+00
2.197688720202661816e+00
4.800053992206821940e-01
5.618187733047008692e-02
2.351880041248129327e+00
3.778561711071034779e+01
1.920703689435013573e+00
4.925522729025910706e-02
7.774625538787272028e-02
1.393535190401740398e-01
1.604139409190796783e-01
4.671524266363413780e-02
1.000000000000000222e+00
4.071432160804952183e+00
4.750277754455777823e-01
5.934388889391239985e-02
1.950978598158512156e+00
3.097223926997033772e+01
4.197585032672177974e+00
6.007889806350585893e-02
8.269139613111928244e-02
1.302451240069746607e-01
1.274798802562138178e-01
5.334834831111523457e-02
1.000000000000000222e+00
3.858026527671069683e+00
4.778526177930586538e-01
1.022601412321899467e-01
2.149596463492121856e+00
4.023390856995954579e+01
6.834042789875333312e+00
7.053715574194763249e-02
1.083356810080737948e-01
8.411771940136535120e-02
6.385717753617403680e-02
4.192582327864680103e-02
1.000000000000000222e+00
3.552134734846733810e+00
3.817147435204916173e-01
1.284718283993791232e-01
1.860643462916458990e+00
4.190233857756850000e+01
2.344018142275856587e+00
8.007268951113809263e-02
1.426464745819722435e-01
7.741447662704681321e-02
1.163863844388579732e-01
5.002820184807688086e-02
1.000000000000000222e+00
6.573203331978581865e+00
3.458060690570953777e-01
6.735612872410534635e-02
2.047143916484256643e+00
5.988966766902595396e+01
5.841107769366726821e+00
7.413884688846406057e-02
1.112968685107662697e-01
8.539535112478736922e-02
1.049848462491897588e-01
3.687796184906333430e-02
1.000000000000000222e+00
7.445158303406392619e+00
4.917866532646397726e-01
6.490791061139145057e-02
2.543744764776574740e+00
2.953754626087001256e+01
8.899689976601864450e-01
8.986733520096933103e-02
6.300125887543028824e-02
1.408627669177220099e-01
1.593670432840376960e-01
3.481930418774870084e-02
1.000000000000000222e+00
9.416225444614187978e+00
7.522392259455689123e-01
4.408072227019887990e-02
1.584037136036419380e+00
4.809534025962776127e+01
1.808642016014422982e+00
8.084477090574025693e-02
8.933530949886912820e-02
9.983110914452474061e-02
4.828671412964058440e-02
5.460666522144497215e-02
1.000000000000000222e+00
9.081639539877587097e+00
7.793457658013580591e-01
9.802508500290622873e-02
1.388301726534665104e+00
3.447551318434714318e+01
4.970203111132881268e+00
8.851226358844722919e-02
9.899521920151750642e-02
1.566754452835039668e-01
1.417756725329688272e-01
8.427214797524397449e-02
1.000000000000000222e+00
1.229902072172654037e+01
