5.094948184149998560e-02
5.279256397216293417e-02
5.615571934062250220e-02
6.024724155660076547e-02
7.989803900037270590e-02
1.096763078030014715e-01
1.192064892729879227e-01
1.489669495738024096e-01
2.123327895687772415e-01
1.965349801028497545e-01
2.262544542845333351e-01
3.716407597997580803e-01
3.555004507884587661e-01
4.323179236347625132e-01
5.372433385741104406e-01
6.580599050001154637e-01
7.924370754204567158e-01
1.100369695928204550e+00
1.186553184042407505e+00
1.490088473190653184e+00
1.813643454839568792e+00
2.403784605148929998e+00
2.810293261673377785e+00
3.373990787337368236e+00
3.855631866224888071e+00
5.218700953094661976e+00
5.392097265426321506e+00
7.255697938249260126e+00
8.381479220799954888e+00
9.400048221991250230e+00
4.730159729621915415e-02
7.051267003664113409e-02
8.325375309576571459e-02
9.004664238518883534e-02
1.338163401745249004e-01
1.572081947160800242e-01
2.000707230622010835e-01
2.491387724628408018e-01
3.247755052696150724e-01
3.632921396772041955e-01
4.267045748835007757e-01
6.732750793419142177e-01
6.220142793374308088e-01
7.753524709430269501e-01
9.145787115542668433e-01
1.082069206644913573e+00
1.337695260369519357e+00
1.960886242430683213e+00
1.982390902541227184e+00
2.535433942050246081e+00
3.018065925015843032e+00
4.190822197134019156e+00
4.633514210944064793e+00
5.724193826911593952e+00
6.452954387560528637e+00
8.642411473301008229e+00
8.686321261356850343e+00
1.222829551380639224e+01
1.361479542227915296e+01
1.513106310528753085e+01
7.057795597293953227e-02
9.658523314434626361e-02
1.162346483792913998e-01
1.500712008709619016e-01
2.002982080216275662e-01
2.427309953175340040e-01
3.061399111754480318e-01
3.778827828233766728e-01
5.172229964525004720e-01
5.598664015796993576e-01
6.594346213510339227e-01
1.086958750509078531e+00
9.160978701416507830e-01
1.228095832312233959e+00
1.489272370218417185e+00
1.636448431320319363e+00
1.953248492806448633e+00
3.142697167759853194e+00
3.056116696482617634e+00
4.019129590509534111e+00
4.838569400537691578e+00
7.007715059752759323e+00
7.338848138599274762e+00
9.269992067449395634e+00
1.019460437301377809e+01
1.391719445410113387e+01
1.371129718299700428e+01
1.905129258847598095e+01
2.101407618461022153e+01
2.290465262494233656e+01
1.058216315585014250e-01
1.576446130712294003e-01
1.656388729168489782e-01
2.182517375422945161e-01
2.938432741188725661e-01
3.675504648302067023e-01
4.586774337658263145e-01
5.709372861579649072e-01
8.075922468658685016e-01
8.506426658283825493e-01
1.015174236802108831e+00
1.726978666381774774e+00
1.380381230452034202e+00
1.910361002942499109e+00
2.409458593405102267e+00
2.487796748891370591e+00
3.076030179908428863e+00
4.986870119018296243e+00
4.774415811765289064e+00
6.292565880715506488e+00
7.601405508254850396e+00
1.112297974378357601e+01
1.115678007295652741e+01
1.419602726953920246e+01
1.538058924470405486e+01
2.046132446713776787e+01
2.010438066588680783e+01
2.739222201196887241e+01
2.978795325895454127e+01
3.207352053198113850e+01
2.191286919971575375e-01
3.171658182059851061e-01
3.461947132049423836e-01
4.388205652826131509e-01
6.444166136321392013e-01
7.914765580638476461e-01
9.764489619869116677e-01
1.240999282201855625e+00
1.701730698580483425e+00
1.864724381338622727e+00
2.228738686967740357e+00
3.694404339607726850e+00
3.010226608282929206e+00
3.998532550103542693e+00
5.143565227057598221e+00
5.425262349208486157e+00
6.534178052249660418e+00
1.022108204560644040e+01
9.893972427489302390e+00
1.255428298031487699e+01
1.469833640588869983e+01
2.048799624392529140e+01
2.116577483550476302e+01
2.546391210363957569e+01
2.755606827424246319e+01
3.441424756749970726e+01
3.464129511051928034e+01
4.424295608011384928e+01
4.690373536269844124e+01
5.012805152087229033e+01
1.175108834722013995e+00
1.674011697394701459e+00
1.939822323772261603e+00
2.492141143670639103e+00
3.351162136229706601e+00
4.018334972184834264e+00
4.724768939152357738e+00
5.970948984980505081e+00
7.728663084330197108e+00
8.427570568040733789e+00
1.063191007884956640e+01
1.471379801308231094e+01
1.370235068421450109e+01
1.738054828303118171e+01
1.999018484208995972e+01
2.229252796157651773e+01
2.628570780154003117e+01
3.346241516261699900e+01
3.395320381957851197e+01
3.942943144004401290e+01
4.354840026862852653e+01
5.123760801653306629e+01
5.464132580987826060e+01
5.972625284792383837e+01
6.358361520188165628e+01
7.050586126487611693e+01
7.215640571952772575e+01
7.998018216834849170e+01
8.275475508385289913e+01
8.538687629997414774e+01
8.997370058815825189e+00
1.049566864044665770e+01
1.284802261189124550e+01
1.529790389440330678e+01
1.711127248342821972e+01
2.202239731654553268e+01
2.278215752625911961e+01
2.712481062321192837e+01
3.063099335709265247e+01
3.508125916138961742e+01
3.904765319120068057e+01
4.513049033569630097e+01
4.971993768074302977e+01
5.120995788308766095e+01
5.725188230449138871e+01
6.186089446341308928e+01
6.757292692098943121e+01
7.230261131290208709e+01
7.599949905307786935e+01
7.859736467879721999e+01
8.367343273981488494e+01
8.735134333000756612e+01
9.037508299161416403e+01
9.404519122613652371e+01
9.764239014523347748e+01
1.008947710678957890e+02
1.017642330371496087e+02
1.048329120764709188e+02
1.072071082214158082e+02
1.087489766368605473e+02
8.424599720304630779e+00
1.037555260205993868e+01
1.296853440694743220e+01
1.489654299987242503e+01
1.826100444887280716e+01
2.062255980306301950e+01
2.339783158305465705e+01
2.807518907820445975e+01
3.245653327152636081e+01
3.634575836454430942e+01
3.922433854254676788e+01
4.629655098573953609e+01
5.042946539288075769e+01
5.183212163766383895e+01
5.902911838628929075e+01
6.506783100378449092e+01
6.951445788515984248e+01
7.409174247407095493e+01
7.906734970769990412e+01
8.093414653863106878e+01
8.752530146996373617e+01
9.086164761606643481e+01
9.283370523301282162e+01
9.750749142861478447e+01
9.997603393455037235e+01
1.037290881115542476e+02
1.060612408431395863e+02
1.097357476530036564e+02
1.119587218860668401e+02
1.141179698664689681e+02
3.996431790613939938e+00
3.711578587106728833e+00
5.609922600144591875e+00
5.907399509571288121e+00
9.111854852831553941e+00
9.832890075320797507e+00
1.050695918367056692e+01
1.299167262661455702e+01
1.572458866216430806e+01
1.866324162031232703e+01
2.059744334688971534e+01
2.590312249942017786e+01
2.992689648453177043e+01
2.906619067368849940e+01
3.777657289481918923e+01
4.127196924763223507e+01
5.073525954047256192e+01
5.111575938204278913e+01
5.704492782405731788e+01
6.123982276680052195e+01
6.907135969329782199e+01
7.557042694696498586e+01
7.659289335784407626e+01
8.142140713135242436e+01
8.796892648492493549e+01
9.543099288987026796e+01
9.501046729771248067e+01
1.018917937883846179e+02
1.044865679137675727e+02
1.083684991628111334e+02
4.359578651276942995e-01
1.358491835982942986e+00
8.826134544068964249e-01
1.902984645961965704e+00
5.744781794619114867e-01
8.485424441176679933e-01
1.236125902221966610e+00
2.063120922893337816e+00
1.747961245118826445e+00
2.801122832776671956e+00
1.515239201522576629e+00
2.485198967612052279e+00
3.507131681587304595e+00
3.053865635547350799e+00
2.747649535988958114e+00
3.641653242566023074e+00
4.856211357845805487e+00
5.422578772482400389e+00
6.779181348502232751e+00
8.448718111767405503e+00
1.019707250277829225e+01
1.066112933541451113e+01
1.336040576394288060e+01
1.284633076139550667e+01
1.798602592829709934e+01
2.279787846027160114e+01
2.183909662884318692e+01
2.893655308508624202e+01
3.115565940363898179e+01
3.451576879707037904e+01
2.007689617263546666e-01
6.504040978530232220e-01
6.176602242809319243e-01
6.029103107593433153e-01
2.933238533938947734e-01
9.894321172389197727e-01
1.276716813076696599e+00
9.956046307311320342e-01
9.380757029094373145e-01
1.182935593530948015e+00
5.427766543837454494e-01
2.531449667751701216e-01
7.627992031784079918e-01
1.000138980909516251e+00
7.386502112019551758e-01
1.040625970144708479e+00
5.492136747167648547e-01
7.459868068873902747e-01
5.150852856944367897e-01
1.046182126937279966e+00
8.128047275530263516e-01
7.213279171044594262e-01
5.610612393868563696e-01
1.125875842319508546e+00
1.096464570090322832e+00
4.617995463282700830e-01
7.508427655752636376e-01
9.220530818915695370e-01
1.267416822841257451e+00
1.665238397481971333e+00
