2.026939774057763544e-02
3.067210278964663597e-02
1.939480920430826372e-02
2.063979591056651700e-02
2.958433575309487792e-02
3.377741201289470585e-02
4.152969371526908648e-02
1.010960007846398723e-01
1.140682224961969832e-01
1.310591252951295582e-01
2.405997251439773721e-01
4.115774426465342861e-01
7.203010006493660855e-01
1.839166408655929397e+00
2.540909893775982642e+00
3.777669553713913775e+00
5.672130577480205105e+00
5.449605650433829496e+00
6.971730714134626083e+00
5.296086450006455948e+00
1.174478247784006314e-02
2.714279295104000261e-02
1.644681228917856466e-02
1.193995207312413716e-02
2.867582145557352746e-02
5.288258497335672492e-02
3.957737077541890330e-02
8.943968321000753119e-02
1.237392887813737880e-01
2.180459000842441264e-01
2.896971962812099899e-01
4.996942519881651945e-01
1.149727030270587980e+00
2.613123111772601259e+00
3.707114161462839785e+00
5.120539918534571910e+00
7.753104944793167697e+00
7.231349416527778295e+00
8.730706575463244690e+00
6.354868289440901208e+00
1.044647201090100931e-02
1.352950733094687719e-02
1.205940760358229120e-02
1.448811722326026792e-02
1.877394366216863369e-02
4.877836943689332905e-02
2.690168918300466297e-02
1.390649449767001333e-01
1.367078428330391615e-01
2.101667266092961117e-01
3.561186761113043220e-01
5.643571656898389577e-01
1.400459283396003674e+00
2.918482834487747812e+00
4.531888581423363149e+00
6.024763978155640132e+00
9.841325742730761661e+00
8.959307968017039769e+00
1.102513476967856221e+01
7.968596615769002689e+00
7.059430795103751287e-03
1.485805926081473077e-02
1.081299795009608294e-02
8.959354749192261283e-03
1.374271421848472299e-02
5.610491207139708947e-02
1.932375961113512799e-02
9.446573597417530499e-02
1.084589548888942045e-01
2.006159910421250470e-01
3.655097293144622395e-01
5.108558093115268539e-01
1.517309688617976215e+00
3.122830843342884855e+00
5.081274295289837539e+00
6.435787884547721660e+00
1.076145018656585783e+01
9.965332554135644116e+00
1.254364079986797620e+01
9.098098042210741809e+00
1.003267475525644083e-02
1.167881373629466729e-01
1.119559529899801474e-02
1.124037320912018960e-02
3.656264355651217546e-02
6.228421337505200134e-02
2.703679275848023394e-02
1.048215100386830217e-01
1.695785289954848674e-01
2.648370434417023356e-01
4.629593643445019668e-01
6.490784372964562010e-01
1.930707318436176489e+00
3.860167856176513368e+00
6.122672084678262294e+00
7.436831290090427871e+00
1.177728114816675742e+01
1.028236808130867352e+01
1.232602750050157070e+01
8.613898805646579504e+00
6.339662794082800978e-02
3.110240495386988255e-02
3.349919701541609340e-02
3.032547460365585951e-02
5.291013164220380316e-02
1.590527335374776752e-01
1.268967178222065451e-01
3.045754644334269234e-01
4.123441690003606941e-01
6.675961108798085242e-01
1.091008756678594649e+00
1.799831854521027230e+00
3.593833934502816962e+00
7.029156665068832410e+00
7.958467188438365980e+00
8.584044330439493109e+00
1.044440286450516631e+01
7.325614948471463883e+00
6.926598201977403058e+00
4.183694625878070283e+00
1.649277755148914892e-01
1.509706966779099380e-01
2.593464545050397363e-01
2.127144459212140237e-01
2.350578507308817011e-01
4.235017294646352126e-01
5.605216047157881576e-01
7.707787501393981167e-01
1.176304744579209194e+00
1.420672961414614521e+00
3.045632174571816897e+00
4.391941907272932433e+00
5.144946988841354596e+00
5.601977822487020475e+00
5.479960377184622367e+00
5.533734381592223528e+00
3.481502850901027735e+00
3.000854496605773747e+00
2.377661344771125229e+00
1.739117337991280765e+00
1.423751208139436841e-01
3.230442866107955391e-01
2.267157099501687367e-01
3.638192420880566047e-01
3.437229632845252292e-01
6.766127295678124876e-01
1.069458111908005549e+00
1.436872893549517194e+00
2.073176537144102216e+00
2.355088776859006305e+00
3.664919791110875735e+00
6.276433206233111406e+00
5.309435739029710000e+00
6.276788515319658757e+00
7.160945368205043238e+00
6.449454103092635116e+00
4.956513754002583205e+00
4.313425522502307707e+00
3.113560403643491181e+00
2.451528075807781093e+00
3.985592624824994545e-01
7.614330934643940285e-01
5.869607724043539587e-01
8.506694245237839125e-01
4.834796949707027558e-01
1.092529516007685997e+00
9.986367091960269837e-01
1.188276414730219610e+00
1.595242111162702647e+00
3.088647417090176983e+00
4.158846320070025193e+00
4.341541920263393806e+00
6.219365862874825623e+00
6.936119811351336928e+00
9.708833351328985728e+00
9.734791353507887379e+00
8.126207885326971692e+00
7.992830366551375576e+00
6.696097139373981655e+00
5.021180068540372687e+00
7.197835171465002402e-01
1.098622597479097518e+00
5.890383264938576779e-01
1.356671976224746778e+00
5.859922222231208622e-01
6.503095360453715612e-01
2.611744759879881084e+00
2.388161428579976597e+00
1.133872859872897543e+00
1.209747031967747466e+00
2.583442087793833331e+00
3.902076305551577917e+00
3.920206684505677774e+00
4.172497285401840728e+00
6.806526554375076365e+00
7.415486621796500089e+00
9.599498589562498907e+00
9.458553466415725808e+00
9.948998385512968667e+00
1.249776592453051194e+01
1.974115943830306863e+00
1.631910827951334131e+00
1.249498887444014050e+00
1.436927221540070132e+00
1.006500599063497203e+00
1.274365803523572316e+00
1.993554924102480364e+00
1.019523528617189978e+00
1.208153359002301253e+00
9.107077117483605155e-01
1.121361800990105406e+00
9.116777683449639458e-01
3.029555171989727569e+00
1.712112644024717412e+00
1.212988661571692273e+00
1.614140288346969099e+00
2.192398844119653578e+00
2.133805749116095107e+00
2.881143039092857183e+00
2.231305327449935927e+00
