1.005351312982161849e+00
9.882338560596011234e-01
9.742968998809624637e-01
1.038456841479702408e+00
1.019830847780219152e+00
9.337363935083358157e-01
2.049406236960351901e-01
9.272935473293236752e-01
9.457351424873968737e-01
1.026206089358004281e+00
9.834008383423854527e-01
1.039766069693198070e+00
9.429424472729139861e-01
2.436058880747918320e-01
1.014612562602500212e+00
9.911098561201845403e-01
9.935736892852563562e-01
1.069924080672882249e+00
8.906748553549945768e-01
1.013156257382022307e+00
2.730638143028459308e-01
9.974124562768039715e-01
9.965129921847721839e-01
9.669885644092532928e-01
1.008436606482935538e+00
9.132566349285060614e-01
1.052236503067349727e+00
3.755562202511613101e-01
1.031562323319483943e+00
1.027599961674888984e+00
1.052041779746426986e+00
9.610070581503273868e-01
1.148211844042060337e+00
9.794593031757219403e-01
5.804680107522727228e-01
1.003923080139051960e+00
1.004482822695662803e+00
1.031302281009039978e+00
9.753889565314166621e-01
9.598564096368359388e-01
1.047382516538495567e+00
9.102446146512146452e-01
9.644696417559924795e-01
1.050123538533613843e+00
1.022325436393577647e+00
9.864234706957016874e-01
7.426751518586693912e-01
1.033423814936558882e+00
1.353328454593615504e+00
9.948383086674312814e-01
9.501858545279587842e-01
1.011879981707915377e+00
1.061969779989692109e+00
9.680954878281702314e-01
9.648348670203698019e-01
1.917685291043011997e+00
1.002523939704322187e+00
9.474896688437298709e-01
9.393713186522113512e-01
9.482856858113184462e-01
9.955574968771691013e-01
9.758042597030106569e-01
2.998213625017054351e+00
9.669948921863352753e-01
1.075151785452225006e+00
1.061645383151694988e+00
9.958276079884708087e-01
9.141591506323401006e-01
1.049878463360904179e+00
4.622705179288681521e+00
1.040013133726563455e+00
1.022285726621337654e+00
9.319042582836354338e-01
1.013262699564812186e+00
9.726501809966063838e-01
1.024424488728833849e+00
6.990994453209046000e+00
9.857108268627888803e-01
1.085274931311032587e+00
9.583579718857572205e-01
1.100041662786872987e+00
1.012759584073878116e+00
1.059039198233632240e+00
1.060207657977871420e+01
1.018165448658341576e+00
1.034750720162886273e+00
1.005765645399959052e+00
1.020227515727088807e+00
9.363981484082626316e-01
1.021031247886689419e+00
1.617167532510949002e+01
9.589716623853554722e-01
9.958007904113033160e-01
1.024561782564265666e+00
9.991307802028335239e-01
1.003552348894480639e+00
9.607347701408017748e-01
2.485475534750801074e+01
1.000151711798895393e+00
1.069639361557482848e+00
9.848830802343334634e-01
9.420215001542250333e-01
9.780038942842819161e-01
1.022291365203614300e+00
3.792740387917304190e+01
9.734026141835708801e-01
9.613542149169255202e-01
1.068450561184513870e+00
9.363952283580800895e-01
1.189581789680974167e+00
1.005884102819808001e+00
5.794809434240563917e+01
9.808685393155495147e-01
9.309822700428095343e-01
9.856776838197280899e-01
9.906875728922867053e-01
9.626879207497924806e-01
9.801519244528591468e-01
8.860942980270012015e+01
1.036187104603938813e+00
1.018138558021461249e+00
1.040235766158721376e+00
1.063089869072459948e+00
1.289085633523752383e+00
9.027492383859475611e-01
1.353032180789606969e+02
9.945043330833099882e-01
9.430398018854675435e-01
9.571512123888092916e-01
1.050694208361406146e+00
1.426277497520207937e+00
1.038442125532268223e+00
2.069378651198863679e+02
1.046186791768770608e+00
9.854150712140643531e-01
1.071156296953587495e+00
1.013309088550183645e+00
1.285431537694969650e+00
9.398628013833664196e-01
3.161933203267761314e+02
1.006601185271402299e+00
9.464161343381641833e-01
9.845328568640040467e-01
1.043732683263520977e+00
9.975436545161587842e-01
9.345013296689568261e-01
1.255745129655924108e-01
9.336785407590467711e-01
9.689875307549895567e-01
1.020701573595113043e+00
9.947037104272681285e-01
1.018659485889259253e+00
9.411185859966580969e-01
2.003717702321628769e-01
1.012356629139135933e+00
9.909787124158389027e-01
9.915150817636556591e-01
1.088764084427824352e+00
9.701923134144297967e-01
1.012826047699820542e+00
2.554520848441407810e-01
9.922534170059380543e-01
9.881775733355026015e-01
9.739957036150387326e-01
9.939005714457384011e-01
9.827200982787416272e-01
1.053573123950440227e+00
3.276740682193545751e-01
1.032695123248475122e+00
1.018692820543425581e+00
1.065729356418486651e+00
9.384329418752880292e-01
1.074170333243606112e+00
9.791268733314789641e-01
5.421253591395224225e-01
1.006410041055419535e+00
1.010726895175662721e+00
1.032945542720557164e+00
9.710497924904534228e-01
9.695268141566140141e-01
1.047286588772340155e+00
8.511132779603286513e-01
9.689269245348879345e-01
1.032303682420347091e+00
1.014202013425335558e+00
9.737078860114647405e-01
9.641707621862896094e-01
1.034111631738932946e+00
1.309432917732523904e+00
9.928461732063855738e-01
9.694578892086205268e-01
1.008942046778030122e+00
1.059756236272855201e+00
9.484110932988372156e-01
9.651893913966037575e-01
1.957842220834248526e+00
1.009486282971556070e+00
9.685147733058464548e-01
9.302953372213462746e-01
9.581122188066548695e-01
9.198148519473723361e-01
9.765890463255894050e-01
2.976233579648054572e+00
9.685363897551804158e-01
1.063834258486669126e+00
1.052776565681491805e+00
9.975307549518926953e-01
1.096906101951717671e+00
1.050689438873739334e+00
4.603074401655779191e+00
1.041953944967129564e+00
1.025938816779809581e+00
9.417119650187159019e-01
9.971259237688151478e-01
8.462423706412087743e-01
1.026116441803810453e+00
6.906759594501135524e+00
9.857512183825740681e-01
1.099747643263563557e+00
9.553297983914671443e-01
1.096967289085628572e+00
9.688793839759790583e-01
1.059410516232724087e+00
1.062027622088790935e+01
1.013227139409473621e+00
1.037136104572770501e+00
1.003539223246910028e+00
1.010211776189844590e+00
1.105487438620996743e+00
1.020843698737031735e+00
1.622090497303508627e+01
9.696988471935142906e-01
1.018061094797478638e+00
1.015089868087537983e+00
9.787489806344465970e-01
1.033422036248817566e+00
9.600616827812673559e-01
2.486029128227786700e+01
1.008142174108480393e+00
1.092053841019449800e+00
9.605368601074613100e-01
9.584418181946238180e-01
1.117622313943816392e+00
1.022298177601506985e+00
3.794530817635418174e+01
9.770254292200653001e-01
9.376981849183255724e-01
1.073495976323680878e+00
9.159518069678785901e-01
1.252801319965505478e+00
1.005831096961481430e+00
5.790606013986771217e+01
9.777048618182319073e-01
9.281672330410496441e-01
9.919160819578743959e-01
1.021668168614687344e+00
9.536912719966409435e-01
9.788617632606873009e-01
8.857132593067659343e+01
1.017775246614738283e+00
1.025091025579620174e+00
1.044660551536249260e+00
1.093459305338442933e+00
1.271988624770560294e+00
9.004201936270455064e-01
1.353942227127247122e+02
9.946952898097473073e-01
1.000951893720076091e+00
9.755392178059087982e-01
1.014999533044427249e+00
1.132536457365437954e+00
1.040170903616324694e+00
2.068294187235615027e+02
1.063269906350717831e+00
9.677769023470677023e-01
1.068217629157647730e+00
9.859925737047485761e-01
1.345784041269401099e+00
9.402778975207762846e-01
3.161251198737751906e+02
1.008457883371343122e+00
9.554996583886040673e-01
9.691480240478981267e-01
1.052524012454074231e+00
1.218110950751302379e+00
9.348637487594925188e-01
1.543199443547866867e-01
9.368649144042890953e-01
9.776340484385993568e-01
1.014546159253865376e+00
9.824998360298765609e-01
9.483019643030941026e-01
9.413711177446616452e-01
2.292990839474473297e-01
1.008049870875117771e+00
9.679903917998771146e-01
9.989579783453159667e-01
1.091366450039869429e+00
1.104888312178689880e+00
1.013186923603076384e+00
2.114207453794943459e-01
9.933628728170604827e-01
9.580043435964836762e-01
9.717218358764534436e-01
9.815044131728493104e-01
1.035138612098349675e+00
1.052872332886677365e+00
4.267979307887329599e-01
1.029899316683298816e+00
1.018224241932410123e+00
1.077668642212264993e+00
9.228228701628118369e-01
1.006109054547374537e+00
9.793533702224359594e-01
5.250814760529560754e-01
1.012727246384989455e+00
9.779229744191735296e-01
1.035173906666877031e+00
9.660322075640069839e-01
1.005172562645392009e+00
1.047566455327312074e+00
7.528013865213641909e-01
9.726002670015695406e-01
1.036671885865482423e+00
1.015145324185197540e+00
9.655577539922043373e-01
9.382392305292978074e-01
1.033717114183664965e+00
1.277187792374728570e+00
9.972468000383843956e-01
9.518614219597177906e-01
9.725611687027060359e-01
1.081732199702433839e+00
1.557327648995526559e+00
9.650210323215203667e-01
1.958112723321590254e+00
1.001432252731539130e+00
9.673213190385038240e-01
9.387712302058859315e-01
9.567655794937620639e-01
9.384932583903613512e-01
9.770416611791361561e-01
2.997883615341290664e+00
9.709940955788755046e-01
1.017715476411105824e+00
1.053851891008480868e+00
9.586956979818533897e-01
1.443598007088797264e+00
1.050953041498144058e+00
4.540207953574814326e+00
1.036225022588969757e+00
1.025615575992756767e+00
9.211652832170977856e-01
1.034607111377732203e+00
1.171756345712556602e+00
1.026248154870202711e+00
7.002631191381138542e+00
9.858127266332169514e-01
1.122653297574909281e+00
9.459263525870390543e-01
1.067718877184339776e+00
1.120224990414452115e+00
1.059946752558606820e+00
1.063957242144489790e+01
1.023925880300383673e+00
1.012163184013184392e+00
9.904200010638610774e-01
1.004136430460986329e+00
1.224187732062278267e+00
1.020630571803806896e+00
1.620262007988615238e+01
9.745444947746918496e-01
9.969549733239905231e-01
9.947981502696976452e-01
9.832162092840620593e-01
1.404041277344340477e+00
9.600789295899784248e-01
2.482233374168909990e+01
9.925076234194122327e-01
1.068974921597316774e+00
9.746324825582809437e-01
9.822054952992480548e-01
1.362815014780373035e+00
1.021982753522737486e+00
3.795384667041877691e+01
9.670670708619653055e-01
9.454615985571845904e-01
1.054294409628561136e+00
9.292656368694829361e-01
1.613410839919158901e+00
1.006625637574298571e+00
5.796062462086574385e+01
9.742303055382082189e-01
9.024229303437717453e-01
9.810350878892708515e-01
1.043019976192983478e+00
1.209759308853040283e+00
9.802908146567781422e-01
8.858446153025155922e+01
1.031964760581676188e+00
1.017232882649722336e+00
1.031618436849473630e+00
1.094669026275171930e+00
1.199565822024807105e+00
8.998231079503316021e-01
1.353908219913645894e+02
9.902809752154273504e-01
9.324999395026348781e-01
9.776469773203619873e-01
1.025107850284590061e+00
1.447394087016112385e+00
1.039331756960028441e+00
2.068828251140984946e+02
1.058543874030197118e+00
9.299937174034711429e-01
1.033079143691900237e+00
1.006648630896214591e+00
2.295310946974927990e+00
9.418578418637918448e-01
3.160170491019618453e+02
1.013177013607404531e+00
9.613415270000441604e-01
9.726623423588479644e-01
1.057106303052440577e+00
9.960466692166413116e-01
9.343257176735783043e-01
1.575167939504791281e-01
9.374334988175921923e-01
9.443359531633239712e-01
1.012804795616963460e+00
9.834904773585982918e-01
1.112383007200178575e+00
9.407485340912944416e-01
3.044576728576031677e-01
1.013585811565723027e+00
9.539404607829378158e-01
9.835736073674152813e-01
1.080218589992523626e+00
1.285126761349647984e+00
1.013214829669074835e+00
2.541136688665023291e-01
9.905942693673351895e-01
9.564012419450678149e-01
9.734010693440333650e-01
9.656810156382440447e-01
1.282121063663758997e+00
1.052924578311297932e+00
3.961575363635402858e-01
1.035394709362568388e+00
1.023825347914153472e+00
1.052137070841905109e+00
9.323425675699921200e-01
1.252521310693809120e+00
9.793841668409128953e-01
4.978377545743664645e-01
1.011887196649384979e+00
9.773311578809413813e-01
1.019706249379296104e+00
1.012447828183798304e+00
1.058962056630051718e+00
1.047017435120410900e+00
8.378585352950003173e-01
9.701556025112165749e-01
1.069161108413809735e+00
1.004393879582182736e+00
9.893146692732259773e-01
1.285248402048849048e+00
1.033697236753639892e+00
1.142176804460910189e+00
9.949491553898919260e-01
9.240420627657935926e-01
1.008696839002078072e+00
1.047174470802332058e+00
1.306003794775960181e+00
9.648216993081711879e-01
1.865094671918434921e+00
1.015223545233234770e+00
9.775582362338502973e-01
8.917100589533339949e-01
9.880684962389676418e-01
1.465636513416550102e+00
9.771572006241866504e-01
2.912793046233938199e+00
9.617506611092665469e-01
1.064126623556758577e+00
1.036461455203899540e+00
9.922351257085165743e-01
1.642473634009274042e+00
1.051297291064704709e+00
4.590413215882998443e+00
1.038219639217508039e+00
9.197458182700981588e-01
9.194058965364415581e-01
1.023751296303866853e+00
1.682246501321368992e+00
1.026332647546693400e+00
7.014564798137548962e+00
9.825310617767071264e-01
1.047827026102897241e+00
9.500977612753587209e-01
1.055334828588717633e+00
1.718793561689694771e+00
1.059853054550787599e+00
1.051999878194167870e+01
1.022034244923335944e+00
1.017736112963036232e+00
9.969113138662916151e-01
1.001090953205607370e+00
1.251466518661646043e+00
1.020313038962628482e+00
1.614757994486473436e+01
9.648619990092143217e-01
9.778986818112633816e-01
1.023731086663887568e+00
9.357184863661737184e-01
1.364958546928632499e+00
9.604758774331757509e-01
2.489919508169450069e+01
1.002577895150241316e+00
1.047368107954158800e+00
9.509244346751796195e-01
9.843853465725262986e-01
1.599956913079153553e+00
1.022453494251618134e+00
3.795123985579754589e+01
9.660506730657931751e-01
9.012036079475305161e-01
1.063442058746200125e+00
9.298659705492611227e-01
1.682156065569306413e+00
1.006459467728873847e+00
5.790506415658959583e+01
9.841308761924000281e-01
9.342922199804054584e-01
9.666966554397572464e-01
1.070026816899926514e+00
1.262877769928596905e+00
9.798238034525849072e-01
8.844805498003091770e+01
1.031849273546406431e+00
9.904578534334939066e-01
9.941443754382727205e-01
1.098323697327898252e+00
2.015987480422844147e+00
9.004761622678119082e-01
1.353482418237858553e+02
9.946624729751019078e-01
1.008270618525163087e+00
9.354371388583107017e-01
9.870155165217111559e-01
2.054282907112484402e+00
1.040071706645151917e+00
2.069501100799788844e+02
1.067756082750551450e+00
9.348714826096373720e-01
1.040787726985766382e+00
9.613187323519629679e-01
2.042565721873180085e+00
9.409402731097543660e-01
3.160490675497468374e+02
1.001050069914315443e+00
8.593730325067174824e-01
9.988649064211196915e-01
1.000956363291355178e+00
1.447765156249306573e+00
9.351806693013577920e-01
3.365239136565413292e-01
9.288959024240872608e-01
9.857139919128405925e-01
9.959036691251549334e-01
9.655576531331538925e-01
1.512273248583003271e+00
9.417025252472086549e-01
3.510075401913424487e-01
1.013011726085221609e+00
9.738768526419597782e-01
9.804127338616744902e-01
1.083245716357034150e+00
1.286985250104479617e+00
1.013132134241754301e+00
3.830852664064561264e-01
9.704003536720106071e-01
9.398141752215868339e-01
9.589379402401168040e-01
1.030111559956615519e+00
1.894296827440878461e+00
1.053783478175538635e+00
5.549650783359441064e-01
1.036067873533534467e+00
1.056392577091442853e+00
1.033002959590654690e+00
9.646763015079981018e-01
1.432105002085071632e+00
9.792926840241922282e-01
4.147015587830917283e-01
1.004331611274699387e+00
9.942005796459847389e-01
9.953227943429713287e-01
1.009724669975253342e+00
1.823414063422038156e+00
1.047646108733454762e+00
8.789323392575835170e-01
9.623081242755560094e-01
1.092904175956197932e+00
9.883113968918670889e-01
1.049398576604195554e+00
1.347507179556451051e+00
1.033971331619973677e+00
1.201821423893523866e+00
1.007235810495635597e+00
8.669221592221424411e-01
9.673598617165620750e-01
1.088232124411186108e+00
1.575880309564563486e+00
9.643563778314030444e-01
1.883916809076415788e+00
1.016636585316530894e+00
8.823124757157760900e-01
9.022912600538295358e-01
9.572747191690418322e-01
1.653451901659338530e+00
9.771349783529952315e-01
2.845934542706582526e+00
9.649788525103134562e-01
1.025878946019806559e+00
1.030498869450987787e+00
9.808170114182105381e-01
1.791969705539991020e+00
1.051035371782669037e+00
4.601733926412850728e+00
1.053550852598973187e+00
9.495529383593069861e-01
8.827202824565887340e-01
1.007652228941510186e+00
1.869669544095317493e+00
1.026423589869095210e+00
6.980914383861353656e+00
9.832700650990604530e-01
1.037461483665059303e+00
9.351130707740611392e-01
1.040094871531774157e+00
2.085597849589033714e+00
1.060140815221823685e+00
1.047638632053470253e+01
1.010987830537095178e+00
9.889085939893967891e-01
9.619748380342586502e-01
1.071235632881021971e+00
2.256253361153158998e+00
1.020745867613431557e+00
1.623635801244107668e+01
9.838116694111161964e-01
1.071464960257952681e+00
9.536927580717459163e-01
9.646473252543289467e-01
1.477146033475261744e+00
9.600232744379627592e-01
2.488370739137155851e+01
1.002260435454338072e+00
1.126710859474279181e+00
9.173259053691102949e-01
1.041051656284629923e+00
1.573430917792755457e+00
1.022236429066480268e+00
3.811930116537300961e+01
9.713545408156172289e-01
1.078384215970070059e+00
1.021376373594073517e+00
9.387303688084766007e-01
1.253159078808720794e+00
1.006750922483704569e+00
5.800935334856779235e+01
9.870678809533722786e-01
8.385018076338058846e-01
9.921102715458018917e-01
1.040700147083073457e+00
1.591299957311794966e+00
9.796471873505113725e-01
8.814577112772647638e+01
1.019866117792930016e+00
9.333901969943768639e-01
1.033491805541325359e+00
1.042040459644337780e+00
1.931574763752366364e+00
8.998749921159375775e-01
1.356228501705761289e+02
1.001004359143718769e+00
9.144035772800045425e-01
8.973940912927043101e-01
1.095160761983416720e+00
2.716479069038532757e+00
1.039008388975583896e+00
2.069177845315013826e+02
1.064799189277044977e+00
1.012326784095661791e+00
9.750197055084054432e-01
1.085536169314810673e+00
1.952148873228269910e+00
9.402777984864028049e-01
3.163727244712135303e+02
1.002674943755857306e+00
9.560736471141177972e-01
9.818178026642422340e-01
1.037559892214457102e+00
1.254412857323961017e+00
9.351434888892433683e-01
4.948299687418452053e-01
9.101098045980339224e-01
9.371386743294416455e-01
1.026159834748153310e+00
1.051071975377975809e+00
1.488560196453884377e+00
9.414669946595259908e-01
5.857810401916422327e-01
1.018579889589844134e+00
8.967354427924072446e-01
9.689014190262530413e-01
1.081145112712185385e+00
1.308428105418647736e+00
1.012509714542670913e+00
4.975848595524402507e-01
9.923837069624994456e-01
9.709461655406745884e-01
8.914859878215690703e-01
1.018349698048313989e+00
1.931154050904716035e+00
1.052933927437045503e+00
8.652473150050584705e-01
1.013760224357994177e+00
1.013653335971233194e+00
1.092330806201122551e+00
9.308293838376353602e-01
1.446813523099687915e+00
9.794005344214008479e-01
6.514564969030890440e-01
1.004816121793097317e+00
9.674228566278125774e-01
1.002381723628835930e+00
1.051541781465867409e+00
1.024420491549528078e+00
1.046715812338289586e+00
1.314838204429522373e+00
9.755203997009188610e-01
1.058437106723233878e+00
9.726420538051305797e-01
9.795783411229254112e-01
1.457290497963561471e+00
1.032680563819088571e+00
1.348572963424628846e+00
9.742030953403495452e-01
9.845548786689571896e-01
1.013970262765043540e+00
1.129916497897888616e+00
1.331788997067346880e+00
9.657759886626386958e-01
1.932521339791624548e+00
1.010739580184888631e+00
8.974815046661652751e-01
8.568963069775911157e-01
1.060371943040863352e+00
1.807327688269606991e+00
9.777144972267697298e-01
3.242643890295206166e+00
9.473882141045563143e-01
1.089690005061822564e+00
1.097508566474636460e+00
9.931288450841009308e-01
1.239427722627771900e+00
1.050516360652409276e+00
4.528127057357507645e+00
1.043835542824032458e+00
8.051725477014661791e-01
9.297865248551486772e-01
1.029320418417074778e+00
1.745381869001890074e+00
1.026126219646896764e+00
7.027695668019460662e+00
9.734303159327255539e-01
1.119504400332378191e+00
8.775305590254971477e-01
1.107089896509613647e+00
2.269423541204375283e+00
1.061128398583198962e+00
1.102995552823186465e+01
1.025450130017288242e+00
9.867232042005413817e-01
9.666993106907523226e-01
1.022662858214093085e+00
1.538507988041613039e+00
1.019894980197997514e+00
1.637702347606203901e+01
9.666735507262709248e-01
1.023661391363577033e+00
9.429311035758826121e-01
9.849887392373879447e-01
2.499301167358477294e+00
9.607879048577767644e-01
2.497581301556098765e+01
9.916258306823304558e-01
1.080643839579722210e+00
9.599786817140444350e-01
1.019798520288976107e+00
1.971341333166060306e+00
1.022829660874896351e+00
3.797819391738068617e+01
9.631845595396589799e-01
9.521106744712807268e-01
1.041928099907726946e+00
9.053802450554166992e-01
1.421992604118759607e+00
1.007243887922089298e+00
5.820660056402149962e+01
9.839909725532272056e-01
8.756498327671232706e-01
9.333338595479665489e-01
1.057178154085685717e+00
2.349687901334480244e+00
9.816798581945619384e-01
8.825649245374950169e+01
1.033744619422436006e+00
9.374846337434131760e-01
9.987740503236273160e-01
9.982091032484214921e-01
2.518747489165591436e+00
9.016817976514229782e-01
1.352356314820397927e+02
9.888668060855665409e-01
9.545443349034248293e-01
9.334039668558401504e-01
1.071285877319339441e+00
2.138256464549833424e+00
1.040257773755477899e+00
2.070313649672720260e+02
1.051226713694272119e+00
8.849013026387854142e-01
1.084629434722777619e+00
9.107610952050784192e-01
1.948792344870981408e+00
9.408125455715954377e-01
3.161958882543560776e+02
1.019449904266477303e+00
9.904257035655331665e-01
8.872163992594670479e-01
1.098846683992807494e+00
1.955814135451038771e+00
9.301453231879670547e-01
8.202489847271319245e-01
9.064079058741780770e-01
9.494378468861159881e-01
1.019667213128995220e+00
1.074410173540863989e+00
1.552893854629793902e+00
9.398789797100340904e-01
1.123226895404012105e+00
1.007989621894495924e+00
1.017527760852723784e+00
9.392596679745796040e-01
1.155192268194220828e+00
1.593968106535453622e+00
1.016084633600498721e+00
9.869805475866525457e-01
9.854197089245999575e-01
1.000849904157413928e+00
9.216379505000449335e-01
1.042563660456836683e+00
1.341690217073747471e+00
1.053806472647652370e+00
1.138253910041076455e+00
1.036824223139971135e+00
9.805739650554301523e-01
1.002573414627335735e+00
9.483773685562071343e-01
1.999800631194068812e+00
9.681301323132313064e-01
1.162272812158934743e+00
1.018360172572665201e+00
9.413108623210755255e-01
9.556805281703936172e-01
1.049995851575194372e+00
1.338491445401811308e+00
1.042360124150874645e+00
1.460574380202070977e+00
9.543981230128099069e-01
9.993961444325857313e-01
1.007128515427403670e+00
9.836235104317546663e-01
2.332518426045663951e+00
1.034625784986135777e+00
1.378498279396515036e+00
9.989135362682701746e-01
9.873256793581881574e-01
9.382627640876131103e-01
1.154739345516907267e+00
1.634680633358619239e+00
9.683164511686910281e-01
1.755204052310897600e+00
1.009051895502794949e+00
8.303403572574246105e-01
8.646321338935526457e-01
1.118237028964546020e+00
1.889244679009729033e+00
9.769750199072825270e-01
3.156920651490621399e+00
9.702332508520649101e-01
1.073516540472890357e+00
9.910309278272676492e-01
9.686402699686900153e-01
2.072895073654598352e+00
1.051671570425311453e+00
4.653932336033896888e+00
1.040572483486775779e+00
9.286190625212601413e-01
8.927912695870817705e-01
1.107044447808580356e+00
1.593683452192820704e+00
1.023648452820325572e+00
7.527016554707286922e+00
9.776361030459560508e-01
1.049361609432381881e+00
9.283952148134569926e-01
1.046345573558679298e+00
2.069668204570631165e+00
1.069013383446324905e+00
1.064969589106423165e+01
1.000583518988348075e+00
1.029753761322504735e+00
1.016195214733137009e+00
1.011740867868984317e+00
1.773624222206079182e+00
1.030878923585858864e+00
1.633681168611076728e+01
9.652862623534317343e-01
9.907614828845017207e-01
9.756302151898552655e-01
9.732669814124562668e-01
1.886517818834487104e+00
9.666432750579130317e-01
2.506350485279962470e+01
1.006887223653301300e+00
9.893044863523762222e-01
9.304157226497834499e-01
1.042794731664408392e+00
1.929017007410821494e+00
1.021213987051915462e+00
3.796112294279463839e+01
9.601064481298331454e-01
9.642199586779632847e-01
1.031671580933965604e+00
9.319979688824514552e-01
1.928516935951146039e+00
1.016614580287632741e+00
5.787905414646060365e+01
9.953560153884167816e-01
9.802977625186491961e-01
8.553434537075361721e-01
1.176799847911627506e+00
1.781050775307163381e+00
9.718035586116858804e-01
8.927943058047600289e+01
1.030068006863174235e+00
1.059885926045945004e+00
9.407311590649151123e-01
1.155223990011931434e+00
2.302445215956526070e+00
9.120729238690613583e-01
1.354765379460143038e+02
1.005334780080951118e+00
9.513168969396259556e-01
8.994426015197347635e-01
1.051317075319382122e+00
2.510192976516894436e+00
1.041728781432266659e+00
2.066687876560078507e+02
1.035197398555860460e+00
9.769943409664421097e-01
1.037303135183183622e+00
1.079042225067285088e+00
3.338637252530352928e+00
9.553785296355183920e-01
3.151658211058990560e+02
1.008021833554898716e+00
1.072784007379860238e+00
8.333115098740492277e-01
1.048538507495116789e+00
2.723339358973102531e+00
4.422053856733802135e+00
3.216577932837521470e+00
9.191934140317630231e-01
9.652408922041314510e-01
9.294183986464189529e-01
9.687055800176845866e-01
2.263495782904281661e+00
4.332400228934104369e+00
3.399971087225288180e+00
9.944971482471014479e-01
9.665035095687938282e-01
8.697681578764221433e-01
1.254845184389007162e+00
3.414868720220562093e+00
3.927654393893450280e+00
2.157498691746539077e+00
9.611238041156781042e-01
1.044161682697490878e+00
9.565691782626322137e-01
1.035461391638543116e+00
2.134049009365845073e+00
3.605528940778575553e+00
2.086173824777444619e+00
1.012055934448976791e+00
1.065294501481757861e+00
9.518387147288158712e-01
1.104749779358993544e+00
2.938755608192979540e+00
4.840188652485129417e+00
1.636417020571873104e+00
9.944271514286049385e-01
8.748716952843712535e-01
8.968682775382802452e-01
1.128511669291131669e+00
3.009061553546331425e+00
3.291957957307009686e+00
4.278032125263536933e+00
9.518116166775221210e-01
1.047941843144052143e+00
9.295319325461833815e-01
1.023733164258437522e+00
2.763995242923408924e+00
4.628329987406547552e+00
3.106345034299464292e+00
9.801414785052707801e-01
9.240923352807842717e-01
9.013472982782669840e-01
1.143190317703383085e+00
3.364415185729519475e+00
5.003260134928092739e+00
3.194103347149652272e+00
1.005567551125895021e+00
1.074614784011235891e+00
7.566683704651196996e-01
1.217733171663314851e+00
2.573459947827832828e+00
3.551290257064082301e+00
4.259289634299674887e+00
9.683449076610201045e-01
1.141501025113164536e+00
9.513610163901665695e-01
1.042175861718377838e+00
2.129089127759603350e+00
4.771200893426115641e+00
4.284055052545979514e+00
1.051158318863858021e+00
1.013808589068856403e+00
8.076114332164000542e-01
1.142010400706019002e+00
3.192395543027135574e+00
4.723232559152248378e+00
5.626368507075851788e+00
9.582648941205269555e-01
8.928638648170093006e-01
8.965349992767732701e-01
1.154411606911796229e+00
3.667228067308008210e+00
4.248922592418582944e+00
1.134997249181152057e+01
1.030360759477897625e+00
1.105600808587331452e+00
8.734841129304630192e-01
9.849728883866794016e-01
2.694735958794355568e+00
6.001366335238094152e+00
1.658842399808693102e+01
9.869221966441366067e-01
1.040469711138756193e+00
8.668930959611574893e-01
9.976287616385322021e-01
2.768754127378594276e+00
4.624845736893987258e+00
2.467996576833432698e+01
1.002935879478251913e+00
1.178046093068059630e+00
8.378262587991837096e-01
1.036147872747110288e+00
2.703000781372666861e+00
4.746818369498248202e+00
3.954386354711210316e+01
9.652891051124133925e-01
1.133796955108073323e+00
9.038406985949667405e-01
1.112982718773561253e+00
2.945710997775914830e+00
5.013063792656002882e+00
5.788770656441720064e+01
9.882903171387542596e-01
9.304279456529961356e-01
8.274868488804598687e-01
1.180265599518328434e+00
3.400363032598834767e+00
4.416376643946543723e+00
8.864757204039791816e+01
1.047642721056477821e+00
1.116822663848733077e+00
8.918007334401590880e-01
1.113447150054296841e+00
2.395845660590537829e+00
5.349144800245024811e+00
1.348046602679381181e+02
1.020207399093847833e+00
1.009968212497188267e+00
7.683878424497216919e-01
1.052305839993473269e+00
3.808624097426316357e+00
4.895787010427905983e+00
2.060283971943757138e+02
1.053063064948821514e+00
8.287837898429697425e-01
9.603629570834073537e-01
1.141165839879126453e+00
3.444399573503782896e+00
5.915460987623239575e+00
3.151657013734132988e+02
9.809692660600416447e-01
1.037042143531243577e+00
8.128963925644759891e-01
1.196007495197967785e+00
2.963993657257411041e+00
4.880716578273408324e+00
1.877096105210669208e+01
9.042037504141759996e-01
1.256228213630528723e+00
8.005387718509576755e-01
1.272502293907226578e+00
3.428138417820671080e+00
3.650624928730855423e+00
1.186209280340125538e+01
9.401518521971101716e-01
9.710205228040309500e-01
1.024681118165782223e+00
1.096059526640332127e+00
3.301694758609178937e+00
4.136828564613981740e+00
1.922167906584052943e+01
9.781234400423843844e-01
9.391542758609737751e-01
7.576223125817831416e-01
1.261533754467916824e+00
3.435226029747176391e+00
4.391655036326216788e+00
1.295601388395836473e+01
1.000488929604185673e+00
1.434174251531295630e+00
7.845047804872993247e-01
1.259576463175734018e+00
4.010912192912799767e+00
4.888034377741984571e+00
1.548079954233303468e+01
9.814998630765775500e-01
1.199678182958004991e+00
7.931904480019109638e-01
1.497828808440309079e+00
2.774842984721004324e+00
4.519468618081141642e+00
1.443751664712468497e+01
9.360105141106416227e-01
1.304948417028578778e+00
8.680333890202922564e-01
1.078151555531037253e+00
3.908378762631640413e+00
4.261769166583147417e+00
1.376674332550135915e+01
9.295009132484572945e-01
1.054792893704822987e+00
9.679072786806980355e-01
1.343097097480323798e+00
3.371078289705872422e+00
4.816156039855522764e+00
1.105836743227648356e+01
9.840110726119055684e-01
9.884808684153344460e-01
8.314238622070813101e-01
1.065880390992510529e+00
3.367945644442625230e+00
5.452567523916183490e+00
1.559550855604302377e+01
9.703980236297137241e-01
1.417992701678157941e+00
7.328511314854329051e-01
1.198536695208787917e+00
2.878515838604589039e+00
4.403570583122371929e+00
1.751012573391330207e+01
1.017575302174757335e+00
9.475810972190856774e-01
8.118022208588374644e-01
1.277107300924384958e+00
2.384774201946446404e+00
5.053517335323485682e+00
2.033297550217779914e+01
9.346264677172494428e-01
1.021086950792166492e+00
9.058522320151446428e-01
1.260436282111539574e+00
2.616942716320555196e+00
3.317164401807576546e+00
2.350385959914808254e+01
9.769564879100505195e-01
1.133718336214468492e+00
9.040530569983001863e-01
1.296095297649789257e+00
3.984577990505088874e+00
4.407495252038336808e+00
2.448958449537119719e+01
9.670303321979493161e-01
9.715794711400792538e-01
9.336115266282127845e-01
9.562841472676878452e-01
3.181641725796824360e+00
3.762034360186539139e+00
3.174187319668500606e+01
1.013526543905094890e+00
1.268773501221721389e+00
7.877649014774228409e-01
9.208963670973541182e-01
3.064882183098041946e+00
4.575932458246803947e+00
4.975039225333896553e+01
9.350505010380593118e-01
1.392810704257329002e+00
8.899909715283232936e-01
1.221578833283393228e+00
2.180041613472827322e+00
4.557670405652541668e+00
6.584118475699125383e+01
1.024093607135724726e+00
9.385989345561841501e-01
7.623896902909689244e-01
1.210412942530846081e+00
3.606115593018356602e+00
4.921716550502012844e+00
8.056589493482022135e+01
1.038538697369824959e+00
1.242214517318108946e+00
7.959035615100211736e-01
1.458118277707266985e+00
2.053213607596648949e+00
5.880153600231710520e+00
1.376933732981105720e+02
9.577718992180385138e-01
1.282416104177730443e+00
8.450548275772707951e-01
1.238727793326663829e+00
2.890784991513048130e+00
5.448137059418774797e+00
2.173788505797075743e+02
1.040024480301507515e+00
1.259262634900836897e+00
8.949527240624460811e-01
1.300340169334872842e+00
3.152188580593058287e+00
4.154250789569122304e+00
3.158710053038610681e+02
8.315160297855375138e-01
2.017999128608439996e+00
8.232947194371191824e-01
1.731636881948132700e+00
3.811322787550499136e+00
9.999999999999998890e-01
2.594817923999372624e+02
7.857627804989981701e-01
1.399126273548668253e+00
9.861433297541981613e-01
1.455818596683495558e+00
3.118661812089880137e+00
9.999999999999998890e-01
2.100540873369022279e+02
8.960474567370758647e-01
1.931881739961186284e+00
7.817086214953424816e-01
1.728747985800290543e+00
3.050495975379631020e+00
9.999999999999998890e-01
2.146111116617268237e+02
8.475193414980869422e-01
1.368675550175412425e+00
9.132944904962162491e-01
1.816524502422621534e+00
2.774079343367338968e+00
9.999999999999998890e-01
1.698030123404065250e+02
8.669948667724088898e-01
1.520130798790469528e+00
6.797895609133525197e-01
2.311459965299684338e+00
4.799561655355368828e+00
9.999999999999998890e-01
2.729511453126057745e+02
8.612668650159583938e-01
1.685452152940229986e+00
6.063676452826782803e-01
2.042389338196867854e+00
2.984665277623983481e+00
9.999999999999998890e-01
3.171535336227973971e+02
8.492884984134581039e-01
1.749870477046143069e+00
7.876314738102854207e-01
1.905295203779510116e+00
3.022227304390030955e+00
9.999999999999998890e-01
1.712899519947377200e+02
8.455715865238763174e-01
1.893783960942197586e+00
8.062830717430553573e-01
2.169331235789249579e+00
3.890665733794190118e+00
9.999999999999998890e-01
1.804599093483461445e+02
8.533480715857153509e-01
1.580492732147437573e+00
7.344676010163485591e-01
1.883508721980598377e+00
3.695312194699091446e+00
9.999999999999998890e-01
2.128236479998865320e+02
8.397776836277001111e-01
1.406466774316605717e+00
8.928000475483008902e-01
1.528441171760082984e+00
4.299765827997283907e+00
9.999999999999998890e-01
2.325722924212338398e+02
8.612699428999343043e-01
1.505096974814809752e+00
6.865145662900192791e-01
2.281308325622424249e+00
3.824893586627429620e+00
9.999999999999998890e-01
2.981266721352344007e+02
8.585026061736020786e-01
1.308582226413945726e+00
8.646024543569257315e-01
1.503773906598426802e+00
2.406844336435678855e+00
9.999999999999998890e-01
2.564120749229227272e+02
7.608515596944921411e-01
1.831079982944881390e+00
1.057760792903823077e+00
1.919719349350179627e+00
3.751447246692320991e+00
9.999999999999998890e-01
2.971478579819742549e+02
7.735874239705127220e-01
1.346666407527852494e+00
1.102355450671151704e+00
1.398231948567555394e+00
3.584732038460675785e+00
9.999999999999998890e-01
2.721464065538575028e+02
8.651575692743438406e-01
1.833390489426500070e+00
9.715935473508392484e-01
1.595073192356234903e+00
3.404059492974282009e+00
9.999999999999998890e-01
1.954527408653310658e+02
7.988358445246899198e-01
1.753760218080011368e+00
8.709568169834115414e-01
2.002045763103607268e+00
4.480657088065924221e+00
9.999999999999998890e-01
2.810178850528805015e+02
8.320700856330059958e-01
1.417335066687654077e+00
7.730310803105409079e-01
2.166439919887237497e+00
3.383428900509918513e+00
9.999999999999998890e-01
3.262958157313967149e+02
8.720696851303897379e-01
1.686477167596315496e+00
1.126981856669156068e+00
1.784041506350547257e+00
3.987135074489406072e+00
9.999999999999998890e-01
2.136090559962215423e+02
8.823489875156030893e-01
1.509782958198999658e+00
8.091068679452678714e-01
1.864141533529813710e+00
3.908135018478388734e+00
9.999999999999998890e-01
3.465342937161232726e+02
9.570008686422174504e-01
1.588556897520896349e+00
8.198996867572023728e-01
1.567612310918511387e+00
3.493402276438737797e+00
9.999999999999998890e-01
4.633777558238946312e+02
5.731283288291969535e-01
3.687123840633229399e+00
1.741658409265319563e+00
4.220697185778790939e+00
4.638261743105893231e+00
9.999999999999998890e-01
3.017348892823392362e+03
4.923403823671894664e-01
2.886119446203407435e+00
2.210909848683710432e+00
3.026560072357564746e+00
3.910912266569090967e+00
9.999999999999998890e-01
4.399693088650430582e+03
5.706713064274283598e-01
2.806016031892884399e+00
2.128810885588095392e+00
3.960277621257136005e+00
3.156492296868703917e+00
9.999999999999998890e-01
3.039633592494183631e+03
6.734285968594428962e-01
3.362595239229138944e+00
1.508502163868227886e+00
3.712191764810057304e+00
4.259859833820400787e+00
9.999999999999998890e-01
2.239124234762628930e+03
6.666486320750846239e-01
4.005619243043648581e+00
1.502718983911336403e+00
3.367350544026484815e+00
3.597384507329103975e+00
9.999999999999998890e-01
4.226655579683226279e+03
6.407919924017139168e-01
3.668163757479225850e+00
1.403211794376407306e+00
3.817105617316775223e+00
3.594170984830873827e+00
9.999999999999998890e-01
5.992376039112021317e+03
6.000554106482207661e-01
3.512801161147287576e+00
1.291607903743926977e+00
3.354027748240767437e+00
4.575401789737553848e+00
9.999999999999998890e-01
6.836256853590121864e+03
5.996462103057329518e-01
3.540376732908785407e+00
1.535334135825394908e+00
4.482262481510820074e+00
3.651899599382315564e+00
9.999999999999998890e-01
4.261562749503143095e+03
6.663796270486951334e-01
3.335160655915917260e+00
1.584137811518605776e+00
3.153515024933259525e+00
2.694710211507478803e+00
9.999999999999998890e-01
4.345752298946346855e+03
7.116951301180894918e-01
3.434475267134193821e+00
9.338869171836020611e-01
3.281045488567768675e+00
4.170557223576958350e+00
9.999999999999998890e-01
6.200602019965857835e+03
8.548738758866588627e-01
3.152860662303383688e+00
6.280458059109430557e-01
3.529089980458576914e+00
2.932707271772942104e+00
9.999999999999998890e-01
3.625061114621099478e+03
5.296197378515870025e-01
3.830922306221131279e+00
1.967854941260911428e+00
4.784500288050771211e+00
4.056075397740380062e+00
9.999999999999998890e-01
2.777330560509636598e+03
7.470503549565938872e-01
2.366834202730609071e+00
1.717123161482345228e+00
3.340055286694804337e+00
1.818073164167668176e+00
9.999999999999998890e-01
2.250692979569913405e+03
7.242115992683334502e-01
3.642938270357487962e+00
1.275423388068521291e+00
3.747162881736737727e+00
4.556352251248876328e+00
9.999999999999998890e-01
1.651303551356853632e+02
7.012793186319318250e-01
2.971007981526815556e+00
1.881179875203257579e+00
2.564565977895109761e+00
4.697394989863549419e+00
9.999999999999998890e-01
5.746216561110089742e+02
6.641583758787357183e-01
3.696122697801701662e+00
1.422267109533657203e+00
3.830997136849754625e+00
2.640284050065718535e+00
9.999999999999998890e-01
5.674194314584759979e+01
6.262284273281754077e-01
3.140246098040177625e+00
2.075723667700160924e+00
4.303521562884879081e+00
3.403313349037767388e+00
9.999999999999998890e-01
8.644541413586867407e+01
7.233420486523535198e-01
3.874091049311289670e+00
1.594093503279402357e+00
4.047190385170361893e+00
2.787439291249903750e+00
9.999999999999998890e-01
5.344502584160263723e+02
7.302137512837540978e-01
3.342253559802632168e+00
1.469166340867700260e+00
3.726434686626229897e+00
4.192288241946076077e+00
9.999999999999998890e-01
2.026867665686138480e+02
6.878860797146011397e-01
4.030468033534232219e+00
1.810378500567201510e+00
3.872038365357314493e+00
4.322199237803004301e+00
9.999999999999998890e-01
3.159786774144851620e+02
