9.479803971827030495e-03
1.589506119191320607e-02
1.041196280394974215e-02
1.297036622386647971e-02
1.940445310255075120e-02
2.249934779082747582e-02
4.822919390847006660e-02
5.101814155218336450e-02
1.289820133047268891e-01
1.933879726446598724e-01
5.579519659683821464e-01
8.873590768554383557e-01
1.781139995868256332e+00
1.596148282071636837e+00
4.224709460456117505e+00
6.005742176882668204e+00
6.383026771435874380e+00
6.662320821865715281e+00
7.172078275165017835e+00
7.519711288042602249e+00
5.825287070132441694e-03
4.020159379098559548e-03
1.212871280148092139e-02
6.693279892449752015e-03
8.892951686779974538e-03
1.286960578567144381e-02
3.497952862263873502e-02
5.811041358470766388e-02
1.271721943230547103e-01
2.443672319549436700e-01
6.764646397481309803e-01
1.287566399107694437e+00
2.738198509702105099e+00
2.319758284120168934e+00
5.532781048543915503e+00
8.267933827077149189e+00
8.783045132828942059e+00
8.706889510732102266e+00
9.374876893862715832e+00
8.776436609576597547e+00
2.970675335053980966e-03
1.267513369868284411e-02
9.285008012362932703e-03
1.397415767854088241e-02
8.370066619668827326e-03
1.574328559164862168e-02
4.242666509633814115e-02
5.423733766715850557e-02
1.227089626554835056e-01
2.545898174569367067e-01
7.010594842129813653e-01
1.401110789971891757e+00
3.306318994045298165e+00
2.473427957876585648e+00
6.500841497760897703e+00
1.001995134066358695e+01
1.133070718990281911e+01
1.110200206947724233e+01
1.238390847747495904e+01
1.150583539352487250e+01
6.296764053196030747e-03
7.790773722744007840e-03
5.437164940704617040e-03
7.076063983659770448e-03
1.241093850566705147e-02
1.721737184740014526e-02
2.513503786951151731e-02
4.973770072517351426e-02
1.043729907892800846e-01
1.963216502601829450e-01
5.328796455853406222e-01
1.136787057014045921e+00
3.058476453333173861e+00
2.031923440061465413e+00
6.209442346453085015e+00
1.030916266705639650e+01
1.174149286138677084e+01
1.209527499457212407e+01
1.459643518829692788e+01
1.402893443439132071e+01
5.655609645040284017e-03
6.348841561137505418e-03
9.000215420300154701e-03
8.672595398038199579e-03
1.841595333591243208e-02
1.794497686743410508e-02
2.183506308552212241e-02
3.438737098562179295e-02
1.029993351642387311e-01
1.772600335050825149e-01
4.047091635459217351e-01
9.865866134154239742e-01
2.747982948285733418e+00
1.715793274315456918e+00
5.497350876253520369e+00
9.518049873270243211e+00
1.111867734268821550e+01
1.174220659172208947e+01
1.498391312554345589e+01
1.531944067256852371e+01
9.625788203142283950e-03
1.476689863912964730e-02
2.756340142381915465e-02
2.445142087150627142e-02
2.154262029415550742e-02
2.126462915537739168e-02
4.543543084310647934e-02
5.724205420538648614e-02
1.674450677751102845e-01
2.031405833582973219e-01
7.529948452334132014e-01
1.051157664167140515e+00
2.462290118297011166e+00
2.121964525092578047e+00
5.423879376098992289e+00
8.437288548395546428e+00
1.039576471759875176e+01
1.066641651054322715e+01
1.244560711277653198e+01
1.145402412339278087e+01
1.460058244542331019e-01
6.513591201950515164e-02
8.635985447318481056e-02
9.525461919569877534e-02
1.374821275244519081e-01
2.037677400850019249e-01
1.270079135688746974e-01
2.281584818394541414e-01
2.570671818842123479e-01
3.077305533625881995e-01
6.021026428518424511e-01
1.239359529574083130e+00
1.430788301838107568e+00
2.003890077997983354e+00
2.879980302817993110e+00
5.018085126564098886e+00
6.480231446932016581e+00
6.391633644270080516e+00
6.509997857041949665e+00
6.789535491322839178e+00
1.289743808567712091e-01
1.974977609423460012e-01
1.632493161247306757e-01
1.813449699714987651e-01
4.056060686900800349e-01
2.996616457015860990e-01
5.411662482280933384e-01
5.104970206555764500e-01
2.571150232760958110e-01
3.599136874699242483e-01
3.535592369633152043e-01
6.212665420018039786e-01
6.975824984160148290e-01
1.118610260942502599e+00
1.253359108067630068e+00
1.936938963016403559e+00
3.151777387756262705e+00
5.278207866346995125e+00
5.723891140374402831e+00
8.169953590609283722e+00
6.638747642623314960e-01
7.650851091340614696e-01
5.439137224652428326e-01
6.249140853769765691e-01
6.564154801958504981e-01
3.853851071392545014e-01
6.971532303647013373e-01
5.488851875336967501e-01
5.467419045267288835e-01
5.655211153599938312e-01
8.286884180177060966e-01
5.771658876906311519e-01
5.665375970153215812e-01
5.646893891122737319e-01
8.743257884316423256e-01
1.235378334755629082e+00
4.825748076836430256e-01
6.245547108636246847e-01
1.266960537788960783e+00
1.325284143496924028e+00
1.074490035722001746e+00
1.706564227519635990e+00
2.098230672897448024e+00
1.232115465420353217e+00
1.612235013783577475e+00
9.546029046340804847e-01
1.734522363525553779e+00
1.398327948061406589e+00
7.688442920576947781e-01
1.420343984554901517e+00
1.614969648136432623e+00
5.809314599100808829e-01
7.412851417255331699e-01
8.297654488925434446e-01
1.223280831779763433e+00
6.706935825426688647e-01
1.342531411948421960e+00
1.212028880353370530e+00
7.359076654828395903e-01
9.494985461778387981e-01
2.988325680832603045e-05
2.940945789856833176e-05
2.293953164346541364e-04
9.923840431969507543e-05
1.059873221793240262e-03
2.153277998030687923e-03
5.173571036212512011e-04
2.831890732889448883e-04
3.662321305081485748e-03
9.025707956753259084e-03
2.237286067469370049e-04
1.910378919433487093e-04
8.365166686044510857e-05
8.325195444609119998e-04
1.111886109406045773e-04
2.406405050301953165e-04
9.035353618284858081e-04
1.031679125269237447e-03
1.524657733806170134e-03
9.581138528255343442e-03
