1.632270320841369970e-01
2.615508878149850336e-01
3.258726431260045020e-01
2.749969479098062775e-01
6.552343930582562592e-01
3.157298802800428961e-01
2.303591222064298449e-01
2.348701314472645962e-01
3.349061634863067516e-01
2.586034778031249259e-01
2.618446494911897959e-01
5.752668406613755669e-01
3.247169066590892550e-01
2.428126870298601969e-01
1.645765959708936910e-01
2.948480022915592191e-01
3.045161182159270008e-01
3.045980233614647426e-01
7.050746293073953952e-01
3.508732760353417968e-01
2.788595916139673392e-01
2.219133598657972717e-01
3.107433708337510869e-01
3.345127190096886527e-01
3.111730731474802725e-01
6.701306451797618413e-01
2.817391887436755393e-01
2.993771603526326208e-01
2.156934583195595501e-01
2.484816468269655521e-01
3.040115155844558270e-01
3.246386536382405708e-01
6.198134599823932334e-01
2.634195113369126040e-01
2.571730951409501031e-01
2.309012526102577900e-01
3.349649949797501303e-01
2.494912291403213744e-01
2.390820838585540897e-01
6.386642477372438398e-01
2.946029696596573766e-01
3.016308985282356026e-01
1.881625387883014144e-01
2.822066562075726814e-01
2.878772651794060389e-01
2.581701485986467870e-01
5.916206375381215521e-01
2.530302788364657829e-01
3.710264975733236770e-01
1.809154662914745637e-01
3.304633610515494424e-01
3.063128108865752486e-01
2.833747506699049179e-01
6.526997391991899988e-01
3.226952623905254836e-01
2.993028091635936971e-01
2.038511861258601732e-01
2.779446559070630207e-01
3.047131670301905237e-01
2.558457528931973313e-01
7.653767084222690142e-01
3.429335407602475683e-01
3.142259849427873064e-01
2.095668532083043156e-01
3.968254935697414498e-01
2.486822305689615764e-01
3.122735669643187384e-01
5.469670249589696498e-01
2.859967940067644765e-01
3.613717771504612597e-01
2.173172672813596107e-01
3.244293520341676174e-01
2.935106372336785396e-01
3.311694664941498556e-01
7.033642306060198246e-01
2.780767215797347869e-01
3.102896449205142515e-01
1.919486720558434278e-01
3.283247548137140370e-01
3.325896843142765458e-01
2.856790513579866020e-01
6.503187874050834205e-01
2.994406635562472663e-01
3.101360233876599981e-01
1.853057881949374819e-01
3.477172663547478115e-01
3.275571404596322456e-01
2.983841119150985044e-01
6.376168322360025176e-01
3.186561915330018979e-01
2.982396498945872332e-01
1.937426345011920847e-01
3.297528096436061484e-01
2.781264426125575895e-01
3.079844970462026210e-01
8.255500307309736607e-01
3.185171573340135343e-01
3.115400240490408534e-01
2.044162947928136742e-01
3.067172444540998133e-01
2.963989381517092014e-01
3.344663717555527715e-01
8.148831032157698440e-01
3.053283447722386357e-01
4.401341889926427831e-01
1.948158274888927566e-01
3.239116695606458207e-01
2.711743792138890941e-01
3.325641134882270089e-01
8.831600709109451719e-01
3.444423636689091794e-01
4.803620450967112099e-01
2.296831856647634229e-01
3.551637420586328808e-01
2.584771448873728339e-01
3.750074736007440457e-01
8.783377495197115525e-01
2.977161671200718729e-01
4.205532873702798602e-01
1.957034414893430996e-01
3.643968664971887206e-01
3.110973781855538856e-01
3.528314524552935705e-01
1.078252880165322392e+00
2.987255207153001191e-01
5.673411068433735771e-01
2.062356690728112674e-01
3.240479319262009605e-01
2.743083249293866710e-01
3.335319559962348634e-01
1.041648775196841514e+00
3.008801655077188997e-01
5.018302342712586128e-01
1.855045525424419139e-01
4.231529103645350065e-01
2.709670541914283581e-01
3.108723145029741453e-01
9.928544505022566247e-01
2.817258660909536250e-01
6.899527571094236089e-01
1.525412463315549971e-01
2.721251470910369674e-01
3.154428827682881908e-01
2.815997448809817727e-01
6.096498535140471020e-01
3.175726903982046823e-01
1.289641408979726178e-01
2.295624443390184288e-01
3.327965538726798123e-01
2.667884000655088017e-01
2.889741376430620123e-01
5.822994951586014656e-01
3.228005490148002088e-01
1.747272511694598351e-01
1.670407326109508983e-01
3.061148221644833245e-01
3.162312690640001756e-01
3.066071257169877273e-01
5.620210223067955146e-01
3.501302347111333035e-01
2.480635793855016091e-01
2.153317822137581217e-01
2.990558173966642586e-01
3.278145271944848949e-01
3.065273139182157491e-01
6.007972915850366968e-01
2.822289702430244573e-01
2.410424284480167101e-01
2.140235585672208007e-01
2.450361217542502690e-01
3.023783771132780851e-01
3.248472216667691592e-01
4.903238537834972433e-01
2.630622149439715840e-01
2.308589937929834690e-01
2.259473489832023729e-01
3.217261204652854256e-01
2.484143478080798606e-01
2.636151727094447339e-01
6.909457911140288733e-01
2.956087062921971542e-01
2.123239560078951649e-01
1.906160471994154393e-01
2.962249243534565979e-01
2.994369451388926850e-01
2.798964636214252288e-01
6.253217711143046476e-01
2.529858106408382490e-01
2.631065969935331705e-01
1.773859301783205500e-01
3.357037783944596954e-01
2.970083119465789512e-01
2.642682321904629705e-01
6.277265687544537620e-01
3.230855578540074435e-01
2.466970011723097489e-01
1.928541734210748038e-01
3.239283539251909816e-01
3.230180176832894157e-01
2.695348596414857134e-01
5.288864146118819054e-01
3.428927870911879228e-01
2.358924644068408627e-01
2.078013063514927705e-01
3.548920824188524503e-01
2.396793384296201923e-01
3.152998031509785526e-01
5.407590791569995003e-01
2.864650611970490646e-01
2.559422944976854630e-01
2.089484508871968793e-01
3.167056724502267939e-01
2.810982829151681406e-01
3.135801861373897492e-01
5.953647674823493441e-01
2.793281096394804042e-01
2.810854391023849819e-01
1.922861209692852680e-01
3.220987251420291964e-01
3.383489111646489911e-01
3.127196041073425636e-01
6.632934381190279671e-01
2.992013693547340147e-01
3.119243209769749225e-01
1.810132550406715057e-01
3.234751539519011843e-01
3.229414218956483396e-01
2.995965253231896441e-01
7.065266130002499922e-01
3.201336116973551582e-01
2.451985544677642848e-01
2.055268120191363623e-01
3.390806874331027121e-01
2.653857886224748053e-01
3.074336831823872851e-01
5.797146122941384538e-01
3.183338387904745548e-01
3.002689518974019367e-01
2.004151210084988699e-01
3.274412240669755114e-01
2.952678271393426868e-01
3.191452665046725090e-01
7.761163892413461829e-01
3.042074686857814680e-01
2.782170426077983372e-01
1.898812495530494970e-01
3.057173243489048065e-01
2.669091719667942564e-01
3.225408768645152691e-01
7.113456723586800701e-01
3.429816898804073921e-01
2.898645603552741368e-01
2.241664991931096307e-01
3.533225463697423629e-01
2.714321851796651641e-01
3.563312147167663757e-01
7.959089424066025931e-01
2.977815865647006066e-01
2.797709856691342756e-01
2.102126019261091328e-01
3.230317136947452594e-01
2.887298653921170355e-01
3.225379176513623602e-01
1.495220451043329568e+00
3.007093044486016664e-01
3.594753135718238291e-01
2.010932238761500013e-01
2.730863436771946429e-01
2.665105509331562317e-01
3.152900917987455087e-01
8.468522187239049259e-01
3.016716829671728939e-01
4.579100461702126368e-01
2.012147728652578238e-01
4.172868996328581992e-01
2.854235831049153349e-01
3.427989718819476339e-01
1.450956450061624770e+00
2.821004206454362784e-01
5.670277354471404685e-01
1.505890292604487035e-01
2.714941758063302291e-01
3.191014503181969220e-01
3.059252068433213623e-01
7.506702028698123419e-01
3.172551753159815191e-01
1.798991392834142500e-01
2.413732439043765610e-01
3.217629908930795812e-01
2.664328036560003610e-01
2.974077659399639306e-01
8.101959512174490285e-01
3.232974803615597525e-01
2.329576741498765313e-01
1.652575209185089822e-01
3.502946947761971241e-01
3.244136819611743161e-01
3.294462436670001493e-01
7.710699282377891928e-01
3.503197547139241808e-01
1.879949895978855479e-01
2.158914148901635299e-01
3.056123078864641518e-01
3.343694246991507635e-01
3.000745928601641355e-01
6.343355081151852426e-01
2.820058598719548115e-01
3.225866345916749145e-01
2.150036075539934755e-01
2.408042231088854401e-01
2.979660245037446531e-01
3.507195369851017208e-01
5.968681729081025678e-01
2.631230169390565976e-01
3.524001098866226256e-01
2.321502851945504153e-01
3.084863387220687092e-01
2.377863010508628472e-01
3.125282148026481410e-01
6.386880642618590898e-01
2.957419176403028871e-01
3.145420264742293526e-01
1.873096192011710071e-01
2.843323554304842959e-01
2.982578975561668289e-01
2.977134766477235184e-01
7.119923696738210683e-01
2.527451338967059979e-01
2.817197140246057718e-01
1.729797507791633326e-01
3.575599466288675865e-01
3.127505583930820787e-01
3.158247001745077553e-01
2.448046295065905653e+00
3.230832164780749749e-01
3.283474903130678135e-01
1.946640436206051594e-01
2.962596175599242487e-01
3.140987198114362222e-01
2.837416564421121890e-01
7.299908789670619402e-01
3.428252031759573271e-01
1.991812161637680767e-01
2.055900433447079012e-01
4.052496683365321428e-01
2.276504476863650539e-01
3.484552687455828579e-01
1.466218268837961691e+00
2.863953875288168804e-01
3.071677384811406508e-01
2.125678568710643868e-01
3.518084470070925174e-01
3.080294726023667384e-01
3.470248966658791012e-01
1.508132748503024034e+00
2.790265149198081773e-01
3.366476463367837346e-01
1.811456437400732200e-01
3.432630788567670455e-01
3.443233430352710123e-01
3.198813552801608173e-01
1.470403629265039314e+00
2.990674882532411427e-01
2.608792011113938991e-01
1.893586231622068627e-01
3.444148140908993572e-01
3.529289631892837953e-01
3.338835315023579997e-01
1.480556718192660659e+00
3.193919249464906573e-01
2.614161599436478634e-01
2.088055481495148524e-01
3.565331246906562335e-01
3.011786149160511905e-01
3.469836043556418503e-01
1.918224259824389488e+00
3.184751164497502396e-01
3.581385230085596949e-01
1.956415147434993063e-01
3.074063866267470746e-01
2.870464369910823987e-01
3.229230790730188705e-01
1.923061466817130416e+00
3.048002012466178301e-01
2.974095096814522443e-01
2.014073236490383501e-01
3.213939290010447425e-01
3.011962460523842644e-01
3.252498730251924264e-01
1.871442466298748997e+00
3.428935431277837509e-01
3.738679720393664474e-01
2.310100219071853367e-01
3.842157866371421759e-01
2.527435255876246400e-01
3.794885381143557335e-01
7.483819824983782842e-01
2.975014203281404757e-01
3.666714339828286429e-01
2.063017142605905463e-01
3.603113312386410638e-01
3.100253065974805100e-01
3.710180575994991847e-01
8.427954209352154225e-01
3.004599432731295261e-01
3.922799013944182622e-01
2.021843942545446249e-01
3.469045055379760822e-01
2.728165986079146843e-01
3.483564973844860968e-01
1.179514948657662154e+00
3.008071574508764390e-01
4.276986243298046553e-01
1.764465078035141465e-01
3.568936178152612437e-01
2.583562059395655974e-01
3.653041719632882933e-01
2.229823185790291706e+00
2.817703969848116552e-01
4.180526959324263880e-01
1.591248447827974255e-01
3.197500093795898612e-01
3.250738452311416893e-01
3.535049419392864434e-01
9.244165375498967219e-01
3.167260624806315650e-01
2.270996371423369131e-01
2.458322492146315374e-01
3.440500162567748377e-01
2.643051240410906333e-01
3.604957652386638900e-01
9.839116021487913644e-01
3.228242860932824532e-01
3.186729024317573322e-01
1.722501726162490865e-01
3.544228511139676518e-01
3.507979290838383335e-01
3.310457206195917546e-01
1.017224136543789292e+00
3.499307412658561600e-01
3.327695343234776670e-01
2.122294072058601710e-01
3.663719781943850506e-01
3.349993787079393881e-01
3.899774743944347533e-01
1.998025106871778034e+00
2.814836970091507684e-01
3.974871526706191815e-01
2.230603205276571466e-01
2.832148839572615762e-01
3.388510707007566514e-01
3.952921703313229673e-01
9.428134262271243848e-01
2.635100284653184577e-01
4.180333366245426174e-01
2.335204893059163456e-01
3.724218238290595839e-01
2.400828463213965369e-01
2.891129594675656000e-01
8.935909537031443417e-01
2.953512546521770421e-01
5.237514433197393293e-01
2.022770851137034587e-01
3.213686022023371502e-01
2.967427652798696469e-01
3.612728552364911083e-01
1.038641397976474146e+00
2.524673824534873767e-01
4.874542662161199247e-01
1.737791922002218103e-01
4.040757748539203775e-01
3.096489913925868920e-01
3.609813099638761735e-01
1.182811978694333632e+00
3.222010166287803123e-01
4.081837823727884063e-01
1.996487311722899283e-01
3.953038137932837204e-01
3.759677339262611495e-01
3.874814784706281379e-01
1.858540938247588592e+00
3.434942030271869173e-01
4.012700660478514814e-01
2.244408601795810365e-01
4.254901417502947591e-01
2.851247220310773045e-01
4.350222514251509409e-01
2.272833121736092199e+00
2.867497858914606623e-01
4.450788094738266087e-01
2.207567372660252103e-01
4.334215329972034292e-01
3.339656852643292373e-01
4.107813866576852102e-01
2.057985210328732162e+00
2.788580544833170749e-01
4.904727759849037971e-01
1.869524621368934547e-01
3.861284671933238877e-01
3.684627250442573110e-01
3.686106737735436734e-01
1.992244697964874911e+00
2.992352321465698850e-01
5.204337944650793135e-01
1.805778449741748393e-01
4.246383051124312247e-01
3.648434260263654361e-01
4.144220122134782969e-01
1.024098191266203717e+00
3.194211647241764207e-01
5.106344905913436927e-01
2.120099731234957319e-01
4.308120501042005945e-01
2.877772476045748484e-01
3.701857127586952734e-01
1.362235039748394216e+00
3.177714590794043503e-01
5.113256676108244303e-01
1.991238779508175405e-01
3.325443792279633715e-01
3.656579212907481446e-01
3.718140427164058903e-01
1.878851119821231652e+00
3.052437085205457756e-01
4.593514317356572896e-01
1.892830591758794812e-01
3.127131237773095873e-01
2.865815528256147049e-01
4.307467311120291020e-01
1.265855392536005652e+00
3.429100537758258960e-01
4.940657890094169447e-01
2.427218390091505362e-01
3.418125645857252870e-01
2.769452138133930985e-01
3.883795425637073251e-01
1.139479391516979412e+00
2.969676893720163413e-01
5.398578204997385166e-01
2.068370327939308972e-01
4.073173339662359282e-01
3.359298143015904126e-01
5.101659268419150850e-01
2.273156069658345046e+00
3.006090672464947211e-01
5.447535415940599757e-01
1.994267421213835323e-01
3.882210300131368474e-01
3.260172753144018887e-01
4.029643051662070707e-01
2.036224716753883168e+00
3.008852310182460466e-01
6.538950350324284067e-01
1.954953177778468720e-01
4.226731119182864926e-01
3.634914720088500140e-01
4.599561782350182759e-01
2.589811282282843852e+00
2.821667654517106549e-01
7.339036464369269597e-01
1.468052825928863048e-01
4.218079682072911618e-01
3.853871232187185969e-01
5.299613133352222283e-01
2.038594185470529840e+00
3.167444232911360014e-01
5.804553615543768252e-01
2.578327454867080926e-01
4.440768535639764703e-01
3.073665862547587668e-01
5.105536603767417692e-01
1.807764773272035219e+00
3.231406058698266803e-01
5.961306060298992016e-01
1.823695671987169697e-01
4.812706826727888854e-01
3.510795819166039333e-01
4.554396667954257460e-01
1.258685274979945534e+00
3.498609147317758294e-01
6.018312059921500090e-01
2.226259180239153479e-01
4.677159067018382688e-01
3.586229168642675602e-01
4.427493487292485375e-01
2.708008608401526907e+00
2.820794429095159206e-01
7.212089379355074437e-01
2.349591912999058618e-01
4.067297019567860938e-01
3.620368883113302960e-01
4.644836517240261142e-01
1.470115721472854187e+00
2.637256285136371781e-01
5.434012950196075442e-01
2.257242726715811831e-01
4.343254770378026652e-01
3.176169575280586299e-01
4.058199507376625270e-01
1.490222657939397344e+00
2.961853799564727607e-01
7.025127091938938584e-01
2.041928896844872610e-01
4.881458286739234209e-01
3.473161034155322069e-01
3.749076594473368385e-01
1.752904765959262257e+00
2.528893143604021287e-01
9.210540940188410852e-01
1.837656311809847953e-01
4.738093725999621975e-01
3.557793146664870454e-01
4.211265223827863613e-01
1.610491891092846517e+00
3.227190914862446136e-01
7.361732415890556158e-01
2.051454853558319080e-01
3.532854995077430171e-01
3.493227546431919572e-01
4.370088431807004348e-01
1.981725218200535377e+00
3.435238814879634783e-01
9.074943901869461094e-01
2.134665021783888339e-01
4.583082730407017080e-01
3.306280300832599162e-01
4.790561601836231809e-01
1.602802528431910289e+00
2.859042962058809811e-01
8.701765972397030868e-01
2.285810498254692291e-01
4.687737240481845702e-01
3.195614564906473776e-01
4.895061717601071893e-01
2.477394268813010836e+00
2.793845672093268617e-01
9.768554372481156323e-01
1.845959149051344117e-01
4.885977433840631989e-01
4.200743641790619654e-01
5.619885660197561084e-01
2.112113456028906544e+00
2.993155555760602105e-01
7.914849185541309451e-01
1.839815979900337184e-01
4.035065088020002300e-01
3.843541154191147391e-01
4.988042627261033979e-01
2.820639432565009930e+00
3.195661554887010980e-01
1.009744834630120325e+00
2.272864262436985472e-01
5.030213122294259209e-01
3.824996065843573323e-01
4.948148276104141763e-01
1.755947312106110436e+00
3.178641536400142464e-01
8.176781174724514489e-01
2.177425483674138851e-01
4.933270248604115782e-01
3.824142329592230549e-01
4.337323626003877775e-01
1.617283427606332147e+00
3.049877079433450655e-01
1.008079996344510176e+00
2.037582180399474252e-01
4.294760020192711081e-01
3.601620636405292175e-01
4.558657920462694246e-01
1.608508193378110018e+00
3.430631031006435849e-01
9.828503137163169256e-01
2.365930994991696235e-01
5.625237108057337121e-01
3.182085678651295768e-01
4.874708108102389637e-01
2.132064910991893214e+00
2.970832173372529583e-01
9.060102161597327619e-01
2.190603602193153809e-01
5.342222557430380547e-01
3.433611475643379429e-01
5.364105211034037035e-01
2.182047836316074907e+00
2.988997542145820918e-01
1.067438096888045029e+00
2.201244203115323983e-01
5.225416989436084680e-01
4.339231674820053231e-01
4.764771219053566265e-01
2.956407992529496376e+00
3.011341337378729555e-01
1.318031003574251736e+00
2.094922973919583487e-01
5.498176925156944561e-01
3.235996294550711472e-01
5.461939065742421606e-01
2.612928075953684370e+00
2.813874231500962941e-01
1.430043960007630677e+00
1.649345952008903771e-01
4.048092202051232769e-01
3.531149216261182944e-01
4.412137614890816462e-01
1.722999498005822527e+00
3.159334535754053097e-01
7.993287277941409918e-01
2.488725946409945933e-01
4.545742336422908259e-01
2.826914165765646580e-01
4.695254360126208115e-01
1.307872666066667522e+00
3.236892897651572065e-01
7.406780294279224908e-01
1.813872508924511684e-01
4.229825957163229067e-01
3.352348057680727411e-01
5.174297555174246499e-01
1.980643533455802130e+00
3.500201324814136705e-01
7.205910483029105418e-01
2.206872754986718976e-01
4.491186827757354116e-01
3.823548900072918366e-01
5.600464205049104915e-01
2.409977583215919150e+00
2.821320992543203121e-01
9.434943922018759199e-01
2.306475658347884872e-01
4.633502456658074031e-01
3.635785659751120669e-01
4.741439041351480088e-01
1.421401738426939287e+00
2.628013879838432265e-01
9.002074748173103380e-01
2.433652229089272312e-01
4.920249793615864564e-01
3.136725010607600006e-01
4.529611028543118478e-01
1.568076103839251445e+00
2.958244552586130616e-01
1.211156034290674421e+00
2.016742652347849607e-01
3.970567343982400743e-01
3.399682488634941935e-01
5.150072554187091756e-01
1.657865239131500079e+00
2.535161601024932820e-01
1.036410159518811103e+00
1.771843132574137669e-01
4.904563192779617942e-01
3.263740673262343073e-01
4.583489136593255076e-01
2.147729393127882691e+00
3.242452120164088791e-01
1.108972084028802652e+00
1.979775250947724829e-01
5.134956143064748346e-01
3.984224778182717808e-01
3.953392509139810884e-01
2.032182281217397968e+00
3.433881847826102396e-01
1.244432205402858704e+00
2.127814198524717593e-01
5.547666964949831137e-01
3.016220840144371307e-01
4.929869234875594031e-01
1.667358939323216438e+00
2.873584878721943681e-01
1.332778264973201843e+00
2.338152265277692043e-01
4.900163283222316313e-01
3.943996514438897760e-01
5.225749259619966169e-01
2.133051388142352955e+00
2.787918935839580059e-01
1.514630824335069237e+00
1.858710316930632100e-01
4.793010199282885520e-01
3.952874102452277327e-01
5.118489747953374192e-01
2.594909179451795112e+00
2.996075500913685241e-01
1.221407443910001556e+00
1.920187068630313521e-01
4.642498241217279942e-01
3.633081638581383555e-01
5.452664767209370877e-01
2.168917399023250425e+00
3.182919322356353442e-01
1.485744629240266290e+00
2.281426706524834203e-01
5.294972780348232710e-01
3.589275885153969115e-01
5.563071879613245008e-01
2.724992215471903290e+00
3.184507448228620641e-01
1.373062505313303872e+00
1.921741687854418290e-01
4.798654267902738302e-01
3.477777582388274502e-01
4.844813124202027588e-01
2.474465096383511309e+00
3.046615716406334551e-01
1.433922120924744581e+00
2.174600934050731627e-01
3.957363328993291907e-01
3.874232716456084691e-01
5.410391760580127718e-01
2.133815644976161163e+00
3.427713481789736449e-01
1.790252198999546129e+00
2.375591090898430402e-01
5.151843122643844364e-01
4.119825799032935110e-01
5.475396427469224614e-01
3.102517214766259634e+00
2.978509472323629947e-01
1.632104233172337659e+00
2.148406197011860086e-01
5.036317071664203615e-01
3.379979389741358808e-01
5.925136638333943218e-01
3.154421836345890906e+00
3.006068425906122665e-01
1.676326726520800836e+00
2.037333394459103775e-01
5.510629263893500607e-01
3.105864128185434891e-01
6.252519321323563029e-01
2.314833934694584539e+00
3.014050244385426125e-01
1.808192353837856148e+00
2.123397512701212242e-01
6.370980110492956427e-01
3.730159376281469430e-01
4.843503049773417168e-01
2.830882294908675600e+00
2.841664551790109572e-01
1.848044208312621173e+00
1.488560951859766168e-01
5.264055854782281330e-01
3.735535279797028707e-01
5.106797386864075916e-01
2.309875235450215669e+00
3.196252846949417248e-01
1.305669856567319931e+00
2.443697840304137336e-01
4.537451613480533719e-01
2.905126251422472383e-01
4.449594289384400381e-01
1.968295386449182116e+00
3.215103071741635121e-01
1.185338483927122155e+00
1.748165626761971347e-01
4.728024291581841010e-01
4.334251391721990476e-01
4.808955503882658689e-01
1.789611118434487613e+00
3.560177486223151111e-01
1.404231785319321357e+00
2.154146895763854042e-01
5.010204044498207665e-01
3.804319736881038305e-01
5.091720132079831096e-01
1.731375761366636068e+00
2.806055630341993123e-01
1.321699271075449156e+00
2.098298543416016182e-01
3.881940329374638510e-01
3.289559267669989739e-01
5.622390973684323612e-01
2.306289165185108292e+00
2.680848771139444087e-01
1.429987691410082418e+00
2.342545590434279845e-01
5.127140506875202952e-01
3.080717341291510092e-01
4.712935696367356320e-01
1.686786146252894136e+00
3.008969065345525329e-01
1.511264329035369780e+00
2.139575111941244001e-01
5.732920021574307023e-01
2.859646837199777414e-01
4.315749543550709832e-01
2.065466503305399382e+00
2.512730861834361895e-01
1.479384998061552325e+00
1.805228127871655597e-01
5.427594025745620110e-01
3.829389464175222413e-01
4.936541669307173974e-01
2.032576854212380102e+00
3.126946170185317952e-01
1.628432159877718721e+00
1.751720166658739808e-01
4.340142220481483237e-01
3.678343704020229366e-01
4.612821835159074402e-01
2.324723453464559331e+00
3.402651492926239141e-01
1.741541623551294382e+00
2.083920723314442447e-01
5.455634017609154451e-01
3.276452506071032000e-01
5.055488653910912289e-01
2.292640824169474900e+00
2.872431791326224282e-01
2.023713797979897588e+00
2.439230290090886322e-01
5.228462314579284120e-01
3.306311698617599992e-01
4.487750642170102999e-01
2.244459992751436594e+00
2.839203739133446813e-01
2.318294980181442977e+00
1.983529931365762833e-01
4.807256490844670771e-01
3.868250796259901092e-01
4.370948445596485321e-01
2.260294486762596478e+00
3.127846297334481163e-01
1.854271474446285373e+00
1.958987795925413167e-01
5.264082099135488635e-01
3.480487677112665268e-01
4.919307431620077997e-01
2.007121482422800085e+00
3.129528880775359068e-01
2.194647354160346620e+00
2.241997872723853202e-01
4.929994629170657561e-01
3.542071835740243646e-01
5.137355441520878863e-01
2.328976612443657501e+00
3.227852687418790167e-01
2.159557032226298467e+00
2.014363628953728114e-01
4.684623610816169292e-01
3.681241134423356431e-01
4.755619384126330007e-01
2.307654301848534040e+00
2.983503233833699753e-01
2.377696138793936154e+00
2.159063033744653970e-01
5.537286182204077534e-01
3.065936443415829271e-01
4.693245142361798239e-01
2.322108499331212883e+00
3.483389323616332134e-01
3.018872896317307486e+00
2.319287909580787232e-01
6.076010023925566550e-01
3.206076292787927162e-01
5.824324539722255389e-01
2.319164364156463431e+00
2.918649679018828214e-01
2.595199447019853611e+00
2.160160713859753667e-01
5.903874013252782271e-01
3.562078425352359079e-01
6.718965181451842517e-01
2.873451388120888073e+00
3.047089586787062876e-01
2.584554947833893834e+00
2.002117749899447463e-01
5.793203090409619893e-01
3.580526325510492436e-01
6.390616207400413584e-01
2.973202088367948193e+00
3.129130492299598276e-01
3.210060381119165029e+00
2.081224880506381547e-01
5.327164144770323295e-01
4.365733271991703579e-01
5.795758315228569657e-01
3.524767565581156337e+00
2.926779600421327565e-01
4.235326678952337609e+00
1.788908853024256951e-01
7.197802858279679361e-01
4.428601061167339870e-01
6.989475470955844871e-01
3.076369699071312080e+00
4.276548376473027879e+00
4.451796873512372521e+00
2.538453988475383172e-01
6.909111022875483732e-01
3.672458004899626927e-01
5.524000630721946914e-01
2.844305734503114635e+00
4.652587215017009115e+00
4.037019315959881283e+00
1.941463651805817869e-01
7.271461706882988985e-01
4.313373688026219122e-01
6.027038279491174766e-01
3.426631085866708837e+00
4.560523196041748051e+00
3.404840958983057497e+00
2.202243141106220159e-01
6.465091076920651547e-01
4.559253576351828263e-01
6.054308994961865587e-01
3.031272494016862495e+00
4.602315036091139788e+00
3.558223623022557902e+00
2.400317930413843337e-01
5.549395996889139315e-01
3.650539364814859300e-01
6.036770469682299911e-01
3.130108713999051329e+00
4.885527629330541188e+00
2.508053148952086975e+00
2.418529206226850692e-01
7.093805620499673559e-01
3.610147049538551256e-01
6.378042968403307977e-01
3.334852643390551208e+00
4.414244253069807833e+00
5.029275085943664791e+00
2.122140983121963698e-01
7.053283415018128943e-01
4.635043725342293253e-01
5.544159208441802322e-01
3.109414403755203171e+00
4.817493871327892307e+00
3.873290525936794015e+00
1.853837289377872621e-01
6.538475980629059325e-01
4.599838395813843905e-01
5.744020959655492531e-01
3.419804817784306561e+00
4.724276485275184179e+00
3.900993029762284792e+00
1.934983523883200829e-01
6.668011507617104261e-01
4.521855862007776450e-01
6.658537363864285297e-01
3.453360967635347389e+00
4.731908568882507105e+00
4.962689141575630458e+00
2.210900833450218095e-01
7.767953133809734068e-01
3.300919253743477833e-01
5.551041607310444048e-01
2.891622886712176044e+00
4.588395901582082992e+00
4.714179941609319968e+00
2.413304438079054981e-01
6.931779150431240932e-01
4.635667744077145991e-01
6.596046937369538510e-01
3.285673170807097421e+00
4.688892499044831297e+00
4.456166692399708751e+00
1.941251811123933246e-01
6.971774366043165250e-01
4.043431590740578230e-01
6.305313603155709989e-01
3.167461452392088539e+00
4.573336828937832443e+00
7.022831695777373540e+00
1.897150560455485580e-01
5.987537346992795051e-01
4.692456542130850061e-01
6.037767082431568788e-01
3.099467365036668198e+00
4.783337286791333298e+00
6.516786154538350750e+00
2.324464180205154662e-01
6.210480507220327295e-01
4.483257158151523480e-01
6.174189350490498773e-01
3.187155242718437531e+00
4.689787430767730747e+00
6.675275529573122313e+00
2.056724422020201892e-01
6.596620736579369426e-01
4.048199303046803310e-01
6.417204106450754564e-01
3.126815755797364371e+00
4.850895861395377651e+00
6.758730305267637739e+00
2.123644389606351435e-01
7.854782370077112441e-01
3.865187410104105048e-01
6.615939833515283031e-01
3.422367262981663494e+00
4.780546433208446189e+00
7.609372346094864348e+00
2.589410320742691618e-01
6.990122611150710874e-01
3.829672671174015330e-01
6.932347557531415294e-01
3.384913303416219321e+00
4.667502149793874011e+00
6.952145862766577089e+00
2.291847165380037354e-01
7.516678473930630267e-01
4.628527561593529516e-01
7.361192662663833541e-01
3.048673735601093782e+00
4.895025136436645496e+00
7.355322004440841610e+00
2.342123161573909096e-01
8.115331377531830315e-01
4.836084422725938081e-01
7.349537423723669916e-01
3.710691243128262151e+00
4.904959752894479941e+00
8.002738718969593990e+00
1.994324633740563180e-01
8.114437507264696814e-01
4.281391221373869183e-01
7.720928220160659938e-01
3.815298978500656801e+00
4.755439323320341138e+00
1.207441234013234954e+01
2.290020043084389223e-01
9.856812726409688308e-01
6.542379566836163951e-01
9.163193509370906042e-01
3.653759364907836815e+00
4.133369115397431237e+00
2.578169080058679441e+01
3.085503153249009589e-01
1.040999379518283696e+00
5.644758815627773929e-01
1.007105433858191068e+00
4.145692874405908057e+00
3.976679741361861975e+00
1.856048941727910417e+01
2.429874748244527372e-01
1.038526636067730546e+00
6.320122728860123607e-01
8.995766461957959148e-01
3.915454075062855033e+00
4.007398636198574060e+00
2.346041915854271664e+01
2.452846353602388396e-01
8.254632777140271660e-01
5.340392714413839670e-01
1.065967520508962929e+00
3.943449589098912966e+00
3.664327947390563889e+00
2.362724678002177825e+01
2.922227305336286829e-01
1.206458061103614865e+00
5.436075305909335853e-01
1.091699955209106232e+00
4.220140601376129119e+00
4.112594410401809952e+00
2.233161676614285795e+01
2.640797309171754592e-01
1.110157039951473301e+00
6.633973337701967177e-01
1.018511031988158733e+00
3.951893643468241901e+00
3.644350823445352994e+00
2.547673890505652494e+01
2.823109535197685926e-01
1.181495427153488320e+00
6.321207098031396132e-01
8.926674981252209484e-01
4.246504927370852833e+00
3.836453479758632934e+00
1.657133294235622145e+01
1.898027706442940998e-01
9.472884787290916098e-01
5.759868602909616886e-01
8.627880948411744688e-01
3.979973017646083022e+00
3.877757395768020032e+00
2.037688363068767217e+01
2.568531384164673415e-01
1.050981737295137997e+00
7.076336921485427700e-01
1.010928888693380046e+00
3.937051223087392859e+00
4.030559610421037497e+00
2.151188717042404974e+01
2.677149642404853536e-01
9.497000410909365309e-01
5.358700088595810263e-01
9.449150252110029014e-01
3.785842694014568632e+00
4.087750654035146702e+00
2.673290075503253149e+01
2.479262482686560576e-01
1.009372944996604682e+00
5.690240439046932996e-01
9.591508044689831536e-01
3.674345591643057851e+00
3.776688650508460920e+00
2.429329676715580533e+01
2.559066262724354890e-01
1.156148516993584563e+00
5.591893306558141097e-01
9.088042864066204762e-01
3.500417654892336472e+00
3.747449719538373802e+00
3.044461365882166959e+01
2.749711183196852371e-01
1.090621401115652089e+00
6.949137205167451592e-01
9.298295697262437542e-01
4.278602191815592093e+00
3.848776432145842641e+00
2.792385304712447791e+01
2.681920127545844301e-01
1.021956483659102188e+00
5.284682594022652724e-01
8.784798841588696838e-01
3.994805598892267273e+00
3.910074984503982165e+00
3.713505841962054177e+01
2.598472928293868445e-01
1.029996107195422006e+00
6.821452760022352901e-01
8.343064323609952204e-01
3.819069598232665452e+00
4.262370495928072600e+00
3.646088492530716252e+01
2.642454827247939231e-01
1.144286263760061706e+00
5.573114068192110970e-01
9.642521735482910694e-01
3.625441422802551994e+00
3.936944022087371486e+00
3.347384604642180506e+01
3.092560580821344662e-01
1.024985634454360417e+00
6.440095526930300629e-01
9.390186101132751428e-01
3.999474036551569522e+00
3.610893391157310450e+00
3.895594150640221898e+01
2.559833787877478506e-01
1.115287207108960121e+00
5.685460514730479309e-01
1.165907846129402792e+00
3.405780850895542056e+00
3.963235288636398401e+00
4.245650265844415827e+01
2.823368196666653507e-01
1.022125786921511459e+00
6.224129510912362884e-01
8.723598706004495051e-01
4.102484593018846937e+00
3.716747740225090801e+00
4.650193069881825636e+01
2.883893305010853392e-01
1.196263697045490737e+00
6.306235310362160451e-01
9.141503823782887173e-01
4.061322056668272396e+00
3.889266477909048891e+00
4.542501855719590509e+01
3.392186138094152592e-01
2.430549822001417226e+00
8.204726963311603782e-01
1.701755843474180407e+00
4.488632558506901127e+00
1.110223024625156540e-16
3.829136440444638083e+02
3.980912769738135237e-01
1.832073768748302189e+00
1.093482625340864267e+00
1.637695313664757180e+00
4.411566826584468970e+00
1.110223024625156540e-16
3.228891737287403885e+02
3.533406985869732009e-01
2.210369420429528109e+00
8.905598205301837877e-01
1.773421270179192932e+00
4.080111294979573699e+00
1.110223024625156540e-16
3.282475993835573718e+02
4.128275300757074939e-01
1.657524730302240012e+00
1.123587390091428828e+00
1.868174324985676371e+00
4.252991347554814894e+00
1.110223024625156540e-16
2.760977315300182227e+02
3.546101995934051176e-01
2.000487249375057619e+00
8.647143752049555321e-01
2.478653758838195831e+00
4.714269112139674256e+00
1.110223024625156540e-16
3.863439426209631051e+02
3.188175805821932274e-01
2.039902971748555061e+00
7.556044971068212046e-01
2.188978758843925121e+00
4.364045779018053572e+00
1.110223024625156540e-16
3.642434899972443532e+02
3.839577247385269620e-01
2.137118159394966188e+00
8.598815862797107856e-01
1.830727433043500829e+00
4.347456406410628027e+00
1.110223024625156540e-16
2.450736694337526274e+02
3.643931032062365238e-01
2.119161841914911193e+00
8.478169194778194528e-01
2.089336500130390739e+00
4.554484083846508824e+00
1.110223024625156540e-16
2.706487885298906235e+02
2.867206196366694493e-01
1.661256459433364974e+00
8.121002140421811344e-01
1.824710173185960516e+00
4.637881110451088418e+00
1.110223024625156540e-16
2.902657646996506742e+02
3.902186030318365861e-01
1.886416194460520002e+00
9.770119092446285514e-01
1.615429254877338350e+00
4.698329867460404152e+00
1.110223024625156540e-16
3.373440019527139953e+02
3.365228229706757612e-01
1.623054492659538051e+00
8.153775661556240673e-01
2.508730685762364132e+00
4.591608273731609735e+00
1.110223024625156540e-16
3.752447470719212674e+02
3.289872536297819838e-01
1.436222265546485355e+00
8.609188405470892258e-01
1.477852550890277561e+00
4.103342460126552460e+00
1.110223024625156540e-16
3.519156131877678604e+02
3.558389143809443933e-01
2.114190454538189101e+00
1.011631085549979048e+00
1.983366350048939353e+00
4.628552165956842934e+00
1.110223024625156540e-16
3.453031573567104715e+02
3.560666312493003804e-01
1.786686934976581931e+00
1.363136934924553234e+00
1.596406978194686577e+00
4.643151497679502526e+00
1.110223024625156540e-16
3.439999795099909079e+02
4.021189189132317043e-01
2.489383298881106210e+00
9.946749847084443985e-01
1.638216685602989386e+00
4.589628391721679357e+00
1.110223024625156540e-16
2.909758591497162570e+02
3.415175789275011198e-01
2.418764311503160069e+00
9.379773487975769930e-01
1.897911282002619604e+00
4.769272901311019552e+00
1.110223024625156540e-16
4.596314409602167643e+02
4.022247470427521843e-01
1.993063333745780819e+00
9.273880500767476276e-01
2.236959236246172100e+00
4.246838242079204129e+00
1.110223024625156540e-16
3.526864885970076102e+02
3.808259567436699800e-01
1.753000148414987303e+00
1.070143447604004816e+00
2.110833541317132855e+00
4.714954810859302903e+00
1.110223024625156540e-16
3.515117389636426992e+02
3.785332030537150172e-01
2.068143177861879067e+00
9.564671714708793404e-01
2.039863042871947307e+00
4.643687333069007828e+00
1.110223024625156540e-16
4.166284443190083380e+02
3.622515266528120170e-01
2.177318527425025518e+00
1.003008079372125216e+00
1.684041316667334476e+00
4.341134463014150846e+00
1.110223024625156540e-16
4.568677127737834667e+02
4.444484463988079836e-01
4.402151077110975308e+00
2.152994803836046689e+00
4.330124960595211903e+00
4.886397614365987074e+00
1.110223024625156540e-16
1.176527958091120126e+04
4.603474005977856165e-01
4.053127330731068234e+00
2.451122445948439754e+00
3.778711689236880389e+00
4.731775101114513937e+00
1.110223024625156540e-16
1.452061140198804060e+04
4.999194054981936364e-01
4.050132782337984239e+00
2.722443337206409186e+00
4.038439471516046098e+00
4.537826159343988586e+00
1.110223024625156540e-16
1.081607008855613458e+04
4.776853734025751641e-01
4.077017497213881292e+00
2.550938568961701236e+00
4.138100709740732519e+00
4.896351787813789436e+00
1.110223024625156540e-16
8.998357144619756582e+03
4.599935132281958716e-01
4.608184421965537680e+00
2.676615208386976530e+00
4.107906584802291761e+00
4.784674196482450625e+00
1.110223024625156540e-16
1.337360517089816676e+04
4.955602721774909902e-01
4.091659247298624180e+00
2.184907163044125245e+00
4.233510941395588034e+00
4.785087177299179650e+00
1.110223024625156540e-16
1.393424138306309578e+04
4.719614621560668244e-01
4.131137635873134428e+00
2.011070998878685678e+00
4.102638252667574648e+00
4.833807995618029096e+00
1.110223024625156540e-16
1.501128372432791184e+04
4.847958606522690395e-01
4.318172611141925188e+00
2.140016039626932987e+00
4.287086525323613451e+00
4.685948853579402495e+00
1.110223024625156540e-16
1.147136679415754406e+04
4.860976749116766027e-01
3.952911502911629071e+00
2.303018149686981708e+00
3.923371257765114528e+00
4.350202144636192259e+00
1.110223024625156540e-16
1.081692203687306574e+04
4.559888239911539243e-01
3.858445628740573508e+00
1.513742469383662748e+00
4.274368097791672483e+00
4.898727970063276871e+00
1.110223024625156540e-16
1.442121711063184193e+04
4.908877242135989971e-01
4.023400864115688869e+00
1.742536220808274861e+00
4.243755517076699846e+00
4.471421244513516413e+00
1.110223024625156540e-16
9.778193681929171362e+03
4.922796709019319761e-01
4.369116625494283035e+00
2.386511115100536262e+00
4.293859320736402196e+00
4.738601302538888227e+00
1.110223024625156540e-16
7.699410215848834923e+03
5.512144546684132340e-01
3.716836190711813703e+00
2.492978017838634930e+00
4.145725478449612034e+00
3.672307197544227186e+00
1.110223024625156540e-16
1.074496968352663134e+04
4.676988411498091414e-01
4.425934777892111427e+00
1.825246517525058287e+00
4.096922625791715511e+00
4.919950086871740957e+00
1.110223024625156540e-16
9.832025693829062902e+02
4.563711557861431234e-01
4.169748700511615169e+00
2.342344788159488100e+00
3.871818944723419254e+00
4.930397227787968184e+00
1.110223024625156540e-16
3.757590736829056368e+03
4.275548002646769596e-01
4.361903272314324731e+00
2.159383857491844250e+00
4.199016514451541227e+00
4.321602060534262435e+00
1.110223024625156540e-16
7.985887201315390982e+00
4.513292888572065231e-01
4.234368010799571813e+00
2.768498960233320982e+00
4.551124633484626258e+00
4.731720683292595986e+00
1.110223024625156540e-16
1.246846640214595325e+01
5.278611868436657861e-01
4.393109627202210099e+00
2.392557304895186032e+00
4.292463718357033997e+00
4.244639852593055096e+00
1.110223024625156540e-16
2.794566955992870589e+03
4.091838828006555961e-01
4.147478264627918243e+00
2.173335196748672704e+00
4.185782514382274222e+00
4.916386789571968841e+00
1.110223024625156540e-16
2.895124550109625261e+01
4.846367195820400209e-01
4.337971963389736452e+00
2.577305739154273301e+00
4.205031201512322347e+00
4.880923322218946758e+00
1.110223024625156540e-16
5.528912494899513863e-01
