1.227319966837773016e-02
1.396513918151428418e-02
1.574994168978880935e-02
2.232754414531339104e-02
2.337345688603580454e-02
5.498290677313476260e-02
8.759981284553709779e-02
1.407535297523881956e-01
2.434326693605338154e-01
4.327709199057270251e-01
9.718834299071137384e-01
1.779452269187181246e+00
3.158730216271992575e+00
6.100072101512997946e+00
1.100122754068811659e+01
1.825511216184880325e+01
2.898214683244754752e+01
4.156047656139683255e+01
5.674462508981972775e+01
6.877771171946956485e+01
8.171336646309076968e-03
8.536707916223192083e-03
1.143454785173251761e-02
1.325223559021262640e-02
2.695394416218042585e-02
3.449242694548649429e-02
7.099092038545688765e-02
1.173019724274629305e-01
2.666020434689492236e-01
4.615127300990901071e-01
9.947477982862260593e-01
1.775957695815031157e+00
3.261146044388858467e+00
6.073895836873731469e+00
1.139150064391951211e+01
1.914409727049038068e+01
3.101128768822810500e+01
4.447168956870022782e+01
6.057684392744280899e+01
7.231855513633192345e+01
4.292462165049055513e-03
3.414994884906341101e-03
6.522309734155136429e-03
1.071263523506421796e-02
1.324250776433943087e-02
2.461318427632736699e-02
5.598515429470540122e-02
8.215496518028293782e-02
1.901537015660033636e-01
3.488553432374507102e-01
7.488418062443804590e-01
1.355083936483890694e+00
2.539625013583203472e+00
4.862821445120132147e+00
9.715747094477380941e+00
1.673806491163202281e+01
2.829852615412756833e+01
4.217037954664232302e+01
5.913110615938831671e+01
7.084213571066527493e+01
1.756109442075021176e-03
4.657787518371966050e-03
5.041862857888598955e-03
1.039667706779450612e-02
8.781591094591709515e-03
1.885514981586061331e-02
3.926326697609429373e-02
5.492066456547377296e-02
1.274442345053292125e-01
2.291172442700271095e-01
4.917751669078679333e-01
9.135225195565341849e-01
1.779541585844472529e+00
3.364404586160461008e+00
7.112397012332308144e+00
1.295338947849726985e+01
2.284849792252785861e+01
3.570538864441308391e+01
5.293961127052462246e+01
6.483989890764082986e+01
2.960595630712320372e-03
2.210695815788866949e-03
1.372484783344529637e-03
5.598902743747904628e-03
7.572573323553902398e-03
1.131114561087982404e-02
3.557330518585497675e-02
4.363695904837595896e-02
1.023741047881853439e-01
1.910473212410945809e-01
3.907544314488554105e-01
7.124735023209628482e-01
1.404615623206674879e+00
2.682780680504127879e+00
5.780559978002212773e+00
1.072341675091415425e+01
1.946412214026419107e+01
3.128720374660505854e+01
4.789638560427010816e+01
6.003388636104984499e+01
6.477435545297120963e-03
6.085833862537502054e-03
6.816187209449093946e-03
1.454214269627823047e-02
2.082031942776966030e-02
2.678381075842231618e-02
7.213417132033125845e-02
6.227487383270785548e-02
1.465394891371213926e-01
3.038113661759543893e-01
5.908280948601954963e-01
1.185591068748823806e+00
2.183873403074287900e+00
4.255006387889263664e+00
8.356744762856273212e+00
1.445299363476325283e+01
2.517354388088296702e+01
3.821460616205588678e+01
5.492261120116564399e+01
6.684829385562275661e+01
3.142351018593192435e-02
5.214966605288338941e-02
6.249100790482359224e-02
4.216097070464975421e-02
7.208747478671774511e-02
5.011828273470868289e-02
1.296089147231025973e-01
1.604589878137247794e-01
2.874119161164545577e-01
5.475339882117189472e-01
1.066564491281078997e+00
1.959759451481544845e+00
3.480952165387267705e+00
7.084938019104034979e+00
1.150974690594103933e+01
1.909841742084704563e+01
2.916783710893145454e+01
4.121630176212581631e+01
5.636891311803524474e+01
6.971438763322494481e+01
1.114055017614791199e-01
8.083608280215927311e-02
1.306036164571820202e-01
1.237847076729478579e-01
1.140253811636381398e-01
1.268495354405247688e-01
1.181023559936997397e-01
1.628128656410085251e-01
1.614133516442677885e-01
2.161735995249985387e-01
2.222890428878463442e-01
3.874004890792084876e-01
3.819163825164991755e-01
8.773173035052994617e-01
1.449036265820631497e+00
3.431112560859583382e+00
5.696457297114887020e+00
1.061215574550356244e+01
1.835756786149574182e+01
2.750583274941503475e+01
2.255432676802530401e-01
1.447261327225112248e-01
4.091213003076930588e-01
1.875606931785307463e-01
3.244257986684394024e-01
4.032411027043619201e-01
1.893874609452194657e-01
1.665827559236782995e-01
2.184677508923829337e-01
4.275929959352998688e-01
2.839421892559820804e-01
2.188926736856160460e-01
2.247227022238791894e-01
1.801332830951034303e-01
2.741639819753046714e-01
2.105543358071088333e-01
1.812470214618818465e-01
3.711662452676671164e-01
5.886502415077640160e-01
1.249722222218410117e+00
8.184313831208101398e-04
1.939755919947288090e-03
9.893446963482120660e-03
2.437246466250314950e-02
1.321419644611978488e-03
1.354087186114725323e-03
9.762546938397918816e-03
-6.893828907761303908e-03
-1.647511007475088718e-02
4.582907405307423687e-03
1.132101805450417935e-02
9.167232876692707477e-02
4.558160981078259733e-01
5.744898062256851290e-01
1.853744870945052969e-01
6.709561895822782063e-01
3.953918907861742604e-01
4.333466497943669338e-01
3.774215383609640373e-01
3.877698333609509995e-01
-2.034614124299423399e-02
-2.021466898663675134e-03
4.072498325058404758e-06
-8.321192337012917051e-02
-2.043965010113879478e-04
1.828504737541152177e-03
6.613353358261519718e-05
-1.186774567145221233e-05
1.762529852533134566e-04
2.188214769125807000e-04
5.710830176815307260e-04
-6.442973023354170653e-04
-1.874866049206502672e-05
-2.013765529072770663e-03
1.122038682842685370e-04
-5.490334940938055262e-03
1.740298794405816885e-03
4.683647045953875996e-04
-2.267087077067344789e-03
1.283332631578559726e-04
