1.618841930383611849e-02
2.058444815649569659e-02
1.641642959898119425e-02
2.063759658727082683e-02
2.651044181408939923e-02
4.290730518885019912e-02
6.418953074757367816e-02
1.334777134104568885e-01
2.233927705731245383e-01
3.680642230644077251e-01
7.429795125101175124e-01
1.294529267916397552e+00
2.652826387620949689e+00
5.306075303032225854e+00
9.249807889108323522e+00
1.701770015215543808e+01
2.492104688896150932e+01
3.607723228968837503e+01
5.052367981507030237e+01
6.501257553251286936e+01
8.223504178810507603e-03
8.026115724383832764e-03
1.230870269714584748e-02
1.294863798799934101e-02
2.206399603457506742e-02
4.634066655125635564e-02
6.748756929367608071e-02
1.196160523458633662e-01
2.294447899242594013e-01
4.093655264540171923e-01
7.729762661544613556e-01
1.339180678575073058e+00
2.770985125477008815e+00
5.853048464734331269e+00
1.028863828534647595e+01
1.880829642726205719e+01
2.762178086701146995e+01
3.994295630354597648e+01
5.562092399594344982e+01
7.037021924638131054e+01
7.157812776970791033e-03
7.449943720774259391e-03
9.020091272434482138e-03
9.411110461961752147e-03
1.700869950555351784e-02
3.588405739983115822e-02
4.458418954509721366e-02
1.113210277521114178e-01
2.048446396875411302e-01
3.727104559945745854e-01
6.759798766426284855e-01
1.162907884787793833e+00
2.518925516689431987e+00
5.513661884323712847e+00
9.999670190256329860e+00
1.860161437795422756e+01
2.778056503225314344e+01
4.037798858024554960e+01
5.709762453070398180e+01
7.243290462542276487e+01
2.564688308775506763e-03
3.761775407758787861e-03
6.131923284821621210e-03
8.235280827678131965e-03
1.184953626935618398e-02
3.108828157356896896e-02
4.136008100967875079e-02
9.334644528260850616e-02
1.552431166986076028e-01
3.215237203492435913e-01
5.702150942518271481e-01
9.947392138327542099e-01
2.281828024471687755e+00
5.166846321354560345e+00
9.436757925660103297e+00
1.778666094121858876e+01
2.685287181798013023e+01
3.954330209545967278e+01
5.685037859201157318e+01
7.284603780859623612e+01
3.795718702432505833e-03
2.136980140397698805e-02
6.086500122776716641e-03
8.163174653201361528e-03
1.832039439606033063e-02
3.903790018070960044e-02
4.197884796555006320e-02
1.130518540998316224e-01
2.228639307872640474e-01
3.974349854909066115e-01
7.291485359697117419e-01
1.264394076505765963e+00
2.897319443933329630e+00
6.500855186801743457e+00
1.185579212185187714e+01
2.177188671213270865e+01
3.186586347364729122e+01
4.565921488372763548e+01
6.337103965051665000e+01
7.881466606595685676e+01
1.747743004455303006e-02
1.841831467068926961e-02
2.718770475570717743e-02
3.023966940162985118e-02
5.510103671613435228e-02
1.292269863375899719e-01
1.919331790165448026e-01
3.904271275063309066e-01
7.220129295940541647e-01
1.367484279554921356e+00
2.521192088087433447e+00
4.546866224519258814e+00
9.118918162763266722e+00
1.793445385140235260e+01
2.845374750047211876e+01
4.508875009567501024e+01
5.761583303086569430e+01
7.253439118567688126e+01
8.646114117725898041e+01
9.718182809007971912e+01
7.734294094354594862e-02
1.065090420559958034e-01
1.406997254254306051e-01
1.834390138482844823e-01
2.734606170777509337e-01
6.230993541268137204e-01
1.144641142690633773e+00
2.138440754972394942e+00
4.318327442392993376e+00
6.851200369481417418e+00
1.268524718571309151e+01
2.059253758413241542e+01
3.178206252340326898e+01
4.706146623860428235e+01
6.142489518940092097e+01
7.704277766188705812e+01
8.806849977592420942e+01
9.758324740079432047e+01
1.052114564602603366e+02
1.111322890103983951e+02
9.201503087563707439e-02
2.083982592418821833e-01
1.227470331068983012e-01
2.847045374989443101e-01
2.563395179693213621e-01
6.265689146531225884e-01
1.062973735526736130e+00
1.766000954607180873e+00
3.855442349069801544e+00
6.422362058214280189e+00
1.188336713491469254e+01
1.985622519176563117e+01
3.199988332533010649e+01
4.629987589501411804e+01
6.205143506235035034e+01
7.793556029027523380e+01
9.030312267741796006e+01
1.016012975746908182e+02
1.096414763740010869e+02
1.177176957166463040e+02
2.437333670675161656e-01
2.789823515879797378e-01
2.874850781437101044e-01
5.097504319597302436e-01
2.664612950585006912e-01
5.612967844640244230e-01
6.518824552833691888e-01
1.012791192572433108e+00
1.877994262083301447e+00
2.824462074674017220e+00
5.473703023192392436e+00
9.571194588951984272e+00
1.716330834733532740e+01
2.790744689279414104e+01
4.450089017598556040e+01
6.087571223498795092e+01
7.680894561122023845e+01
9.288911906427588860e+01
1.078186736407498927e+02
1.176521530175384243e+02
4.120870953407262394e-01
5.772210233342320862e-01
2.345601906100432676e-01
5.102190521761628128e-01
3.529398566374987722e-01
2.735105316925654506e-01
8.080614662954684890e-01
1.047728953222152759e+00
6.024478097411548605e-01
6.306847202770887728e-01
1.460403502814711985e+00
2.408481965953851667e+00
2.618682573479529818e+00
4.350913676921710049e+00
8.209970202353536806e+00
1.151324732707667842e+01
2.280065735165157648e+01
3.184408197118209216e+01
4.255828550252399367e+01
6.459647227986921791e+01
8.282927416377106056e-01
8.838590219168281914e-01
5.757896926122976211e-01
5.941709673245497703e-01
4.834798787890542959e-01
7.562135079501206558e-01
1.253268004773045785e+00
5.422118124800227035e-01
4.782253244019170624e-01
4.868767915761429976e-01
6.341396351451158431e-01
2.530175252722597357e-01
1.087666926946289969e+00
8.192267006054453349e-01
5.696068798716373838e-01
1.234545674533873205e+00
1.434674178721461413e+00
1.591690447902237793e+00
1.284197142592828467e+00
1.662066641905863618e+00
