1.071042920488616268e+00
9.245142682535181233e-01
8.703840843286870799e-01
1.029836125503947653e+00
1.071751150204270697e+00
1.082444297089022012e+00
1.171161033733072454e-01
1.006267659065667841e+00
1.008390189402868398e+00
9.381282397159317332e-01
1.069288641379822602e+00
1.059630549775295805e+00
9.398173232763926688e-01
1.132992326946602180e-01
9.987249858430082838e-01
1.097767920863087721e+00
9.567981114314202395e-01
1.064173645416737202e+00
1.125422400921155752e+00
8.956325541579914784e-01
1.069327608295040505e-01
1.009715558130733992e+00
9.514818700047553701e-01
1.032086359556454003e+00
1.044275855533812081e+00
9.733413520284746046e-01
9.683319827076996011e-01
1.303164017023253352e-01
9.977964685184869120e-01
9.789333641543842557e-01
9.629163733654833024e-01
9.900668675750019521e-01
1.000043432098690399e+00
9.912807738146952596e-01
1.470121942538776261e-01
1.016624920301540946e+00
1.125675977048349097e+00
1.043700750776443087e+00
1.024074658234915391e+00
9.672865423571728183e-01
9.412733507534861710e-01
1.584232035947112371e-01
9.349452939412408181e-01
9.422375787630498101e-01
9.722739809881005835e-01
9.696108871672797225e-01
1.082355687075658102e+00
9.586294239692622066e-01
1.929834028849251593e-01
1.017199717899650357e+00
9.872015763292418811e-01
1.030208966951254412e+00
9.975974836748979779e-01
1.107908484574336327e+00
1.115625034061847209e+00
1.928036473400318029e-01
1.027383444236315002e+00
9.356835254834378057e-01
1.001595096819283937e+00
9.594184038491896382e-01
1.019583197782802930e+00
9.067369947940644437e-01
2.066793597880660638e-01
1.049815757341860278e+00
1.043857134000659492e+00
9.818856501025313710e-01
8.975557108297730347e-01
1.146005482893975858e+00
1.052077594730367993e+00
2.199904823266177478e-01
9.581174758858491680e-01
8.563726188825574459e-01
9.869899070071213032e-01
9.994771193686353694e-01
1.042494923025607312e+00
1.066664993689919960e+00
2.619301225462196681e-01
1.004302405628995087e+00
1.041227405297677100e+00
9.738491971590743645e-01
1.037117835079128580e+00
9.405307471953850973e-01
9.767909118436033378e-01
2.733631708489124845e-01
9.870907893631187813e-01
9.567540420815895397e-01
1.009697189787619021e+00
1.072928148279957750e+00
1.119046302503430734e+00
1.015329456100769301e+00
3.190458224487319194e-01
1.000006692450148504e+00
9.811169334579924461e-01
9.478540279683617120e-01
9.627302757844929948e-01
1.062485637436012542e+00
1.013665105864675064e+00
3.407702366280818684e-01
1.050217793008998424e+00
9.423068216086756266e-01
1.027346426613505281e+00
9.770241995213158059e-01
1.166937320118107024e+00
1.045707562536535962e+00
3.833151152149212870e-01
9.905736044260053941e-01
9.927176167345684865e-01
1.003929146951911155e+00
1.061421425349454051e+00
1.264998619333643992e+00
9.999154339592678520e-01
4.258145858486190316e-01
1.023184470077253660e+00
9.144254420850131959e-01
9.505688064863140330e-01
9.845832967748379128e-01
9.074609551013270714e-01
9.982229814633670761e-01
4.551094797794539848e-01
1.045057614927144662e+00
1.068242647581288285e+00
1.076660714803139740e+00
1.012240625385609771e+00
1.148376006130057192e+00
9.906050394560865779e-01
5.062875162505358073e-01
1.037196869899054574e+00
1.030468540358096208e+00
9.912477622765658580e-01
1.023533389973035002e+00
1.163314543968031023e+00
9.754807690790773256e-01
5.538442967644050530e-01
1.021149683264637398e+00
8.862246900326160581e-01
9.866610837236746701e-01
8.837637393129774699e-01
9.595579620146297284e-01
9.680582885461170850e-01
6.005002069638728512e-01
1.010944772009807036e+00
1.022475489188475084e+00
1.035667078392031204e+00
1.004137234617162200e+00
9.780795022226950186e-01
9.220421269212064619e-01
6.719189501920024288e-01
9.720950912943614464e-01
1.011740214738722887e+00
9.887414916962240508e-01
9.093048362387319283e-01
1.077025358586530590e+00
9.993374479197143501e-01
7.443887192744773618e-01
9.934554489918552278e-01
1.010610918841202022e+00
1.012600863952408892e+00
1.007875404256633800e+00
9.838201936382591217e-01
9.642097803220451846e-01
8.192977714190694538e-01
9.930217793678620675e-01
9.797897782240945208e-01
1.007796698869501295e+00
1.017656501982222794e+00
1.148983226004776759e+00
1.003407378503454961e+00
9.048306083175873260e-01
1.037087133856554377e+00
9.447789468812699543e-01
1.064522023117123517e+00
1.033108741116766982e+00
1.258480731826062460e+00
9.807203476377320817e-01
9.775788134655252204e-01
9.659276384863290099e-01
9.423970756326516263e-01
1.032978521007078987e+00
9.786916117203530163e-01
1.056235203005391643e+00
9.075645592479452128e-01
1.079392454366696841e+00
9.479240459080428005e-01
1.060691046434160345e+00
9.722499250198846088e-01
1.031076900168857113e+00
1.075723407982580593e+00
9.619929095317518719e-01
1.197981148631803272e+00
1.021682392772287562e+00
1.039086955807162704e+00
1.012065156765290963e+00
9.577281864445966741e-01
1.000506306056115680e+00
9.045710386971235195e-01
1.297659013762082925e+00
9.850121396896451831e-01
9.333849934149591743e-01
1.017686159406774538e+00
1.068568915967939237e+00
8.752656886103442613e-01
1.010330573953887701e+00
1.429888814081710757e+00
1.023777796850394495e+00
9.695737855043840003e-01
9.528713984786373326e-01
9.984268359829739925e-01
1.020128965792972853e+00
1.038442369804932763e+00
1.577929259245876681e+00
1.076281397626373648e+00
9.156550227790551943e-01
8.768175989631130651e-01
1.022911003027177745e+00
1.082352964231226178e+00
1.084339214933543349e+00
9.792770912762513436e-02
1.000998011167840929e+00
1.024950056963088940e+00
9.514326832943267309e-01
1.078398757212124970e+00
7.539589750757047515e-01
9.395113403606547564e-01
1.112582666277487642e-01
9.859873242078821542e-01
1.084782924270804250e+00
9.701966214470212346e-01
1.083151588439001944e+00
9.102095793916774591e-01
8.961160271990816772e-01
1.169826109752896415e-01
1.012915665597031056e+00
9.521992236946550392e-01
1.025856053474736074e+00
1.041838718633317340e+00
1.008197356185287719e+00
9.682345129293731256e-01
1.347044217109184816e-01
1.002534649330788508e+00
9.718783915112311211e-01
9.748110836304852977e-01
9.618021359423071237e-01
9.591316714203594884e-01
9.911667017909419064e-01
1.432392134007473838e-01
1.008143676637866859e+00
1.136568711851736690e+00
1.038328905299300553e+00
1.035148988502643252e+00
1.116289397464553357e+00
9.416837766870542747e-01
1.635925199373755301e-01
9.350853994480191611e-01
9.349676102582031856e-01
9.826499330011502220e-01
9.685317641407698019e-01
9.995845289381835030e-01
9.576496292779962394e-01
1.850259989622346224e-01
1.028674600333069122e+00
9.866124169181740289e-01
1.029749075505848932e+00
9.859772367458414788e-01
9.833180695696859264e-01
1.116449686881730408e+00
1.874533880935457808e-01
1.014945895328971393e+00
9.418485577961970279e-01
1.003233402774268868e+00
9.809117446322146439e-01
1.111764157529304242e+00
9.071281179090757707e-01
2.111523977458605594e-01
1.047299028791113029e+00
1.036522674482070361e+00
9.765733656227014725e-01
9.028017572454782869e-01
1.089662359978043948e+00
1.051255061174205085e+00
2.355768454569514003e-01
9.557134452681352865e-01
8.420615114716737404e-01
9.893099448334548018e-01
1.012983334662671542e+00
1.108335083427238077e+00
1.065178147476719461e+00
2.599163909528885430e-01
1.002759907341087997e+00
1.070027891802746156e+00
9.633735594038759231e-01
1.050519894788105590e+00
9.466343798141961807e-01
9.764604580878550877e-01
2.869633638915676799e-01
1.001994722126515525e+00
9.407321857127464160e-01
1.015638166843199741e+00
1.040451795053607409e+00
9.767573940735093663e-01
1.015167121426110430e+00
3.103108357064430223e-01
9.974290804182237569e-01
9.901362852993150776e-01
9.461946029753495191e-01
9.668828835521082743e-01
1.053072947662854641e+00
1.013914084355511447e+00
3.444670692705359971e-01
1.037507756994709540e+00
9.397146156107977211e-01
1.037592897357188848e+00
1.000917797497493655e+00
1.235152038894182347e+00
1.045966353863280629e+00
3.763613923540963802e-01
9.908415505585541627e-01
9.903304361730114191e-01
1.019712412250650901e+00
1.065091027373687327e+00
1.106291275166213950e+00
1.000075246747696767e+00
4.132521432474951517e-01
1.030224231938940305e+00
9.564677184874593729e-01
9.236397792511178428e-01
9.984335293732453653e-01
9.999618207986056273e-01
9.970408301295160536e-01
4.648301297198493276e-01
1.049032272864271365e+00
1.081283364089907995e+00
1.071777509381615534e+00
9.967789740881723981e-01
1.128792710903071761e+00
9.906347949401332897e-01
5.090517793245121769e-01
1.030336182957955593e+00
1.028339906353053390e+00
9.948209029221002364e-01
1.037684316557406117e+00
1.137280920502140136e+00
9.740253650594649093e-01
5.591473226521346263e-01
1.014705537252607481e+00
9.031166529722017833e-01
9.802599474167689175e-01
8.887348456236155991e-01
9.081737342265610025e-01
9.675475053343912668e-01
6.175736972096366184e-01
1.002225561227464867e+00
1.028782638286501960e+00
1.041621451278804900e+00
1.007499593115813941e+00
9.896489574631868180e-01
9.222002332921597212e-01
6.700084685317451161e-01
9.680578338172983743e-01
9.978835815513887875e-01
9.918329554084650557e-01
9.093671591922607433e-01
1.204165703748110605e+00
9.989562464749546233e-01
7.416404670566327795e-01
1.002130730392514657e+00
1.015072589423161364e+00
1.014154311604200887e+00
1.010483720771908844e+00
9.820247256783763978e-01
9.635926498965204923e-01
8.060338788153533773e-01
9.809265401599669421e-01
9.851163014416515207e-01
1.032773897882671488e+00
1.008197114447027420e+00
8.437233267771546696e-01
1.004489361942111803e+00
8.987148604868115953e-01
1.047276485971389004e+00
9.760312728521706171e-01
1.052271376680666837e+00
1.025030721099330799e+00
1.186777822739154775e+00
9.809011499406559142e-01
9.797307954983718314e-01
9.725493170907013596e-01
9.408216131357104439e-01
1.036477919016189464e+00
9.538599848400586279e-01
1.002831088779445157e+00
9.080113073179838512e-01
1.077805888057841832e+00
9.405330434330165801e-01
1.042770248926961463e+00
9.907067333260191067e-01
1.024730574703812236e+00
9.309405214154908847e-01
9.618801836218940915e-01
1.196676299272102506e+00
1.010963123877243852e+00
1.044798303972341635e+00
1.014220232596106719e+00
9.814310122969993611e-01
9.834079451840136432e-01
9.043374787520960245e-01
1.304740585156144217e+00
9.833735842197560695e-01
9.059828444817161763e-01
1.003239018490404755e+00
1.060656859275238117e+00
1.166552746107071048e+00
1.010049229118261893e+00
1.443808884172687268e+00
1.021925349218384182e+00
9.751526226526989749e-01
9.557643354397791224e-01
9.828888717027164379e-01
9.024953084407545401e-01
1.037827311036380484e+00
1.592417465638148455e+00
1.080285230430473531e+00
9.173271565342530076e-01
8.731523135626850785e-01
9.987810736143931667e-01
1.159001019253101950e+00
1.084410076735796924e+00
9.957078119671883276e-02
1.003666413017317183e+00
1.024115729282967679e+00
9.612685835191419059e-01
1.077218677411619030e+00
7.737887741891811277e-01
9.391302870507086675e-01
1.057895754675604039e-01
9.899250041959888335e-01
1.082497062923289288e+00
9.575027224255711067e-01
1.073864072851810958e+00
1.163164630071843897e+00
8.958518222909945816e-01
1.211341932877086913e-01
1.001158958794907239e+00
9.420582985485808081e-01
1.037403023670192992e+00
1.058675765593624307e+00
1.065210056551884055e+00
9.686678119123918185e-01
1.351534539229618803e-01
1.004558697327537109e+00
9.797431252146771019e-01
9.597624158208807321e-01
9.469392175823925228e-01
1.018272198434222897e+00
9.917298252186805829e-01
1.479894212433710554e-01
1.011727415632119431e+00
1.118598657955103048e+00
1.048665134538088406e+00
1.030587952646001559e+00
9.332523736756165311e-01
9.413467154511234725e-01
1.628797329879620448e-01
9.416914798649973495e-01
9.421926717580684230e-01
9.745578338675363606e-01
9.454426201023448106e-01
9.820764859429423899e-01
9.578954892312022684e-01
1.831736483656906389e-01
1.032929763598398942e+00
9.615030082721863769e-01
1.014095619221902833e+00
1.008465453108220222e+00
1.115115193398156679e+00
1.116292008872360464e+00
1.883337377046405692e-01
1.014938409581421119e+00
8.966361025718956324e-01
1.018617498855765691e+00
9.481532557569855024e-01
1.153097045190976555e+00
9.071141707671118715e-01
2.112818064052814082e-01
1.043728571900131019e+00
1.040903749709782833e+00
9.869525113383564863e-01
8.683644945134154636e-01
1.045148643481945694e+00
1.051501141111914839e+00
2.385121936120110642e-01
9.564941376849127597e-01
8.069332892126050982e-01
9.898731699347704804e-01
1.008577662734204239e+00
1.287848990334772736e+00
1.065442251514427507e+00
2.577758847269714937e-01
1.003546054890320782e+00
1.023811596122759404e+00
9.715667542849535376e-01
1.063797351159742721e+00
9.531256562156207313e-01
9.763369920032275440e-01
2.859041241525815402e-01
9.997988314795481779e-01
8.884265244007369944e-01
1.019578057017691330e+00
1.023866485522590075e+00
1.129368028330496321e+00
1.014676711547963128e+00
3.153181925145157605e-01
9.989053598479792351e-01
9.946398054272324041e-01
9.344801291106434871e-01
9.928156281435700503e-01
1.094267583434618940e+00
1.014212113061650822e+00
3.441493101698523405e-01
1.053492686021004321e+00
9.496909873174788075e-01
1.020022118587475379e+00
9.441684521316021650e-01
1.341610392575282251e+00
1.046083584480542061e+00
3.769614946106727982e-01
9.935651597344075103e-01
1.003686784587078273e+00
9.987798069714752813e-01
1.095496332016559382e+00
1.184616505691524768e+00
9.995522557858770307e-01
4.188897684286979617e-01
1.028045199072044724e+00
9.024744541181816126e-01
9.420458065121376512e-01
9.733309832112840843e-01
1.235306957525506677e+00
9.971971250614665161e-01
4.562673575287966021e-01
1.057660829154305704e+00
1.027954349488920505e+00
1.052417588873531207e+00
9.937357071644032924e-01
1.542072029501369457e+00
9.906947956811015255e-01
5.058239932558495910e-01
1.034152260211391949e+00
1.051714671736198037e+00
9.922267984298246413e-01
1.047118134719559279e+00
9.727895445056248258e-01
9.750780086966329696e-01
5.507427151421502298e-01
1.009450040724873876e+00
8.960783602538482384e-01
9.954133107776570455e-01
8.649371739475345544e-01
1.102475730772370266e+00
9.684936141771895990e-01
6.079622160031029621e-01
1.000143794597377234e+00
1.009708686281818535e+00
1.022943895004955861e+00
1.017189939250084718e+00
1.487401655301986425e+00
9.222884622670678434e-01
6.725047702020681140e-01
9.662762195392829989e-01
1.020394679881134525e+00
9.671125253568698676e-01
9.418583112412648450e-01
1.537672518425405865e+00
9.987657524026453126e-01
7.417469328850654353e-01
9.898197206597429965e-01
9.763082092999615380e-01
1.024845480428402844e+00
1.016928305849415182e+00
1.134478830596784116e+00
9.636033514080258877e-01
8.127482552183147302e-01
9.925639376464363561e-01
9.721654438004303511e-01
1.018679036610969035e+00
9.854566313187040905e-01
1.246426281647679657e+00
1.003889887641613576e+00
8.929114340709748410e-01
1.033391882985053467e+00
9.040139565670211041e-01
1.043302630298780898e+00
1.035044234444197020e+00
1.866006539253676211e+00
9.809219612497199758e-01
9.858671253966967418e-01
9.694978129753151208e-01
9.657844718027945863e-01
1.027437634517433418e+00
9.695888613187083616e-01
1.068743823273441196e+00
9.076965014534060794e-01
1.083752805372330430e+00
9.531946682958846173e-01
1.037204609905175712e+00
9.784395728014801952e-01
1.019324124740323745e+00
9.855166569064979232e-01
9.617242139046631166e-01
1.191378950095450362e+00
1.013227919415174982e+00
1.002712922747267310e+00
9.815422022829105586e-01
9.831046227647641800e-01
1.658611057840360115e+00
9.048133696322878672e-01
1.309449999586483004e+00
9.817743468450631505e-01
9.113872544607554138e-01
9.809386985065888798e-01
1.101940808038489816e+00
1.418046363134378263e+00
1.009936292533464508e+00
1.443762240756759185e+00
1.027241264366748563e+00
9.396506882278601314e-01
9.294493658195761565e-01
9.953971188088773792e-01
1.466937395275573541e+00
1.038251032829616172e+00
1.588619074864474845e+00
1.087506457311894215e+00
9.151559909050182018e-01
8.585840818231474936e-01
1.002799187709151330e+00
1.243848177395182830e+00
1.084314892924215901e+00
9.758922342117304360e-02
1.013992142996457346e+00
1.030038815527751117e+00
9.303092412354011520e-01
1.056919991615109744e+00
1.082613117683952408e+00
9.394917956389091662e-01
1.077785389524816007e-01
9.922825448433778561e-01
1.073973997742880160e+00
9.537224259558296779e-01
1.071694774027585950e+00
1.114806699488463781e+00
8.957744916975423077e-01
1.246670007820216697e-01
1.010464221982016131e+00
9.542117028952062929e-01
1.017276451259610193e+00
1.087965656109933565e+00
1.132256534252484181e+00
9.684851950302789669e-01
1.321031120483497356e-01
1.000708264995701757e+00
9.773047120361532114e-01
9.498950450283889513e-01
9.805564226250058635e-01
1.183437797967586302e+00
9.912115064263169462e-01
1.520106177992261998e-01
1.019913328853037093e+00
1.139223477985381150e+00
1.019604848918604922e+00
1.029643375452157894e+00
1.222714052256696160e+00
9.420475791995942538e-01
1.595421925319887857e-01
9.327732103048917978e-01
9.557600367729781610e-01
9.452030233910907464e-01
9.573441659207109211e-01
1.936802651235252970e+00
9.584214708617659895e-01
1.785853943168297930e-01
1.024641943217291074e+00
9.219514008245927039e-01
1.006514193616114383e+00
1.013982332495271477e+00
1.772582369646720890e+00
1.116564235000501393e+00
1.915650446054588119e-01
1.014222100921187142e+00
9.242917450746673813e-01
1.016015305294225568e+00
9.335494822860763708e-01
1.164918902831957759e+00
9.068517057472128551e-01
2.147647449203969605e-01
1.040477322502256330e+00
9.693857999359758448e-01
9.734734312209196716e-01
8.778400022519635693e-01
1.684204193296903629e+00
1.051886562179709994e+00
2.353765632864540103e-01
9.630124502203090131e-01
8.447214518139063433e-01
9.723137969729588326e-01
9.917773515086070191e-01
1.430171199447217711e+00
1.065604501090645861e+00
2.571937634575610088e-01
1.005953676921570006e+00
1.005975744534840732e+00
9.355871431331175270e-01
1.098218083502866316e+00
1.825009791452941954e+00
9.771019699338943099e-01
2.779818582408205563e-01
1.003959880246984460e+00
8.491374751028510914e-01
9.952585896497632145e-01
1.049859137658001762e+00
1.719881087327693070e+00
1.015120602491704549e+00
3.087499870345384312e-01
1.014481860237667066e+00
1.018043129094929222e+00
8.926244206302106354e-01
1.014166757546404396e+00
1.332638154027741439e+00
1.014577093928693774e+00
3.389400051068461317e-01
1.051475011606175958e+00
9.619412148406828456e-01
9.480964792677550879e-01
9.892680695759196174e-01
2.398075691698665413e+00
1.046472577215608490e+00
3.797378766719103904e-01
9.968051875001071593e-01
9.614384114526526304e-01
1.003634444088871369e+00
1.051321379442633042e+00
1.479340708084967648e+00
9.997930103538521518e-01
4.149306278304079609e-01
1.027548920865657633e+00
8.937762013221220991e-01
9.261117017952542607e-01
9.690987971067525075e-01
1.629204747818255417e+00
9.972037045370989450e-01
4.558301230398318360e-01
1.037621440503125214e+00
1.026055283180327127e+00
1.045658517987676506e+00
9.890414398269408158e-01
2.248423877233362234e+00
9.913886685052781811e-01
5.080712481053928364e-01
1.029153840494953842e+00
1.026578721395883242e+00
9.643993103661598898e-01
1.058573713960657248e+00
1.725203299513377031e+00
9.753498722807012467e-01
5.561081557005806975e-01
1.017849445034209932e+00
9.072299066426092740e-01
9.558801774068730328e-01
8.782560395899510208e-01
1.419346167420094229e+00
9.684675871876985420e-01
6.091442047920667680e-01
1.004014807624662442e+00
9.665096753266471108e-01
1.012855880185888235e+00
1.018655110934419517e+00
1.718827833617871503e+00
9.218257912502479945e-01
6.731483106624153168e-01
9.639111856795539168e-01
1.009189006162611868e+00
9.707265516769314484e-01
9.257747787313007626e-01
1.541620862097382361e+00
9.984802086674144928e-01
7.464044155754280263e-01
9.948715101802054761e-01
9.808030659831779019e-01
1.010816224992721057e+00
1.032901155967274054e+00
1.205260781591954933e+00
9.643287996772478277e-01
8.114114508778607071e-01
1.003243246997052029e+00
9.948054637273102685e-01
9.650697389884067556e-01
9.998314674041463013e-01
1.502574936701638553e+00
1.004244473093063972e+00
8.967721563616815050e-01
1.038318621425424748e+00
9.730834951239719643e-01
1.041044319230219006e+00
1.071887921710301894e+00
1.416663422361058577e+00
9.815688052002912167e-01
9.775104547478414840e-01
9.721633443471284775e-01
9.859651441148432616e-01
1.008804944481241916e+00
1.003258011024066976e+00
1.240582740569058151e+00
9.075413862760652872e-01
1.082783300474053467e+00
9.606585684839596961e-01
1.014152506754907090e+00
9.307187886351016015e-01
1.027097000254124870e+00
2.034514227656120333e+00
9.627184218159369200e-01
1.182335063445625778e+00
1.003425164341350539e+00
9.902089281725950931e-01
1.028730343980639894e+00
9.828482225797621208e-01
1.194618740484690855e+00
9.038575009666403037e-01
1.310255223939253311e+00
9.807273985189015608e-01
9.086776454971594585e-01
1.003388218164131596e+00
1.000503576442745679e+00
1.381367063146988539e+00
1.010775729543361257e+00
1.442192454517175815e+00
1.023893974144034713e+00
9.231936250386130194e-01
9.356525786655562893e-01
1.036222075779986929e+00
1.467227463819012589e+00
1.038784567505417034e+00
1.579003769148466629e+00
1.070311549100513515e+00
9.063072729332978250e-01
8.457575137351340810e-01
1.081051607692955274e+00
1.858073140727120931e+00
1.084039698962805387e+00
1.019300125613994690e-01
1.006770034357116206e+00
1.046217352254227517e+00
9.087867542846008728e-01
1.153588090722644344e+00
1.288896362431380727e+00
9.389195333943810562e-01
1.094286528753235788e-01
1.002009256097695422e+00
1.006550491349981868e+00
9.510686472711764594e-01
1.076118580735876407e+00
1.379177502167840075e+00
8.956857282199296444e-01
1.175187224492635074e-01
1.007969221117217096e+00
9.546796743177077271e-01
1.000590647899343599e+00
1.061099658088977993e+00
1.644323929961728270e+00
9.686493771519428808e-01
1.357102750485996434e-01
1.010072704549724643e+00
9.339093560468960664e-01
9.461794457128049896e-01
1.065630938581953346e+00
1.297232796363894547e+00
9.913822551175435205e-01
1.342463580002714041e-01
1.024053350393766326e+00
1.046791643122496396e+00
1.000000043640363767e+00
1.041914243226982340e+00
1.651333657625759788e+00
9.421050860752877565e-01
1.611702856905234404e-01
9.256489768626232628e-01
9.649592385625884727e-01
9.333379083172982371e-01
9.990405913997543186e-01
1.899579304327074780e+00
9.581950633011337981e-01
1.817949752797236584e-01
1.033441471327847028e+00
8.700784089062727489e-01
9.837988089452350815e-01
1.048273557196562900e+00
1.762767871238686279e+00
1.115858837361269007e+00
1.943058345761599914e-01
1.006316083285395901e+00
8.449624401020997544e-01
1.036751977744408526e+00
9.210233727921236513e-01
1.300151767742686815e+00
9.070569759226806417e-01
2.135385845554156892e-01
1.044608077457621853e+00
1.133122957694774335e+00
9.186948671707403369e-01
9.391645152956487053e-01
1.665302892330085882e+00
1.051878846696155279e+00
2.371800811074279147e-01
9.518124556201812414e-01
8.070215364908566169e-01
9.863092883615550699e-01
1.033109013136932930e+00
1.461354256373005089e+00
1.065742171596478993e+00
2.583892711117237728e-01
1.026770358536930994e+00
9.542807223840361619e-01
9.053640086511313134e-01
1.030418209199001733e+00
1.672087076827247998e+00
9.767456402389462777e-01
2.852573668731357426e-01
1.011828978551045477e+00
9.080724193473876937e-01
9.905228088522681773e-01
1.029017165476863394e+00
1.526622485222831616e+00
1.014439854737819946e+00
3.084560493659297409e-01
1.007188481182044626e+00
1.000586519126817286e+00
8.963224471623165712e-01
1.065224823256816666e+00
1.191483086690540372e+00
1.013342381095478917e+00
3.466141662765395703e-01
1.038289520138834687e+00
9.103429656117818514e-01
9.823076326603772390e-01
9.697484035184018580e-01
2.498497586046856345e+00
1.046294097177538962e+00
3.819508727147817861e-01
9.983736743190551044e-01
9.665265966433876921e-01
9.596937117974417841e-01
1.129076441550862731e+00
1.871612445800771907e+00
1.000274541761545732e+00
4.131491275717918965e-01
1.028249521536364730e+00
9.136715380286620780e-01
9.278648322751127386e-01
9.527562455838800570e-01
1.288464468070094515e+00
9.975337250918009380e-01
4.590884981058400705e-01
1.053121732120156917e+00
1.109276841205115272e+00
9.861745789167336573e-01
1.011814687919156519e+00
1.970001603922130418e+00
9.907640596868063643e-01
5.120977721639937696e-01
1.023323233135297494e+00
1.069800781909874487e+00
9.568976737319665471e-01
1.047096705568798969e+00
1.806619458823274682e+00
9.753780937482228186e-01
5.579296979647725419e-01
1.017782795260557593e+00
9.298577767712835618e-01
9.672559683846617684e-01
8.110983944371017440e-01
1.379222659116009941e+00
9.688285123597379922e-01
6.072331042594436568e-01
1.010814175881546539e+00
1.011591112379551571e+00
9.892427171212805348e-01
1.018401898270075767e+00
1.802905650576540619e+00
9.217823133532168089e-01
6.739905613559210584e-01
9.670493464130407446e-01
1.062648799948402223e+00
9.328383690981321141e-01
1.009820170156837005e+00
1.915916484041443768e+00
9.988546847189223588e-01
7.373168848634429340e-01
9.952202669346142949e-01
9.485144168237538143e-01
9.870103170928853364e-01
1.088336645249449175e+00
1.769111732727087327e+00
9.643324690791190701e-01
8.099628104022229547e-01
9.860718201770704017e-01
8.814004384984736040e-01
1.001710667651749764e+00
1.025345015878146748e+00
1.997331774430509244e+00
1.004096661534867874e+00
8.924993893672923395e-01
1.049722785100890787e+00
8.935231937720825579e-01
1.032886579382321646e+00
9.708985955311263405e-01
2.009474531326264302e+00
9.815341104688384277e-01
9.774620170726182611e-01
9.674334261923966949e-01
9.910004682412182353e-01
9.969643091764066600e-01
1.051310377226332360e+00
1.486196806964885431e+00
9.080204904357124240e-01
1.080945115960485703e+00
9.441593024372153531e-01
1.030496506806550361e+00
9.612953146817361239e-01
1.051261019134148711e+00
1.824663728741765967e+00
9.620704079998370073e-01
1.189374629234595249e+00
1.002315493867472540e+00
1.000143528215473143e+00
9.913228530024877916e-01
9.855796636017769563e-01
1.576223970288675558e+00
9.043980338536792285e-01
1.314971490753076067e+00
9.716534129894196514e-01
9.607479324676200250e-01
9.219518885331329239e-01
1.140823067772025912e+00
2.290781001884395263e+00
1.010861936652449833e+00
1.444826064182836323e+00
1.015423587254194127e+00
1.044177822796376720e+00
8.946885274722854442e-01
1.079444509579020828e+00
1.982662489430435881e+00
1.039061612722854244e+00
1.581907830086452638e+00
1.084858961738315752e+00
8.399069973693251701e-01
8.888873066172882087e-01
9.575914811294872209e-01
1.068393344180261995e+00
1.082700437849865471e+00
1.024301842369232524e-01
1.006558172878493584e+00
1.045771287329876564e+00
9.205704116670270221e-01
1.053191436763768696e+00
1.117834617790517626e+00
9.407035425086176517e-01
1.113993019311920046e-01
1.003817557198816823e+00
9.302355835958078245e-01
9.593062444260256338e-01
9.731630919461846663e-01
1.305517643354133117e+00
8.968644288654715746e-01
1.239374420521341530e-01
9.918674491429880780e-01
9.438205263708171477e-01
1.054533417763914294e+00
1.129598023740231438e+00
1.490582269240732893e+00
9.688354554008007380e-01
1.310302089599462982e-01
1.012185938752284686e+00
8.101070066464034491e-01
9.472254600628799981e-01
9.927490400883401955e-01
1.536755841304936032e+00
9.904033609906230939e-01
1.435244321256611832e-01
1.023858663785136125e+00
1.093285315032210381e+00
9.589830346021974705e-01
1.136314090104453722e+00
1.681731055763289628e+00
9.412471428600355239e-01
1.639354904052151007e-01
9.047261534521560122e-01
9.534567157283688754e-01
9.995721755435633682e-01
9.326733270581458735e-01
2.232213485149558529e+00
9.591457405294299132e-01
1.806648715441782627e-01
1.032462083812554887e+00
9.696639357126540792e-01
9.316108110029061029e-01
1.161114289817402057e+00
1.760520769052227097e+00
1.116531289981326891e+00
1.968093970755578070e-01
1.016078442923360248e+00
8.919694980368728654e-01
9.572363664996306198e-01
1.001601794112283672e+00
2.026863407399211781e+00
9.080240135442932958e-01
2.107531116636111312e-01
1.039126515730518507e+00
1.078130411736701877e+00
9.780994006398435747e-01
8.325459109628911003e-01
1.484118036197735524e+00
1.052148872537981728e+00
2.350905625758717699e-01
9.751623086049558964e-01
8.570599027185590302e-01
9.074303988986750502e-01
9.737069771578260591e-01
2.276578701154753581e+00
1.066079138733883269e+00
2.562850300357528144e-01
1.013587320050547191e+00
1.078449270793665704e+00
8.902347548964874013e-01
1.112023213613380745e+00
1.924232132949393659e+00
9.769096857706249803e-01
2.829242052823507381e-01
1.005111388206841871e+00
9.574883185686978715e-01
9.806883683583089706e-01
1.054314183553884288e+00
1.576118530201732426e+00
1.014914802943401417e+00
3.097861436289902626e-01
9.847425617484446558e-01
8.771417035266043660e-01
9.299382833771427936e-01
9.905643257189693518e-01
2.035755154858656546e+00
1.014120849130788482e+00
3.532215062991075905e-01
1.035676540372298060e+00
1.029830596848857027e+00
9.733256724583198016e-01
9.901082302081448683e-01
2.446558923783897388e+00
1.047078761232101751e+00
3.769378742361711443e-01
9.928001939650007435e-01
1.018421493757287521e+00
9.879495317990860670e-01
1.019316869804300252e+00
1.719994461075677661e+00
1.000420622415701732e+00
4.156080521422375607e-01
1.026288809629853027e+00
8.831697988462900994e-01
9.144069657929362327e-01
9.894812039048652696e-01
1.363190941688501745e+00
9.960722389610332517e-01
4.640706342625543490e-01
1.036878944541801850e+00
9.914540146951624777e-01
1.048235807921414908e+00
1.026842642416613272e+00
2.096096460389946348e+00
9.913075733323204464e-01
5.057608935309036990e-01
1.018609664489888988e+00
1.050738358514107684e+00
9.677353479033617978e-01
1.126099237132831998e+00
1.634904385786599024e+00
9.742727159554027683e-01
5.591845594705754374e-01
1.012415600851024111e+00
8.665979902328544426e-01
9.704668262475431018e-01
7.482488075852089526e-01
1.723702726018113252e+00
9.696109791326923411e-01
6.143541831310795898e-01
1.000888430566154508e+00
9.405246603139243433e-01
1.006269084482300347e+00
9.976402060405767935e-01
1.951201616100346481e+00
9.227198714574511573e-01
6.749092494703723411e-01
9.607106143155549338e-01
9.511061266094611444e-01
9.770974504997385068e-01
9.618728694300046067e-01
1.878737723610166999e+00
9.978842064318780292e-01
7.422888471094395424e-01
9.906934114959737858e-01
8.834028068479053974e-01
9.867927289444047290e-01
1.103929585752575049e+00
1.741687864037412492e+00
9.628421104747271198e-01
8.205299069161270387e-01
9.859426631180289169e-01
9.735726605377088561e-01
1.024075040544562221e+00
9.445704342608159942e-01
1.557047475786776491e+00
1.004079901040172196e+00
8.973277000042744200e-01
1.051135106795488383e+00
1.118630283227659561e+00
9.407319768984063746e-01
1.013362546149639831e+00
1.945866827320788417e+00
9.835529515356016272e-01
9.843886921434636950e-01
9.655172712292368065e-01
8.861197938418351461e-01
1.052927726740184422e+00
9.294518004419008994e-01
1.400557455634441117e+00
9.077501821064892784e-01
1.081862729415935087e+00
9.643064910074536922e-01
9.039325715614825452e-01
9.381025106244506029e-01
9.635558606144953853e-01
2.436176543313467668e+00
9.625773461284037325e-01
1.184746964427560556e+00
1.006269560426871434e+00
9.980304725694451040e-01
1.039470615088728955e+00
9.408224600786334602e-01
1.374094408787430277e+00
9.034217136693408756e-01
1.309840247462050744e+00
9.856661813749372225e-01
9.507989088590550475e-01
9.038997808908654230e-01
1.130551523993017726e+00
1.810107146509115195e+00
1.009283355013532724e+00
1.447818292803317419e+00
1.019758543128553407e+00
9.867577234392642671e-01
8.839271013831128121e-01
1.054007100544094078e+00
2.033148273732472422e+00
1.039169712235502807e+00
1.585719667150730761e+00
1.076987133258380691e+00
9.817001518319173892e-01
8.540825896797624717e-01
9.635448825902290793e-01
1.658304978751476755e+00
1.096201069267133343e+00
9.799702262550188947e-02
1.004015189703777011e+00
1.018536334231822993e+00
8.934036196575961819e-01
1.113804733670412883e+00
1.640660338510345095e+00
9.477171402703252756e-01
1.079124652636097165e-01
1.005578245506824731e+00
1.089419485938974086e+00
9.141659971577716925e-01
1.118813310920421245e+00
1.565726357757919907e+00
8.978577195031777203e-01
1.186436299001119715e-01
1.015128486353835902e+00
9.962321721317213274e-01
9.812037886856375124e-01
1.040084078847258064e+00
1.832953169107537361e+00
9.616949595774402226e-01
1.371572056206308010e-01
9.983175990456901738e-01
8.650973128456825867e-01
9.171225691563487104e-01
1.064728187485519673e+00
2.077628250857151304e+00
9.869517423655416177e-01
1.498818580821887347e-01
1.023410596511894033e+00
1.005197130675143047e+00
9.930031539959651710e-01
1.008419115921587617e+00
1.812816498927511288e+00
9.525620054147619920e-01
1.628793813675398217e-01
9.290764087080993772e-01
9.663534076819830787e-01
9.017318998345640324e-01
9.626207200808618580e-01
2.660833299638875715e+00
9.634809602675886708e-01
1.791465202484066599e-01
1.049637771049650947e+00
1.001654691394338714e+00
9.425462501915730096e-01
1.068872074446557630e+00
1.462340281023050137e+00
1.110889730725655555e+00
1.934977387032394414e-01
1.030692267819419694e+00
8.622724569008793916e-01
9.323946863179470856e-01
1.007059573165310251e+00
2.069441634408675235e+00
9.008029274498797756e-01
2.070997654554007639e-01
1.037366601938470634e+00
9.802223759607505693e-01
9.394702926155129585e-01
8.668673805234504703e-01
2.753236291945503567e+00
1.062193542147431335e+00
2.323181017611903043e-01
9.609197712444175199e-01
8.378778098617958303e-01
9.522012572611417980e-01
9.772095115677590371e-01
1.386751010651672500e+00
1.065707162126197982e+00
2.674194832626904939e-01
9.976193019981918209e-01
9.737524414809042295e-01
9.162849126607547356e-01
1.069907204365809994e+00
2.237126370255387631e+00
9.886058432453174172e-01
2.918812333498805311e-01
9.783162437629423502e-01
9.195412754423768487e-01
9.977574945026986830e-01
1.087865149304062529e+00
1.513380563802531942e+00
1.030823533342814624e+00
3.186244302047479549e-01
1.005527357468870342e+00
1.082405687399390137e+00
8.878920729662581612e-01
1.031053499464518630e+00
1.630420946760236633e+00
1.011278987223645398e+00
3.443897789517372798e-01
1.036811519981497787e+00
9.768954997289955866e-01
1.039302728973774403e+00
8.592795394647190221e-01
1.783912369855620073e+00
1.044583363386308417e+00
3.795691999198048117e-01
9.713482773922234026e-01
9.717851762727995890e-01
1.002798206723963359e+00
1.134229402770715156e+00
1.983871489426103141e+00
9.980366803303013512e-01
4.240833288864185313e-01
1.007060465542248817e+00
9.367529276868703514e-01
9.266628888802399544e-01
9.885590181172678736e-01
2.235890963528517350e+00
9.993787373181662881e-01
4.605277805058307083e-01
1.027405377873121584e+00
1.079725444432454662e+00
1.087463674931409496e+00
1.009785993521892911e+00
1.338292129310162171e+00
1.001988757485512860e+00
5.013914382575712647e-01
1.030009978737438603e+00
1.034247533102110150e+00
9.412058216179894909e-01
1.081776286726433778e+00
1.953503993716661835e+00
9.901105653381350180e-01
5.485559151978554038e-01
1.009986700203138188e+00
9.615995397003003209e-01
9.038497639215888890e-01
9.022896032375136155e-01
1.995999794898267954e+00
9.820075866008947107e-01
6.125303738917342589e-01
1.010604222657611295e+00
9.487618167310669648e-01
9.826318029098249918e-01
1.087485986255001702e+00
2.125525586503889564e+00
9.165483553010705942e-01
6.685403658995784371e-01
9.644532798718266076e-01
8.472988344343359568e-01
9.616082041420673798e-01
1.020431031198329563e+00
2.218904708100709833e+00
9.887565517278099625e-01
7.423354793105552130e-01
1.002787808173312367e+00
9.042957453251456723e-01
9.760094984562759368e-01
1.049503672997117221e+00
2.198718201781912462e+00
9.627921420440097577e-01
8.158781156662719969e-01
9.911448872157194723e-01
1.009490667243706952e+00
9.973631529063926582e-01
9.561449713943839246e-01
1.411012583855630220e+00
1.015001096422651239e+00
8.911618744863600838e-01
1.034283667939647877e+00
9.598660640801870425e-01
1.002454791453138316e+00
1.136746423528793404e+00
1.830775302550253558e+00
9.793478883508264232e-01
9.881183946570770704e-01
9.737209518827516508e-01
9.161349666210742981e-01
9.801303463284727346e-01
9.947028350656308415e-01
2.002946806788048040e+00
9.143374654465189488e-01
1.082625507574977330e+00
9.562035263461157175e-01
1.018827015618324117e+00
9.549132931026914628e-01
1.044720507340310300e+00
1.826751840760368895e+00
9.695132088944014015e-01
1.184179173009674013e+00
1.022719996728264524e+00
1.069216188771989540e+00
9.132044411060340483e-01
1.061836746789962316e+00
1.855830328650928562e+00
8.984740711161842697e-01
1.312886830512556280e+00
9.508195207355146783e-01
9.892898019029405798e-01
9.279304588621485328e-01
1.101163801357211369e+00
2.668168127551830970e+00
1.023486091534381082e+00
1.455197930996857458e+00
1.006786314308185215e+00
8.528788158850364454e-01
8.970658522280453573e-01
1.115798372612385680e+00
3.176171333626332860e+00
1.054155229898745993e+00
1.581359693583706427e+00
1.072456054577655138e+00
8.937585121451153691e-01
7.997170757457493506e-01
1.097698831455829582e+00
2.973535959444488785e+00
3.988216682275643077e+00
9.300348347704186225e-02
1.007809576643775129e+00
1.026726960680247824e+00
8.713834854545391417e-01
1.167442187222404115e+00
2.614361938846245792e+00
4.194036160494573728e+00
9.690852778132322265e-02
9.972480045037631635e-01
1.172217432253604086e+00
8.958183878320535865e-01
1.032633334383953549e+00
1.953835786099656691e+00
5.864756804539745794e+00
1.277005902015571071e-01
1.007611341494168977e+00
8.766067728022211014e-01
1.007668896427193816e+00
1.063851693427267708e+00
2.302208675087438650e+00
5.011686509447959459e+00
1.259680756108282340e-01
9.928367437092132652e-01
9.080300527398007526e-01
9.297438676066255292e-01
9.707685319046180927e-01
2.837016066772348744e+00
4.464935076016629978e+00
1.403278416974475806e-01
9.990358945540600555e-01
1.090761460554422246e+00
1.021594605549984491e+00
1.083142154141011115e+00
3.084632944931454013e+00
4.904841167312409489e+00
1.546657467582253642e-01
9.185120941964786123e-01
8.872835636747240518e-01
9.820427183610647148e-01
8.183410005153808342e-01
2.747849277206109608e+00
4.208556198695349693e+00
1.765328706879433496e-01
1.062986579334639803e+00
8.842049811398094983e-01
9.202104089630308570e-01
1.055579331771201890e+00
2.227003590821543533e+00
4.038404647550336790e+00
1.759606502592035160e-01
1.056655936681521357e+00
9.698180698472578243e-01
7.826212735623626626e-01
1.014436355385483823e+00
2.344920002198635167e+00
4.209823440397501670e+00
2.072018744008942703e-01
1.052172533212454297e+00
9.111699446526916324e-01
9.099813174682769290e-01
7.717481608171692375e-01
2.812832396381108602e+00
5.358055341746145395e+00
2.332802216323922873e-01
9.519406347050253236e-01
8.901511491279713306e-01
9.320161739904471165e-01
1.103730402779295794e+00
2.160855607346447105e+00
6.019809337837195073e+00
2.526651727157339655e-01
1.001517897371375865e+00
1.053541621561173924e+00
9.031259145855224935e-01
1.124628573063270132e+00
2.454876373894212982e+00
5.144581206447179866e+00
2.829856245533055592e-01
1.003642722935325526e+00
1.000757550231521353e+00
8.620472290543723659e-01
1.134217460667838795e+00
2.882993584320505676e+00
4.348114810814988296e+00
3.152439934898557672e-01
1.006644958736104378e+00
1.007768403119595479e+00
7.926855867167824643e-01
1.115472912848833875e+00
2.589151278370248832e+00
2.853813369623038110e+00
3.502493718871727557e-01
1.032443131200933228e+00
1.084313555807583818e+00
9.344707036124472177e-01
9.163031257565767973e-01
2.750012065156944185e+00
5.354043585603029065e+00
3.873407529096118962e-01
1.011822519998004877e+00
1.071778136817919780e+00
8.581922873070559898e-01
1.079617312217024061e+00
3.421925372440329571e+00
4.180031716900556304e+00
4.087293045127916580e-01
1.047114220155872300e+00
9.779048071611733395e-01
8.531801717394984497e-01
8.850306301239176943e-01
2.344436042117112429e+00
4.733093177555488751e+00
4.452182089243866270e-01
1.036631235360139902e+00
1.102811971374026978e+00
9.739351911627910363e-01
1.047728057023630477e+00
3.022440606024185517e+00
5.571904204566341612e+00
4.969079566855593155e-01
1.026713303045016623e+00
1.220673745742212324e+00
8.480375833695814602e-01
1.123909476848692135e+00
2.592185644003533795e+00
5.055539864740888234e+00
5.598187094489334159e-01
9.965244368557465426e-01
1.019722499121714865e+00
8.911438128109354651e-01
9.202831830724637063e-01
2.793181160992051382e+00
5.394034018033897482e+00
6.113553073214530453e-01
1.016076724115571928e+00
1.138549021501629399e+00
8.680582996551835517e-01
1.192030363445086172e+00
2.009719064799008414e+00
5.377804778689692533e+00
6.699061181164946976e-01
9.334054791481734004e-01
9.176248205609900399e-01
1.049692182371585902e+00
9.388154544666893475e-01
2.639114745863315736e+00
4.877898368552170183e+00
7.386589830514880273e-01
1.014046199167992546e+00
1.166944072477094974e+00
8.677797492115798539e-01
1.096462377646418851e+00
2.563737533557628012e+00
5.903369357373623671e+00
8.092992040325803771e-01
9.976680863815052813e-01
1.116411341261098311e+00
8.995600488346477963e-01
1.016985554289515647e+00
2.436881073905975192e+00
3.980370588177736035e+00
8.963946156396689346e-01
1.040665870814130312e+00
1.045394889117880588e+00
9.202488242356203774e-01
1.082358783492522347e+00
3.413349452007389040e+00
5.473309561666835243e+00
9.777666588887257149e-01
9.642125416991719211e-01
1.057651684081307941e+00
9.211378324715691068e-01
1.269300008130122448e+00
1.882023684544329445e+00
5.168704785411237346e+00
1.078845420292261492e+00
8.913574517271349862e-01
9.692284196241829353e-01
1.016237845480331137e+00
1.075694626919473595e+00
3.458197668814054104e+00
6.611178100871900831e+00
1.205504772048802575e+00
1.024614641733849307e+00
1.047383664323827235e+00
9.024123852097354348e-01
8.959105648179257475e-01
3.259416371231819820e+00
4.102474353625390258e+00
1.305779758859556994e+00
9.694021312401653878e-01
1.013612352752750523e+00
9.299341021922163941e-01
1.132499965012309540e+00
3.246211792142926988e+00
3.802260172750959732e+00
1.428159634316907622e+00
1.011784280991634644e+00
9.216082906905297412e-01
8.401489916367628208e-01
1.138396849008686873e+00
3.463948238439658489e+00
5.602478262908578088e+00
1.578418235580793416e+00
1.048914281005238980e+00
8.831930798270966054e-01
8.044036453031001566e-01
1.051770519869105414e+00
2.753706176175675591e+00
4.672914015098090346e+00
1.325946077408992618e-01
1.004222149478832593e+00
1.183748589115868555e+00
6.746660780441240401e-01
1.449516011349979649e+00
2.907591257297136078e+00
3.635378481330356237e+00
1.339955759635624022e-01
1.062110550724654434e+00
1.123278105857289377e+00
6.209197887209346733e-01
1.147069020520331328e+00
4.046980005528913793e+00
4.762470744936612377e+00
1.280812868480944999e-01
9.892433010809978944e-01
1.355743648902160592e+00
7.802751455875832631e-01
1.339419438712803778e+00
4.126771935268777725e+00
4.730108704904077754e+00
1.713989331205178213e-01
9.917243981918388851e-01
1.178762695898974755e+00
7.863561660875518777e-01
1.199314297039328014e+00
2.359417422632096528e+00
4.719827392314458692e+00
1.805912285203208345e-01
1.001448231636634212e+00
1.263881568106686171e+00
9.728339388236235674e-01
1.232603753320318241e+00
2.703863524949869479e+00
5.376498938980780018e+00
1.621695430906762159e-01
8.745527391018075303e-01
1.334281025784532337e+00
8.435963922638617385e-01
1.251365396931399143e+00
3.549663006149362587e+00
4.216360137251084161e+00
2.063504844896400514e-01
1.048265015087272101e+00
9.267417460085385361e-01
9.232217221666363383e-01
1.157731500444930228e+00
3.332071774294193656e+00
4.259463694052213256e+00
1.716986624048426613e-01
1.021600168946102505e+00
1.161088182615159115e+00
7.356583209035703064e-01
1.113834454515701067e+00
3.885226961926345979e+00
4.829533662426331198e+00
2.372328807205010270e-01
1.091543648321871673e+00
1.104857120873541154e+00
6.733437869142012699e-01
1.082030972846908190e+00
3.320017942412629708e+00
4.992605171868000014e+00
2.131823136497856264e-01
9.191678761851648227e-01
1.026981673489610447e+00
7.667434902579233214e-01
1.612418294395507434e+00
4.748544831850578518e+00
5.405049117504288958e+00
2.695065895857706173e-01
1.018333556638634008e+00
1.296827791764175508e+00
6.464084279935521371e-01
1.334859787894750349e+00
4.260105794892482756e+00
5.677516892482121769e+00
2.922725360682570939e-01
9.773333102565020525e-01
1.286450046990376128e+00
9.039324628902546399e-01
1.196374763867090074e+00
3.945623478801360218e+00
4.930837607305496917e+00
3.045049794904092777e-01
1.028664342564149070e+00
1.399019396493255352e+00
7.139449747883850339e-01
1.298463138375913983e+00
2.468035390312200761e+00
4.141918644799214455e+00
3.305531387567782753e-01
1.029289041429876983e+00
9.670006742769541308e-01
9.633538040374466371e-01
1.179766618786876053e+00
3.654680428430919559e+00
5.564232960599098554e+00
3.574460037048685646e-01
9.596355057842357317e-01
1.081496540042558241e+00
1.020256985950844131e+00
1.201547569961860740e+00
3.132586856103193096e+00
4.911450871338444379e+00
3.934081001983446568e-01
1.030548389062370562e+00
1.248948448118333721e+00
6.431197064321987344e-01
1.366076736051882623e+00
2.977022798945580195e+00
5.104391685606172402e+00
4.580469126995699303e-01
9.929411321203989171e-01
9.633005419506890377e-01
9.311246459135598119e-01
1.518451684712961880e+00
5.063078015907998441e+00
6.150780124522301051e+00
4.894812188995000257e-01
1.040845912647067051e+00
1.428093096137170281e+00
6.990711869515833232e-01
1.460582523221328088e+00
3.561044912540952456e+00
5.648322841505740044e+00
5.362038507647758356e-01
9.960068879062896618e-01
7.975969767290094214e-01
9.032927956983126672e-01
9.555912435813868067e-01
3.341402838529997865e+00
5.441585248607188952e+00
6.264130063843986740e-01
1.035623926122213545e+00
1.223773290112840195e+00
6.720884423871530400e-01
1.457461843228013754e+00
4.087679020357506410e+00
5.281841248598491134e+00
6.743429241598392077e-01
9.533470448744383319e-01
1.081286781918701312e+00
8.974610787097091480e-01
1.352831034224556639e+00
3.485168511131644831e+00
4.571921159367678733e+00
7.098399489007878316e-01
1.020149719809037681e+00
1.060374014613027827e+00
8.200947473844614199e-01
1.210621610533286319e+00
2.862460492517908239e+00
5.602369395617210479e+00
8.121313263764700086e-01
9.620097026843680288e-01
9.645486193010583964e-01
8.917558635793797484e-01
1.299448523332574990e+00
3.786362674377220738e+00
4.663858517227890133e+00
9.072183922459899907e-01
1.058577442421880566e+00
1.214983652586314022e+00
7.488667495459176981e-01
1.548297199323317219e+00
4.560653320736186345e+00
4.905567995771988876e+00
9.471965169542169161e-01
9.495557344801746069e-01
1.006644444179423115e+00
7.570949616950933825e-01
1.349882461549407608e+00
3.878222096621222192e+00
5.180987709865408242e+00
1.146148257839085138e+00
9.202537093974207938e-01
1.037450439741947061e+00
9.108338308573682429e-01
1.111426462752962863e+00
4.133840272354081691e+00
4.295779998198029581e+00
1.222835479522042856e+00
9.629406800050752668e-01
1.107359568232624936e+00
8.691088647844192883e-01
1.410895456132164716e+00
3.537571310697706028e+00
4.862507582595290145e+00
1.335371305581988910e+00
9.954843489125384526e-01
8.786100619641732390e-01
7.743559995615563185e-01
1.213064954446751109e+00
3.799965674310015196e+00
4.544151191758293962e+00
1.438437357541221040e+00
9.647567648883625946e-01
9.612464884019905620e-01
9.086638390238818141e-01
1.130111369365903062e+00
3.913304409087317914e+00
3.860622069583565796e+00
1.611648325143869354e+00
9.831350047283009541e-01
1.876163319761323223e+00
6.511829260125978625e-01
1.505763712004086319e+00
3.862103851230736407e+00
9.999999999999997780e-01
2.673701991967912250e-01
8.452405459434005897e-01
2.042721385285637403e+00
7.942534634366965607e-01
1.804095902536488882e+00
2.930000793705072049e+00
9.999999999999997780e-01
3.817663079805196924e-01
7.665631551776191932e-01
1.695406190046176764e+00
1.112719857142915547e+00
2.121669993007790911e+00
4.501870577101607651e+00
9.999999999999997780e-01
4.309013059694250525e-01
9.175762835943037654e-01
1.233122889548397438e+00
8.620410031846900134e-01
1.386212073930251698e+00
3.956882256236748496e+00
9.999999999999997780e-01
3.776073888426809688e-01
7.735684874603927508e-01
1.970381594299343231e+00
1.067633196575858312e+00
1.881637524944623774e+00
3.409771356675852960e+00
9.999999999999997780e-01
3.403964666349487134e-01
7.982093670030363519e-01
1.800679759058980256e+00
1.034167357720178426e+00
2.467868144323511537e+00
3.752619610138805850e+00
9.999999999999997780e-01
3.864607666313729095e-01
8.536479760351796120e-01
1.471872091594927934e+00
8.501284959622509296e-01
1.167351657440169221e+00
4.253257000630244811e+00
9.999999999999997780e-01
3.331970830693436469e-01
8.631496239946377935e-01
1.557513725832081475e+00
8.984237561042311970e-01
2.094699738162119740e+00
4.800673689074539396e+00
9.999999999999997780e-01
4.241028503321014886e-01
8.777163507339652559e-01
1.977839652188504216e+00
7.363608832036435681e-01
1.954839686995072601e+00
3.710875126884066511e+00
9.999999999999997780e-01
4.541660055788977468e-01
8.672533642027164813e-01
1.383596743681374752e+00
9.463214280321867733e-01
1.393539017481162157e+00
6.301110865983263309e+00
9.999999999999997780e-01
4.824424366479688198e-01
8.445307422530804464e-01
2.599097868222775443e+00
5.253062510665733598e-01
1.905771620936689503e+00
2.899433450389269584e+00
9.999999999999997780e-01
5.724352082766834826e-01
8.751343820260928386e-01
1.200856237931280379e+00
1.033619865425254414e+00
1.645603337485010531e+00
4.637028082907193927e+00
9.999999999999997780e-01
3.984199529745563462e-01
9.955479008979215561e-01
1.993487567166586816e+00
5.053902092002959812e-01
1.297944718301680123e+00
4.128555332915767373e+00
9.999999999999997780e-01
4.884509827562313333e-01
8.441031832047596328e-01
1.793251625995798459e+00
9.023854898433916194e-01
2.022299329479063434e+00
3.193233452280840989e+00
9.999999999999997780e-01
5.178600097585425166e-01
1.007901294216608123e+00
1.811716417382301714e+00
7.068361758907730774e-01
1.304186005467104392e+00
3.496879208777412096e+00
9.999999999999997780e-01
5.284176058058532854e-01
9.227408945536887952e-01
1.477921699649042520e+00
6.886442552880910339e-01
1.825853750595210601e+00
4.601717082397267511e+00
9.999999999999997780e-01
6.088806091532423803e-01
8.926381140011419024e-01
2.146004968905868893e+00
8.410971853641553420e-01
1.415534146209929123e+00
2.846108893329879930e+00
9.999999999999997780e-01
6.343125410658332353e-01
9.737372039709699667e-01
1.923647128202288226e+00
7.819876605306326223e-01
1.526126503711839444e+00
4.154478653539031896e+00
9.999999999999997780e-01
6.629509270129856358e-01
1.011177690860233680e+00
1.437563875401141944e+00
7.116500645821427495e-01
1.556584990149075365e+00
4.274466859430282817e+00
9.999999999999997780e-01
5.342744024855370366e-01
9.072205587297010876e-01
1.954736007382084306e+00
8.134039292539926302e-01
2.052515908932843303e+00
2.788185155478339894e+00
9.999999999999997780e-01
5.855532304781487785e-01
7.935702037904548423e-01
1.188943951159048051e+00
1.326557681675343048e+00
1.669931261640166698e+00
3.652615498234101921e+00
9.999999999999997780e-01
7.731657807948890682e-01
1.000034300921210484e+00
1.945790945295733820e+00
5.012811366801084301e-01
1.662973564685851446e+00
3.631581526679475758e+00
9.999999999999997780e-01
6.999298896339167797e-01
9.933388969480230202e-01
2.223721095170514861e+00
6.597110105177954598e-01
1.896035351088141807e+00
3.015818125059880561e+00
9.999999999999997780e-01
6.850761040131531088e-01
1.005648722949859852e+00
1.800409480573441412e+00
6.171367109175782684e-01
1.507961473109774797e+00
3.134677569936566321e+00
9.999999999999997780e-01
8.515966534047810788e-01
8.265980847850944446e-01
1.604231018651199436e+00
1.266564504376427980e+00
2.273799602894181593e+00
3.443117365929721618e+00
9.999999999999997780e-01
1.042659660233643093e+00
9.169720972217950683e-01
1.272368750621118094e+00
7.442468131599598857e-01
1.486513765792671915e+00
3.734917815071764124e+00
9.999999999999997780e-01
1.213802232299874273e+00
8.239171834132182903e-01
1.902553964859205582e+00
1.067195880170964006e+00
2.300458558087378869e+00
3.739549911494929546e+00
9.999999999999997780e-01
1.025865585735420860e+00
8.978867793359889271e-01
2.252013735802302907e+00
6.543104395508227977e-01
1.975433326446930593e+00
4.097004591479631586e+00
9.999999999999997780e-01
1.536914823852983725e+00
8.066573474466555149e-01
1.731388127600197224e+00
9.196922215584832916e-01
1.617738867138392767e+00
4.460609464311021455e+00
9.999999999999997780e-01
1.664699150771301817e+00
8.492543585539849005e-01
1.681163694465710901e+00
1.058960580775301974e+00
1.356575369891853011e+00
3.653789485824447070e+00
9.999999999999997780e-01
1.768032983062714836e+00
5.243197524548953714e-01
3.958161424595230127e+00
1.562365020408071015e+00
3.852170547721796456e+00
4.976343440252540162e+00
9.999999999999997780e-01
3.843035439394191677e+00
5.571432768482240672e-01
2.266256067462154800e+00
1.475303614288505205e+00
3.570658226538440339e+00
2.509155231347610204e+00
9.999999999999997780e-01
3.843849522776080274e+00
5.966545209627784896e-01
3.207752116001075571e+00
1.341647887322813926e+00
4.033566362909089875e+00
3.771200415444923237e+00
9.999999999999997780e-01
3.016516105172723172e+00
4.815372559706375677e-01
3.196048957094491882e+00
1.874952540219680941e+00
2.557948254542119493e+00
4.565746048229017973e+00
9.999999999999997780e-01
3.919212168574906396e+00
4.928757852613667723e-01
3.968480277794201871e+00
1.686629882795201762e+00
2.491795497148723282e+00
4.941991979163192106e+00
9.999999999999997780e-01
4.300061810283326125e+00
6.169679658618669738e-01
3.933597035754002658e+00
1.700014022909047906e+00
2.673503264011545699e+00
3.915421430071174491e+00
9.999999999999997780e-01
3.312761399231803239e+00
4.138924223011796188e-01
3.184596232119383696e+00
1.973470170958155689e+00
3.172345845256407948e+00
3.383599110707886659e+00
9.999999999999997780e-01
2.853698232188968564e+00
6.017188861496456376e-01
4.293852307938112567e+00
1.270674392400332975e+00
2.378952745367990396e+00
4.228044799402262299e+00
9.999999999999997780e-01
3.800942836453552243e+00
4.577403829914040712e-01
2.380603019538825471e+00
1.374338356296080033e+00
3.787538089670893893e+00
3.273752185330764064e+00
9.999999999999997780e-01
5.249945762056482224e+00
5.629152643945353196e-01
5.106900579313199628e+00
1.172436465670210648e+00
2.458906792270165731e+00
4.735069897721206900e+00
9.999999999999997780e-01
4.615079908002540421e+00
5.488681991551047634e-01
2.587168814269410255e+00
1.090814743800765374e+00
2.975633390612385298e+00
2.751755441178499684e+00
9.999999999999997780e-01
4.858212871206305294e+00
6.444317751775709979e-01
3.785045396654603600e+00
1.380414587801839010e+00
2.432392135556936452e+00
4.468031105759822097e+00
9.999999999999997780e-01
3.583483536078110543e+00
5.041206834968405825e-01
3.403890956691419056e+00
1.516931181251137684e+00
3.233574532245884203e+00
2.256135327585647499e+00
9.999999999999997780e-01
4.478129073126195792e+00
5.527639859977541148e-01
3.490966506646084433e+00
1.481090157003170260e+00
3.646620714328614898e+00
3.422387815621757312e+00
9.999999999999997780e-01
3.833792915518297040e+00
5.589625339020605210e-01
4.642188099257514189e+00
1.796654213280980183e+00
2.627347108194467928e+00
3.992748969139263693e+00
9.999999999999997780e-01
4.053338961784879402e+00
5.543819806839291875e-01
3.448004436102068304e+00
1.494429475679028840e+00
3.501417111178441566e+00
3.872440401865008486e+00
9.999999999999997780e-01
3.611897605173774117e+00
3.779536375594639286e-01
4.347185112184165590e+00
2.034999095488625898e+00
2.945854022405645534e+00
4.765449239351680077e+00
9.999999999999997780e-01
4.530296621703138626e+00
5.447838306146841614e-01
3.235643847895728786e+00
1.717837668455467037e+00
3.219222858333150583e+00
5.562622260757491333e+00
9.999999999999997780e-01
3.735210791002012254e+00
5.103365913283084421e-01
3.795004934899510740e+00
1.793427170385020419e+00
2.301511531194062155e+00
4.342752786465990056e+00
9.999999999999997780e-01
5.079225947591715418e+00
5.581036656993793033e-01
4.786597814157519615e+00
1.954350111904270992e+00
2.414297855529094150e+00
5.040210845212266477e+00
9.999999999999997780e-01
2.668456782686423168e+00
8.232953116919684566e-01
4.226296659038586867e+00
9.947136341782402136e-01
1.968584383451404962e+00
3.998077126495190647e+00
9.999999999999997780e-01
2.533023788283638833e+00
5.196376729710315834e-01
4.600145745754551818e+00
9.592346845624415419e-01
1.740123673851396102e+00
3.018661632300998487e+00
9.999999999999997780e-01
5.627411390950341818e+00
5.839410233985511400e-01
3.555654300019578606e+00
1.130435008903188043e+00
3.813989181716452403e+00
3.871760601612495911e+00
9.999999999999997780e-01
3.926307505003344911e+00
5.843695779998505646e-01
4.061838355466110606e+00
1.553654129733474498e+00
2.403509069366999817e+00
3.664257889282011238e+00
9.999999999999997780e-01
4.586126506118104018e+00
6.046530785703934097e-01
3.665379211351877053e+00
1.477983028323698989e+00
2.890085783327441149e+00
3.027769392732656772e+00
9.999999999999997780e-01
4.576447719935680780e+00
4.571895783319804285e-01
3.219711985453859171e+00
1.850615539460132908e+00
2.919040190841403426e+00
3.250932271497987358e+00
9.999999999999997780e-01
4.843782013901252625e+00
6.214920624821824724e-01
2.247068589064221911e+00
1.489664774503056677e+00
3.837197181618580366e+00
4.448911771106557111e+00
9.999999999999997780e-01
3.063466383324473963e+00
5.775641758707956708e-01
2.707440808504156138e+00
1.699524647734132143e+00
3.105784017779646522e+00
4.734069300159050364e+00
9.999999999999997780e-01
4.656792671325364452e+00
6.006180625619144120e-01
2.986860796024770170e+00
7.212340221526476469e-01
3.171969077539194437e+00
4.950768939472160568e+00
9.999999999999997780e-01
5.301863971080309490e+00
5.038420915731997018e-01
4.010786793369057079e+00
1.561106921307708006e+00
2.348483057730223145e+00
4.095453222752295730e+00
9.999999999999997780e-01
6.041128706143114258e+00
