1.857859095706003161e-01
1.785674320949464933e-01
3.141346754949280980e-04
9.161721315466883198e+01
1.582433850959803223e+01
3.728531221000384172e-02
2.628075625964366654e-02
4.372938984204254725e-02
2.324552355454102912e-03
9.719521813379234123e-07
2.741961783128397667e-01
6.068381119994262912e-02
3.042371078009983298e-01
2.216247485184690558e-01
7.878836858885464713e-05
6.141623400502970043e+01
1.459598184375663443e+01
2.760249623743801090e-02
9.083390455747408776e-03
5.356641806572928766e-02
3.709885175355105875e-04
5.229910195343558605e-07
2.851753562118312102e-01
5.572626323000414578e-02
2.065514249551086146e-01
2.069331865326115849e-01
1.220386087474097147e-03
7.129509337997252771e+01
1.329643005198489014e+01
4.260358011578394694e-02
2.020442137378365352e-02
4.776081098364678285e-02
8.079718578853180072e-04
5.292272386655543065e-07
2.707413930980300254e-01
6.080340919311489484e-02
2.370206634197128404e-01
1.806907728123972046e-01
1.233959132996644318e-04
6.133085135037121916e+01
1.412447001094413856e+01
2.690941195452845741e-02
2.054864858981681267e-02
3.980229069878042647e-02
3.956426962718825749e-04
5.849579801729233077e-07
2.615915788648536244e-01
5.938000956655687529e-02
2.154403718013882807e-01
2.119124010161836380e-01
7.408737317517012991e-04
7.135828303301711628e+01
1.770801537835378525e+01
3.744803210416749323e-02
1.719537774978650846e-02
5.488527726567690029e-02
1.193464982761111362e-02
4.176911338929053505e-07
3.604162865782211123e-01
6.080020286084346359e-02
2.752799800940614050e-01
2.219560328370820679e-01
2.200794578762997871e-03
7.134184818760014934e+01
1.449151943442186941e+01
3.220136562604533625e-02
1.820493464396900213e-02
4.352148395082697935e-02
2.882379933358274800e-03
3.315262444733861526e-05
2.780220759139837572e-01
6.884499223491191700e-02
2.861821358167336293e-01
2.040895233471706482e-01
2.561798314708295561e-03
6.665834514340683370e+01
1.598414019834230793e+01
3.171756824496233668e-02
2.741267425285268816e-02
3.807450780203022744e-02
1.428621901618749369e-04
7.640819687222902352e-07
3.538178333215652449e-01
6.341490868877674991e-02
2.543013496946838203e-01
1.794339789862814671e-01
2.493717254041122886e-04
7.954719463597238871e+01
1.593419371315355448e+01
3.550334355462462371e-02
1.234369837801119543e-02
4.876270889380518447e-02
1.209667299207206311e-03
3.596360236157939941e-07
2.913433146554421094e-01
5.455826748514130964e-02
2.523592363078573375e-01
2.122202294270286171e-01
1.835263227332606384e-02
6.632783067536831823e+01
1.654672130814293851e+01
3.569146869388695881e-02
1.675922190872568621e-02
5.537414319834478571e-02
3.417829387930804933e-04
1.720856619485848129e-06
2.999937873975513369e-01
5.268581247761931069e-02
2.396600045088238540e-01
1.876374526836855350e-01
1.902834385315237999e-03
8.138961637750020373e+01
1.755465410907442703e+01
2.828616191506341110e-02
1.994204586805383914e-02
4.932974087374787653e-02
3.619878728366409922e-04
6.676268889946100273e-06
3.535818874471240436e-01
7.374251155692407300e-02
2.805429023703700508e-01
2.171319296802908527e-01
1.497071665287657476e-04
7.319760189751283974e+01
1.568421419936299088e+01
3.753617427437861559e-02
3.989196405242882021e-02
2.944030609434881290e-02
1.510959746793524329e-02
2.800319030381757431e-07
2.314510856651942616e-01
6.555640837044336700e-02
2.610086053661044292e-01
2.121287204947855110e-01
3.188202441039821315e-04
6.568655414248084412e+01
1.698014865920576710e+01
2.959565761330585840e-02
2.453687051116767905e-03
4.423149768027946627e-02
4.159039163160902441e-04
1.324076034784009721e-07
3.229986308820369523e-01
6.795806976317082804e-02
2.453897121514454216e-01
2.125163261487892363e-01
2.205785154072702550e-03
5.803453515775189686e+01
1.225626644868334481e+01
3.820042858749026632e-02
2.146364934330594748e-02
4.275456252032865112e-02
7.329420571840212888e-03
1.464659741495699458e-06
2.996854048978924157e-01
6.797443913372962221e-02
2.195380505732794363e-01
2.090524074034592616e-01
1.396095176790000583e-03
7.402316034515284571e+01
1.501416636532785454e+01
3.169593333281903874e-02
1.072814854075044948e-02
4.482734272368305711e-02
3.811780521046460868e-02
6.992605830468603772e-07
2.092372423146339477e-01
7.194374036386992632e-02
2.952237423078357681e-01
2.536446050883614522e-01
2.369512126589270909e-04
6.380167541142490961e+01
1.495002487911090938e+01
3.347218710221947641e-02
3.675255269300972683e-02
4.720191117581497287e-02
6.923175987808248555e-04
8.357103336811237575e-07
3.385393461314052388e-01
6.153289896770967188e-02
2.394980630744645844e-01
1.690930322349925019e-01
4.849915575532771396e-04
5.786875784400920253e+01
1.168829010423153925e+01
3.780977329986672658e-02
3.182761498127319177e-02
4.002464111782157163e-02
3.701065085921056421e-04
4.437888025253382785e-07
2.453743944063871141e-01
5.894729081890920375e-02
2.706668687481524893e-01
2.077115472478555103e-01
1.600822918979021361e-03
6.544480748216848554e+01
1.713988214768140494e+01
3.526763699606665775e-02
3.277991687044400082e-02
4.670461357993532098e-02
2.525376616937784896e-04
3.542573637736884838e-07
1.897639750073590315e-01
6.141013838444651235e-02
2.269278783762687379e-01
2.043698884631990620e-01
3.275047725791836251e-05
7.185454795846695220e+01
1.310423681910286753e+01
2.652678077245884322e-02
2.709191290553737003e-02
3.889537688870300242e-02
4.756594981101235900e-04
3.734469074553814848e-07
2.631942563851121242e-01
6.209411414854062311e-02
2.467866314761353042e-01
1.864148563930208002e-01
1.440927072606172643e-03
7.186945895177798604e+01
1.836351421645503379e+01
3.062341952276691204e-02
3.046944806973393705e-02
4.571130135963251406e-02
6.406197985740605221e-03
1.069618046169350603e-06
2.750643721415745313e-01
6.109859767341305203e-02
1.905174482408976966e-01
2.178196689867965274e-01
4.337375288036347896e-04
6.613910258332388992e+01
1.574997580573687905e+01
3.949900437707758866e-02
1.231853059891667782e-02
4.867858098095610014e-02
3.920552334662952623e-03
3.494363583606862775e-06
2.816472289303689203e-01
7.481755004669135567e-02
3.294841536876935151e-01
1.917298953206362233e-01
7.049046875603273699e-03
6.371434854045949692e+01
1.522963139874046234e+01
2.701173701052830139e-02
1.861506953611395676e-02
5.334683001051331031e-02
4.011590553376930858e-04
5.636921509967033979e-06
3.084323683787587034e-01
7.304043688361205877e-02
2.468285336642972450e-01
2.015537962133653604e-01
6.932727647502584392e-04
6.879386080149409111e+01
1.395693482688612619e+01
3.658540146493888257e-02
2.093524696588216355e-02
3.889389589087555860e-02
2.747511796377644609e-04
9.800466351572311398e-07
3.568150917377296283e-01
6.559704027212369393e-02
2.536921481212667806e-01
1.701677772843017966e-01
2.543739512074747345e-03
6.542812293263341417e+01
1.677711403109764277e+01
3.094133007193929433e-02
2.135153996932934173e-02
5.794569288334092128e-02
3.343235860170457388e-04
5.447479992838968549e-07
2.826221595756345240e-01
6.978076855977762005e-02
2.738752993791821466e-01
1.787364330112843902e-01
2.673635522064831196e-03
6.543921238809915053e+01
1.586018209320080530e+01
3.596051204784005834e-02
4.067321444358482779e-02
5.653470222612669988e-02
2.469138624433757020e-02
8.267761602376320757e-06
3.301925881357793968e-01
5.190316818119063841e-02
2.425098077866813806e-01
1.815230611534199290e-01
4.030932424798740004e-04
6.259869924214701342e+01
1.448224955979843287e+01
3.750515350243003448e-02
3.100829463741771111e-02
4.537280015068611422e-02
8.135391438220811481e-04
1.287078852052840535e-06
2.898873544542151515e-01
7.352916940520766442e-02
2.582339092966465799e-01
2.690894857012773866e-01
1.005611665989689617e-03
6.072397938494477643e+01
1.721826465750396551e+01
3.619235489161657521e-02
2.131680936511226240e-02
5.077067650513389374e-02
2.870898366750545714e-04
3.255907093272480935e-04
3.379968854896537866e-01
6.204530474668393941e-02
2.980731718537577568e-01
1.978834701638516602e-01
4.407131286456364818e-04
7.913803971460035314e+01
1.390392989262940837e+01
3.058883473857215360e-02
1.884261260661158205e-02
3.944371933717843309e-02
3.216215887314114027e-04
9.848337533089313588e-07
2.615676853297850268e-01
7.592768039718969519e-02
2.767137075845314542e-01
1.633292522773437672e-01
1.434777419346700954e-03
7.216353366129686719e+01
1.259570065977239928e+01
3.763699119450313740e-02
1.612229254521818991e-02
5.019050829672544456e-02
7.263310568751343583e-04
5.912141652746200249e-07
2.573635796140587573e-01
6.356972402828825475e-02
2.435937527572243910e-01
1.541270483127029911e-01
8.626190447639693485e-04
8.656676827592498569e+01
1.364704657311459179e+01
3.155605114911341075e-02
4.128289519642888705e-02
3.900487020970972579e-02
1.682401902027764800e-03
5.196986248428572466e-07
3.097509782842973736e-01
6.456251988446236323e-02
2.830440906518812971e-01
2.001056126309991023e-01
2.359264543813713918e-03
8.277785331501242183e+01
1.700556996496530715e+01
3.869482278540609804e-02
3.834844560465813096e-02
5.342431022443167726e-02
2.516925709414960955e-03
1.387541174977177991e-06
2.861188934503279269e-01
5.939335332110762256e-02
1.849763840254614600e-01
1.290379051142076794e-01
1.192597918740452741e-03
7.499451147303071252e+01
1.109758103513671124e+01
2.281544635776298902e-02
1.563025788333545843e-02
3.458805598123954744e-02
1.127063981619306219e-03
1.615084074590052722e-06
2.737782764355022880e-01
3.049483701202766392e-02
2.718046625370268421e-01
1.610884801407904687e-01
1.204259059874061063e-03
5.135727554068915879e+01
1.271433848772248076e+01
2.482792437965182508e-02
1.986242094211623094e-02
2.855916071485469984e-02
8.393804470119028277e-03
6.261462185615398703e-06
2.861074467375031571e-01
2.692119832491667031e-02
1.803169421514099480e-01
1.464352335466596322e-01
1.765792641744925399e-03
5.538801841415947536e+01
1.064926385600226943e+01
2.170714610248667201e-02
1.804655957479071524e-02
3.226640051573806400e-02
1.166128679718771285e-03
1.499337228814518880e-06
2.695973938744021803e-01
2.156909567090417590e-02
2.283386068330121865e-01
1.323895625107442409e-01
4.910368920492650009e-04
5.732763857654001782e+01
9.143298433125202962e+00
2.652269768917428147e-02
2.312518293008732420e-02
3.299236044500752918e-02
1.037139162508534480e-03
9.617285245271771755e-07
2.626750515117782792e-01
3.382391420163186752e-02
1.742351370834011315e-01
1.635875877977208126e-01
1.718045266564540265e-03
6.541133607119402882e+01
1.340197565382426248e+01
2.388750285212480964e-02
1.029734609278262422e-02
3.903436585076790200e-02
5.968712133228578709e-04
3.714292555212371435e-06
3.598373297911065527e-01
2.763593622159904797e-02
2.496253800934156997e-01
1.686598193228907860e-01
2.215139612736722122e-03
5.748160619218378287e+01
1.155718435433502655e+01
2.137635841457887972e-02
1.571505525207161913e-02
3.852778622120198865e-02
1.454224050116394509e-02
1.006923498833725772e-04
2.768963269282285200e-01
2.770442041593139393e-02
2.571920692422741683e-01
1.656192099608895241e-01
1.213841142056580917e-03
6.265259588331667118e+01
1.360312380188994119e+01
2.637805322903634050e-02
5.221675174194447336e-03
3.767623456393302123e-02
1.062512523100350411e-03
1.517569735219204815e-06
3.534723169595767600e-01
2.635287801884398512e-02
2.422717377362011149e-01
1.524282048149830093e-01
1.141279290590243309e-03
5.535344514746837774e+01
1.154019739771105968e+01
2.635128417811334264e-02
1.252501271292114082e-02
3.394099062615096168e-02
2.676158045846087005e-03
8.121154534719354894e-07
2.909884206906112603e-01
2.846783319383958122e-02
2.067151601071916811e-01
1.548488065237524081e-01
4.226178659891473982e-02
4.862524769788258538e+01
1.393062752724170572e+01
2.084352815131951947e-02
1.511462888438049219e-02
3.507216110574375850e-02
4.117429453327863236e-04
2.362346666646874724e-06
2.990027067546806028e-01
2.033472070675843013e-02
2.096080499713322554e-01
1.600056860794970282e-01
6.617922413765886178e-03
6.379680100481873239e+01
1.316410557480555177e+01
3.091784052565642663e-02
5.521478289198977936e-03
3.656947432475533138e-02
1.123465360976172054e-03
7.347771262232614434e-07
3.519418476252870742e-01
2.787017025975200776e-02
2.813090612871855800e-01
1.469454023476989557e-01
9.000861695786589777e-04
5.693489102451529504e+01
1.154037945916403096e+01
2.257638750445456130e-02
1.464966067780768162e-02
3.103951842442161449e-02
2.837673221363758245e-03
1.584410450124955388e-06
2.345016182839639030e-01
3.277584744477103629e-02
2.355645442385980726e-01
1.567335495184480898e-01
3.178776307505701477e-04
4.872163590461818217e+01
1.341843830248549629e+01
2.502953552831774231e-02
1.187143510496198838e-02
3.771615580745967672e-02
6.252238665907770571e-04
5.778573158964380162e-05
3.233029542317472083e-01
2.471320857469103127e-02
2.099065807226761504e-01
1.355068088465102016e-01
1.660567198109491431e-03
5.022058200493866309e+01
1.045466363016720734e+01
2.499942810251759920e-02
2.158866514734459480e-02
2.829931522614360234e-02
7.971415545030779114e-04
2.460803850372367544e-06
2.984067260722227388e-01
2.646870091751063470e-02
1.908591051137780714e-01
1.718367601933308564e-01
1.706479954952910263e-03
5.729772454007498084e+01
1.226318877833643306e+01
2.459418765020719364e-02
1.527994416695136262e-02
4.095318365443018083e-02
2.328843403653042127e-02
2.284784826458891466e-06
2.081646329948504126e-01
3.072909145126889036e-02
2.692574416286446781e-01
2.100144963627316452e-01
9.444753454482162150e-03
5.715431059223908505e+01
1.268287268405835633e+01
2.418499377252095531e-02
1.901670256632977465e-02
3.747677151317044958e-02
8.832716903198214141e-04
1.471118076752697315e-06
3.395823741931120465e-01
2.715079140951115466e-02
2.180462630115813927e-01
1.343992629073855471e-01
2.355027710741545901e-03
5.051339475618192409e+01
1.006597339146657788e+01
2.009903550502360747e-02
7.974277096742341669e-03
3.251121460481667946e-02
1.061651289073280505e-02
1.242715005235707126e-06
2.441717525293792546e-01
2.863868771579249420e-02
2.585081993727986749e-01
1.816260426632891611e-01
7.782881627941413451e-03
5.629300626037075972e+01
1.337791162464683836e+01
2.737564679809565554e-02
2.662995860365927406e-02
3.623319331289344414e-02
5.165507680466638720e-04
6.838839464983917780e-07
1.897999230014094374e-01
3.111536829092991993e-02
2.216008641208766505e-01
1.787866651342721047e-01
1.390744961020314724e-03
6.065213284552425677e+01
9.524164885010982573e+00
2.641166133749307462e-02
1.105800130919518467e-02
3.444519410266457665e-02
1.016766624425197206e-03
2.543439887036982336e-06
2.635872312393603423e-01
4.004070672472486575e-02
1.921429170273104003e-01
1.629325063002180218e-01
6.225382160975892129e-03
6.413325153572969839e+01
1.418855959796847621e+01
2.932810223642433323e-02
1.990758621579285029e-03
4.886875342921457449e-02
1.161291244273644774e-03
3.087709379943074972e-06
2.739411975516896636e-01
2.913346494188803412e-02
1.679901216293832877e-01
1.945286781000092335e-01
1.873142004714371464e-02
6.000221936950969592e+01
1.279383066515983991e+01
2.262804248622393016e-02
3.015621887980387585e-03
3.586693742106661364e-02
7.965032605660586932e-04
1.943308217404333023e-06
2.814047798694554459e-01
3.273987601361440236e-02
2.996697563278512555e-01
1.294833191244530723e-01
3.414909215330498050e-03
6.209535848629092669e+01
1.142125332706481444e+01
2.771712069397908734e-02
8.808319753390598389e-03
3.372566256120371891e-02
2.658917200320594972e-03
3.067024826532422551e-06
3.098496546229601023e-01
2.837900874916638935e-02
2.325102995542010220e-01
1.041314740750702156e-01
9.510676515929162265e-04
6.028354554746487537e+01
1.240409381282064949e+01
2.294314566942975628e-02
8.279887680983588627e-03
3.992843693009481831e-02
9.998328259093068517e-04
2.399480191967347937e-06
3.559126686180092425e-01
2.932499910521885883e-02
2.236779669767104406e-01
1.493812505954054126e-01
1.061028043650141979e-03
6.105670786339412359e+01
1.277186037134251428e+01
1.970530276275714310e-02
1.787939829464087194e-02
3.305531531723224919e-02
6.290137035050705943e-04
1.855194467866273918e-06
2.820119362547704456e-01
2.610922515733438837e-02
2.474340874442514104e-01
1.559671084566591759e-01
6.836343457436362160e-04
4.412012475488504748e+01
1.231109175608037454e+01
2.476390493530862547e-02
9.274224778249526638e-03
3.445002713845363856e-02
1.305787826263324564e-03
2.056296709910753896e-06
3.294391536730629233e-01
2.815135336939519201e-02
2.370763487534221503e-01
1.337150174678040371e-01
4.428943870855480899e-03
5.235524759614570200e+01
1.118286306474400860e+01
2.503315235895887600e-02
1.473065531151943226e-02
3.351428835658425143e-02
3.246265293864579720e-03
1.085331118906971140e-06
2.899081302567105833e-01
3.637033889234664308e-02
2.533268454148087656e-01
2.088568280336660365e-01
9.716647740319946103e-03
4.847211936584071168e+01
1.366986581830763114e+01
2.586258871416505581e-02
6.233672076302316893e-03
3.905692273719737345e-02
9.243802942536877504e-04
2.556557000790594388e-06
3.398243913040701059e-01
2.831303810917672192e-02
2.614537664213675283e-01
1.698875559204834074e-01
3.789515777646878993e-03
6.181851480305099500e+01
1.107458854574890772e+01
3.043241679842764724e-02
2.547871551000095713e-02
2.948012427785673406e-02
8.452683171837862414e-03
6.104684505406205011e-06
2.604182587767578938e-01
2.873731668069901338e-02
2.561250475256526826e-01
1.122866744468414280e-01
2.609963268281604697e-03
5.762132527338562937e+01
1.028144036701037756e+01
1.911045889204023712e-02
1.275982137813665672e-02
3.695341812707536588e-02
2.335322588864810998e-03
2.474621603995749597e-06
2.566004430324843599e-01
3.396037326551829688e-02
2.421880292331903828e-01
1.575007743499922397e-01
3.228344947039004688e-03
5.995602511274109503e+01
1.058852429399640549e+01
2.432880813129072173e-02
1.501069762418791829e-02
4.179055413346845910e-02
5.136260454980182133e-03
2.925845983361901230e-06
3.110618852201736395e-01
2.908760180165936154e-02
2.519074711869223049e-01
1.775952120036770054e-01
1.120025188297293049e-02
6.939823480633552322e+01
1.306688910153444283e+01
2.854409803514674354e-02
2.701771417093899036e-02
4.074282194603020407e-02
5.011664875213837911e-03
7.022655452446091900e-06
2.878056989333167559e-01
3.623128586577253896e-02
1.662018695418825409e-01
1.413642844428044942e-01
1.831019756425658965e-02
6.273253268592556964e+01
7.951511607996641473e+00
2.436249832912396399e-02
1.011340049195078028e-02
3.061773055978962710e-02
2.029299162629382564e-02
1.202163673779311251e-05
2.738795310348509648e-01
1.369248916005507549e-02
2.567105456048239254e-01
1.447220370731704397e-01
3.427271840203688705e-03
4.819660823517061488e+01
1.094926497033252311e+01
2.185637189734061098e-02
3.136859917650636209e-02
3.196870084624407748e-02
2.534902615833522360e-02
1.129370484777380216e-05
2.854919452115118328e-01
1.955843502966441230e-02
1.563989653516913159e-01
1.493003002787888778e-01
2.562820781480021261e-03
5.045913880477097280e+01
9.908944289716719922e+00
2.619170351319751247e-02
1.432856851971150113e-02
3.519283426679523791e-02
2.384675819764549981e-02
8.151392295538666477e-06
2.698978855624718509e-01
1.442978257362538021e-02
2.135271232920552820e-01
9.816343167374566581e-02
1.198910941640934924e-02
4.773480783009909345e+01
8.077932583390586174e+00
2.457294433387272395e-02
3.451677036166462403e-02
3.174816024092533967e-02
7.084820170778795105e-03
8.261335734096313815e-05
2.626392059224593178e-01
1.628801609430331754e-02
1.570381686221637985e-01
1.419674926712047591e-01
1.014085550737803612e-02
5.184625887241414688e+01
1.153493448788118592e+01
2.415877335068841725e-02
1.390671967121331204e-02
3.328971031839651762e-02
2.878198436500736118e-02
4.557710859447028526e-06
3.597821290242477765e-01
2.164517524895011660e-02
2.319690091154831824e-01
1.692807265473498524e-01
1.072957882453410769e-02
4.828748102334078141e+01
9.416803480122876380e+00
2.594562355161559794e-02
3.066710403844395694e-02
2.885945740368735593e-02
1.515385800945256989e-02
8.050013498799286178e-06
2.770490723957161894e-01
1.374706651764761450e-02
2.402853917938777562e-01
1.636036706829590293e-01
2.738900220518033016e-02
5.067509817850987730e+01
9.957510903553181691e+00
1.998977507249342228e-02
1.175287517239900249e-02
3.136329495674852752e-02
5.544992412111039194e-03
1.404445704440190569e-05
3.535733802740086418e-01
1.390501564373651695e-02
2.114888576458440472e-01
1.313046999208980492e-01
4.309652520653176576e-03
5.232078422117491101e+01
8.824248023744267755e+00
2.699245440259899487e-02
1.963911067434060201e-02
3.432487287498283551e-02
3.370097574958236687e-03
6.769054666775835380e-06
2.904315583982768345e-01
1.184450658831931978e-02
2.003090947277683942e-01
1.425481304558346152e-01
1.175051565020083788e-01
5.313551720409186174e+01
1.042925684741949155e+01
2.497429039542858539e-02
3.072116995292813180e-02
3.748709180673907154e-02
2.633405121484650585e-02
6.555445722638364534e-04
2.988253201255806069e-01
1.222045325297401244e-02
2.102072742144963646e-01
1.411253280909531282e-01
9.405404557381896735e-03
5.000379028629819089e+01
1.067945548942344658e+01
2.172513928484347268e-02
1.927269906565888882e-03
2.992541423732476488e-02
9.736015659869820885e-03
1.011239495973614513e-04
3.522187629353852323e-01
1.851428228296110590e-02
2.607859178170408021e-01
1.378343920373962528e-01
6.393780002884552789e-03
5.050839244683240992e+01
9.529716872243371384e+00
2.490119962954986943e-02
1.377248448107097796e-02
2.945315778776118679e-02
2.191083720255289705e-02
1.415419281909705964e-06
2.330971002252581192e-01
1.646298591443378853e-02
2.003215604248942128e-01
1.548850386431132320e-01
1.836154315966557820e-03
4.552712686611705806e+01
1.003725459388829755e+01
2.616978672342611806e-02
2.969137302485891014e-02
3.274014488868069034e-02
4.131744531605746097e-03
2.059184534150138419e-06
3.220435575058297473e-01
1.668569497707905747e-02
1.983409241851776805e-01
1.412145280101474165e-01
3.708720554013992653e-03
4.371569764921581935e+01
1.044734978915168888e+01
2.205486627265331595e-02
4.972192675754610186e-02
3.988952511243720744e-02
1.610808346778940317e-02
1.440672700827143869e-04
2.977862169659977742e-01
1.966148805672464014e-02
1.925364333513286952e-01
1.563226269905921562e-01
3.371066228021864924e-02
5.089648580975426739e+01
9.628245064675601483e+00
2.432850260799860470e-02
3.002890429978835943e-02
2.699203283054801839e-02
7.045575096404748869e-03
1.172068572457077713e-05
2.089690228385972237e-01
1.628101352427840931e-02
2.504820401082653025e-01
1.354538239218741891e-01
1.800381937289794940e-02
4.236402628582774099e+01
9.849123313461056739e+00
2.758647114249058660e-02
2.008661643414929449e-02
3.190613078735031471e-02
3.766793490537859168e-02
8.133745293213667218e-05
3.393966579543326589e-01
1.594829095965919624e-02
1.843808969248553753e-01
1.538865987087369991e-01
1.282205170699294607e-02
4.771961117367902006e+01
8.519783182706044400e+00
2.188536033525689470e-02
9.063671489246858878e-03
2.537034108344209810e-02
9.895420737131184474e-03
2.028976071914046478e-06
2.448773165869625734e-01
1.724273950495238197e-02
2.285996410135878176e-01
1.550641816250534766e-01
6.208062784341042938e-03
4.128967150698915844e+01
1.107858937678087408e+01
2.409592939277565779e-02
1.140934407628052018e-02
3.936282256106987676e-02
1.518305092939380499e-02
2.516905801360526198e-06
1.888336311865703443e-01
1.684913134501612661e-02
1.988537639099603183e-01
1.819615287312419394e-01
9.733962074123787486e-03
4.783925194433350470e+01
7.229531528759928882e+00
2.648002706919243276e-02
2.889593116438470694e-02
3.088870027561945245e-02
8.771870127450284021e-03
5.803009599142369247e-06
2.626410342733210834e-01
1.997317649718787294e-02
1.685275667922465914e-01
1.460918455955138029e-01
4.544760519486317624e-02
5.762135111929848108e+01
1.158724977467592865e+01
2.629284302402478540e-02
4.001584404635819686e-02
3.814565145638338511e-02
2.976355696173502499e-02
1.448077609177187786e-04
2.741249145521710284e-01
2.005229676269308994e-02
1.639104012241390518e-01
1.367868745902557082e-01
1.124478355668337946e-02
4.810432643274850051e+01
9.490979009059699933e+00
2.205432976119755736e-02
1.444342264741401913e-02
3.271724360501038903e-02
1.127697104327671056e-02
4.391419918923472040e-05
2.813788884190019379e-01
1.620036214461335194e-02
2.723924132864009029e-01
1.111905686587242037e-01
2.526509395015412440e-02
5.336475659196061372e+01
9.241104327374999983e+00
2.384529297759853395e-02
2.518459602558316066e-02
2.653007602079250973e-02
5.783088123274115339e-03
4.809831596059587858e-06
3.098589169628573892e-01
1.394773850076027472e-02
2.118089302713337119e-01
1.333769327721481268e-01
3.983614982558767587e-02
4.967146081634702881e+01
9.714612950057075480e+00
2.859527471004346538e-02
1.208128698406797825e-02
3.070841042771843554e-02
5.089833648210374470e-03
1.249523956972492139e-05
3.567191538033963050e-01
1.615066251794639723e-02
2.212019728768850613e-01
1.683402079355786896e-01
1.964315780230388442e-02
4.584302858814281478e+01
1.161278868662421715e+01
2.688796525640909860e-02
1.410195879825501021e-02
3.430674897445317589e-02
4.916766527801695597e-02
3.962238187493009257e-06
2.826004852637615805e-01
1.876430138457902547e-02
2.235106664648819352e-01
1.621835934214144181e-01
2.164878861934320213e-03
4.689856259563713792e+01
1.041260303959269606e+01
3.092336125697045870e-02
8.996473852887562281e-03
3.599162590338610135e-02
7.043817868624434493e-03
6.698243823092813558e-06
3.285195183670397423e-01
1.659131607759284019e-02
2.341561061010173361e-01
1.522725571452264171e-01
1.722025990787496436e-02
4.530323978392161877e+01
1.167505866208274057e+01
2.328123607600668041e-02
1.876600862138156842e-02
3.640662382692066296e-02
1.087160589591390086e-01
1.055292312767753651e-05
2.896775432472777911e-01
1.925637760858596795e-02
2.338517649400162213e-01
1.868984407990211816e-01
6.919793097478359190e-02
4.856076913433470565e+01
1.026880906188562825e+01
3.160946523102497324e-02
2.897270761820330831e-02
3.535379074919241249e-02
2.385916608545685796e-02
1.042203908626416955e-03
3.404698460446421993e-01
1.679649256019336706e-02
2.333891935530460482e-01
1.403648088013756956e-01
1.013840878540218232e-02
5.335113982199131044e+01
9.696748118828958596e+00
2.908603741463194892e-02
2.885316693114061901e-02
3.105992363693784244e-02
9.842098531647407167e-03
9.146389343939989087e-06
2.600739721515841762e-01
1.547525009504580051e-02
2.571503620306289095e-01
1.226420205648304090e-01
4.986951461205699904e-02
5.740097160095218243e+01
9.508244884629359461e+00
2.134417571933383204e-02
3.133982926169287531e-02
3.328080469614352888e-02
1.214064426349006041e-02
2.180434939924332029e-06
2.568415341574016852e-01
2.208164298980798759e-02
2.184626212632188591e-01
1.369423070341821702e-01
1.021851976877876239e-01
5.446858908904920327e+01
9.661974153255600939e+00
3.154815972296590859e-02
3.121069025047833179e-02
3.684500088819521457e-02
3.461095735371864934e-02
5.851198794945728012e-06
3.120894361453632193e-01
1.794000075377629247e-02
2.365188098958903584e-01
1.505439862422670305e-01
1.415967221288310096e-01
6.327860087917040488e+01
1.285296797401181301e+01
2.940090203580995876e-02
2.779708420756867721e-02
3.655376947544727861e-02
6.354215413108266208e-02
4.518818771383646053e-05
2.883712905541678806e-01
1.864500838771367131e-02
1.668538468725000723e-01
1.387650200251446808e-01
2.722103515487893644e-01
6.400243910474765130e+01
8.593133911835657557e+00
2.934268725279212675e-02
3.915670450099170696e-02
3.771116046842833830e-02
1.292240530511519769e-01
2.766031305868986496e-05
2.740637427308045826e-01
1.320517245187662926e-02
2.608136731074041648e-01
1.448315967906166346e-01
8.231623704247048590e-02
4.397378970914471807e+01
9.905041239923813023e+00
2.696393975059079018e-02
2.016689741423208226e-02
4.080893167991513082e-02
1.980270658671929793e-02
7.284259809122818165e-06
2.857224289053756916e-01
1.313527634025666094e-02
1.484306175633062497e-01
1.521086954051916185e-01
2.584287082103552402e-01
4.918350387120790401e+01
8.971842992413463946e+00
2.656376287365557615e-02
7.571110004506828584e-02
3.259211592966725080e-02
1.991177735330749293e-02
7.502056014161769348e-06
2.694750680641020413e-01
1.106636561264301086e-02
1.941846370080675954e-01
1.101707005348262630e-01
2.484175048996094606e-02
4.041160368024089422e+01
7.907120137945647720e+00
2.692490814064598184e-02
3.622601108308215467e-02
3.658302090618487101e-02
2.796075602723496756e-02
9.095869446684342859e-04
2.624327263651467512e-01
8.371529437493811093e-03
1.709243238616475202e-01
1.536407165834747235e-01
3.882062309613545925e-02
5.000269932182177968e+01
1.182168439442618180e+01
2.576649938569507831e-02
2.418156159283168724e-02
4.087215727006594107e-02
2.846646138239878124e-02
1.255015608685450951e-03
3.607329994589220101e-01
1.079093617000376377e-02
2.291165650508224239e-01
1.550825600524902703e-01
2.315682645352528102e-01
4.071692333189893986e+01
8.049422875392567178e+00
3.024285907246418437e-02
2.750755258601312453e-02
4.023903167321984248e-02
4.508078392433370607e-02
5.439198847307997109e-04
2.768065364011425000e-01
1.299001028227668095e-02
2.259159115506619298e-01
1.652180172573712025e-01
1.719579880975852515e-01
5.296548955185762253e+01
1.059547060066146784e+01
2.707362599960602689e-02
5.070615669048196550e-02
3.248835886488527641e-02
3.109971748190495586e-02
1.952594063879404250e-05
3.524840917148943098e-01
1.132027885760502825e-02
2.086410020480560512e-01
1.396301751976564420e-01
1.071141248903437204e-01
5.551201361240126886e+01
9.574550158412629131e+00
2.605626309925705014e-02
1.454711383279376144e-02
3.599603599600475351e-02
6.148888633523048181e-02
2.984280878133418807e-04
2.907056310258377962e-01
1.136903435233894630e-02
1.729036261079966719e-01
1.494667096336343981e-01
7.474836487344797831e-02
4.134036576652278683e+01
1.003396016877240449e+01
2.585461183606141758e-02
2.479169636406642827e-02
4.343307660925808250e-02
4.160997474439958460e-02
4.423698913371580188e-04
2.990002986894677028e-01
1.376886051047574062e-02
1.885918722816828930e-01
1.689922101102469543e-01
2.232135924458625992e-02
4.931587049287426794e+01
1.105961485836385982e+01
2.931611811248998126e-02
3.852787615955635681e-02
3.925509983743273590e-02
4.112325602524258272e-02
3.543287437954168589e-04
3.516546573791185515e-01
1.177271175155402555e-02
2.740746082144023821e-01
1.420588466656381166e-01
2.244802335471119681e-01
5.752835386652868976e+01
9.401916562478293216e+00
3.336220190214180675e-02
6.513222225250263342e-02
4.153439108305108374e-02
3.000862944474473257e-02
8.604177905876688769e-06
2.334809097510087694e-01
1.287218034437045619e-02
2.064112635444509680e-01
1.539787935788152762e-01
1.970839898529550341e-02
5.223238605486694297e+01
1.126289100298196111e+01
3.375538744626004756e-02
5.108821848972371071e-02
3.755894737024262353e-02
1.249731174846440002e-01
1.449174927327842458e-03
3.218051970983941135e-01
1.253472861784651372e-02
1.839119240077884132e-01
1.484922285177395218e-01
1.621603007465892421e-02
4.329987275144264913e+01
8.305343508308673961e+00
3.050863950526763388e-02
4.134436047273044174e-02
3.885764600167726512e-02
4.058248867498193135e-02
9.551690687218833973e-04
2.981139609286219128e-01
1.205091950261924331e-02
1.921978807488690655e-01
1.788573283162365191e-01
2.352691799020780600e-02
5.134795863400312754e+01
1.069148842937976163e+01
3.550703719710526785e-02
4.222423353504562576e-02
3.595290812297185362e-02
1.331213901949889616e-02
7.407270323093430515e-06
2.092207571690205825e-01
1.035671738171582701e-02
2.410263370775413971e-01
1.864315163808719367e-01
1.183214677454787755e-01
4.898890557659949252e+01
8.654245689902593242e+00
2.467473319462230863e-02
6.266600380198789066e-02
3.690968074141830202e-02
3.691049057166129882e-02
5.668022436256455756e-05
3.405156262631300890e-01
1.199180352478949885e-02
1.967404369535075692e-01
1.634585873726102367e-01
1.542017692890484681e-01
4.504908693088962934e+01
8.030951667713043918e+00
2.965265709826796561e-02
4.164574443207918336e-02
3.797634854259548942e-02
4.513294725938347962e-02
2.169849359113247257e-05
2.443736035059629053e-01
1.219695374345015210e-02
2.169500513581449352e-01
1.380612769366009185e-01
1.925611023476954953e-01
4.610362760535142712e+01
1.068959615974768340e+01
3.413165592385127012e-02
3.983577373490044399e-02
3.354229323469606894e-02
7.278119016889585124e-02
2.478871085170989298e-03
1.900216419211127883e-01
1.394953737968306594e-02
2.179742935202731713e-01
1.733893222622151231e-01
6.367127043677675395e-03
4.866532174921243836e+01
7.208185103324368015e+00
2.650925966800422168e-02
6.699329445746779292e-03
3.950686129946760772e-02
2.993172219602245610e-02
1.085046447213243047e-04
2.623586340994894517e-01
1.311148814270834094e-02
1.850314485790258423e-01
1.770227861095316491e-01
1.920855485800694942e-02
5.523329871668763502e+01
9.774672875693124041e+00
2.734211282673352714e-02
3.348752482004968556e-02
3.885714450109838819e-02
5.099003983086716763e-02
2.788494686825865147e-04
2.750232508104494822e-01
1.183461936171517279e-02
1.698087304722913915e-01
1.405824465855809446e-01
1.479187984839454018e-01
4.756636543134042938e+01
9.665620576358488591e+00
2.780424198010362016e-02
4.124742366221741119e-02
4.088851867550764851e-02
5.273659484273631598e-02
6.902328444849158385e-06
2.808867494672613874e-01
1.120729272333085072e-02
2.725406124106894423e-01
1.402369532890261894e-01
6.325855221126408523e-02
5.672437683959677912e+01
9.015531240848753569e+00
3.409630358423303836e-02
3.693307484500981536e-02
3.941938124831112500e-02
5.137436782642542527e-02
4.373841646935489177e-04
3.109242348912553133e-01
1.486487639198134057e-02
1.954965997474578110e-01
1.389101573379564192e-01
2.385219651038797059e-02
3.857006849321518160e+01
9.653271017212322391e+00
2.868563729665798978e-02
3.065300792823707696e-02
3.908035631015422534e-02
8.690974999665815326e-02
1.097630892993064957e-03
3.571501255181651069e-01
1.226900912634706908e-02
2.080436767662801889e-01
1.397791394644248841e-01
7.939458749263010595e-02
4.718752618468505489e+01
9.749680011954566794e+00
3.397647511911397467e-02
2.188372356025320570e-02
4.620295160046658522e-02
3.185508346982890426e-02
1.905083370955601646e-04
2.814463466540986225e-01
1.284104345272860451e-02
1.966181148019103819e-01
1.481158709719302691e-01
1.009774541606094783e-01
4.841758840302818356e+01
7.763551243603148855e+00
2.801991349865773015e-02
4.190730958426969188e-02
3.312245491531894126e-02
6.612237872342081879e-02
1.161008882978342421e-05
3.284271697854199146e-01
1.395040698242765338e-02
2.104463034907061436e-01
1.709854852650196932e-01
1.597709459378510444e-01
3.509462637363785120e+01
9.867673533088476390e+00
3.199130052871783370e-02
6.304677335270833516e-02
3.986943680910372267e-02
5.368659702265675404e-02
1.549149749355176262e-04
2.900932223840231861e-01
1.433891180479530437e-02
2.341230148805899802e-01
1.673788098422116510e-01
9.744849289483395460e-02
4.463856023677945473e+01
9.560656423125143633e+00
3.599066793412439291e-02
3.294927919615323747e-02
4.198843614804055602e-02
5.794531398413328704e-02
2.880955128530623033e-04
3.407596132141948453e-01
1.575234225935701060e-02
2.461280737083892389e-01
1.507063004004078610e-01
4.069826927406398204e-02
5.259961460216563722e+01
1.022892217019955297e+01
3.325873776798855125e-02
2.723041398460207888e-02
4.062136631663185171e-02
2.980907180217170355e-02
2.600214977040049124e-03
2.605390022022707197e-01
1.208305325497610778e-02
2.755569371006340584e-01
1.109808537243126558e-01
5.451332549998991889e-02
4.190003020057229577e+01
1.016008750278233563e+01
4.662033431358531682e-02
7.164230434142057624e-02
3.712154783179756612e-02
4.164872796384565257e-02
7.873201387529265649e-05
2.567669675361201609e-01
1.704798488623303701e-02
2.120811683470690823e-01
1.155315632831734468e-01
2.606607256300408904e-01
6.045970323371298605e+01
9.327239301125063164e+00
2.997975774373556890e-02
5.632261141975743179e-02
4.433559551434345519e-02
9.448341408778095085e-02
2.118522272674203816e-03
3.115706818390417410e-01
1.117753640969703852e-02
2.214358501858501582e-01
1.975872066540095839e-01
1.389125675889549272e-01
6.862551510382387221e+01
9.642998087384302863e+00
3.102507153311412705e-02
4.863154144267777673e-02
4.678952164676723063e-02
9.059681719709485048e-02
9.639437965881015355e-05
2.881073301673487963e-01
1.621295516757685976e-02
1.830413731583186154e-01
1.128059582427081986e-01
2.254794969156566631e-01
4.720548143864812829e+01
9.991898417289544199e+00
3.227059723308674938e-02
3.114150443337294558e-02
4.423157328853233317e-02
1.644768820323444861e-02
7.559633555876305337e-04
2.740458916202396233e-01
1.063344158893166254e-02
2.504342533647763158e-01
1.798290052905013037e-01
1.783508282582866311e-01
4.316172986988046034e+01
1.187004005693165887e+01
3.013572806330318612e-02
3.983926787732976899e-02
4.450066807133518793e-02
5.696148352287221800e-02
4.570673233259560896e-03
2.855356423178814773e-01
9.987251675955516328e-03
1.620390796328093352e-01
1.615612663556825757e-01
3.233710578206508424e-01
4.854487025908222364e+01
7.011331619494921341e+00
3.263113937693037925e-02
6.985539719305386419e-02
4.951359053276158106e-02
3.711224571562710822e-02
1.603564630190341782e-03
2.703795085557184619e-01
9.662437332709567644e-03
2.141409377378221401e-01
1.707393928852686538e-01
5.442308626725445020e-02
5.743085316813312602e+01
9.897612421273503713e+00
3.193928009094783305e-02
7.460058793384395648e-02
3.785453409253157486e-02
4.221600811390607833e-02
2.700357869102040353e-03
2.626451344746036365e-01
7.773994392542967098e-03
1.668826915775999953e-01
1.588732191225379342e-01
1.027324332727646838e-01
4.781740752527838367e+01
1.230072485574441465e+01
3.366347342066722953e-02
4.071026181214371792e-02
4.809458602543341399e-02
5.569032828363917192e-02
1.450844397550701305e-03
3.599683890693450294e-01
1.144119386148035981e-02
2.364613202185543717e-01
1.839378171813422780e-01
3.089828967111309388e-01
4.150415833898174611e+01
1.038589201673528883e+01
2.994181250419750487e-02
6.544461308812661582e-02
4.203095975519896554e-02
6.394978185855319797e-02
3.296299757391648461e-03
2.768092777310054431e-01
1.100377725368613564e-02
2.591012785590099399e-01
1.594000526639245963e-01
9.313621830321524575e-01
4.911098236984163634e+01
1.374744399269779649e+01
3.699758132438813601e-02
4.759666584261800643e-02
4.138471748723833443e-02
7.780747995787432036e-02
2.901241532788997532e-03
3.524353914502423302e-01
1.120870795345796367e-02
2.093845029603514374e-01
1.677549360001877321e-01
9.583361141695644070e-02
6.225351517789179212e+01
1.142749304408287259e+01
2.771048268454164021e-02
3.692888114306188546e-02
4.508372766821966415e-02
3.782963832995043379e-02
4.333970910664427037e-03
2.903588688362144787e-01
1.214510919445099466e-02
1.764541089309629718e-01
1.652355876668125390e-01
1.232754878242916102e-01
6.134021448396474341e+01
1.093529246198095173e+01
2.700733085695034008e-02
8.190991423289339934e-02
5.465711439035805114e-02
6.084460710229009500e-02
3.027595381141659579e-03
2.982506298458381666e-01
8.402487436942078156e-03
2.246743808750642502e-01
1.464442706383382586e-01
9.535963070069918349e-03
5.222161926087702710e+01
1.204720286885067004e+01
2.259829604583811491e-02
7.532097539826762556e-02
4.064734522449477139e-02
1.050441193554515068e-01
1.094575212944481901e-03
3.532503956596581007e-01
9.985652095450327573e-03
2.526056479522809095e-01
1.774743061678980549e-01
6.924802878836704145e-02
5.208599277692691487e+01
1.029310821791884223e+01
2.506659425586917414e-02
8.798088418758098772e-02
3.769839524744587889e-02
1.338847123233093683e-01
5.868629453746934330e-03
2.340975646054404835e-01
1.100644763019841856e-02
2.051779251772632151e-01
1.775294440456295086e-01
4.684692183633726303e-01
4.351918370387348745e+01
9.237977645911763958e+00
3.706343551543524878e-02
8.369088934523503942e-02
4.651938995122934656e-02
8.925324080723617826e-02
1.349192536149103339e-03
3.217090854959450685e-01
8.066455072024362322e-03
1.968667156616505931e-01
1.367561304286523671e-01
2.074119309453176518e-01
5.114562032035369299e+01
7.856022313247486899e+00
3.092749691445468088e-02
4.736109668476359835e-02
4.558805434211175844e-02
6.982068683258188524e-02
2.189448780996736176e-04
2.970423711960366031e-01
9.999493161121458112e-03
1.644286681896150459e-01
1.811556305865726912e-01
8.251293260817071928e-01
5.021466355769934609e+01
1.181108430256059449e+01
3.630807402165964898e-02
8.808569049263387241e-02
5.395979948570205770e-02
8.916831222869481266e-02
5.417051118351946283e-03
2.098419819986454271e-01
9.710534396551975117e-03
2.429606769992801174e-01
1.593515257783957584e-01
4.186841208261805058e-01
5.517782338456269287e+01
9.918863827806763567e+00
3.272015250399178815e-02
6.353324764269183134e-02
4.705178614023979022e-02
8.430494060896179254e-02
4.314912645372442727e-03
3.396712746527804083e-01
1.053429298803516129e-02
1.932156198979041728e-01
1.538558453138658133e-01
2.010979169289658364e-01
4.333315161665848336e+01
1.083836100062068653e+01
3.626992769943023637e-02
4.823951769797250183e-02
3.905328064308423441e-02
9.328121391006796714e-02
3.109549187457350504e-03
2.453417690699978559e-01
8.778654935573936349e-03
2.100923927767803234e-01
1.822113457334475772e-01
1.286958441257975150e-01
4.718469736903944067e+01
1.156991847287164354e+01
3.586531078323682009e-02
4.783553736307907811e-02
4.766456753922407308e-02
4.899253704368509987e-02
2.812961771240694245e-03
1.896912143986999311e-01
1.118247782994556509e-02
2.159197511194770880e-01
1.696912212378580420e-01
8.823915778596110870e-01
5.744028062318962213e+01
1.096440991166148926e+01
3.840096844762780348e-02
6.090221659613382493e-02
4.037095068957673172e-02
1.151704318675222938e-01
2.001484517146465397e-03
2.612532698511578766e-01
1.091718645674155316e-02
1.730506848106351525e-01
1.645410904550520803e-01
7.754342110409848665e-01
6.520360971897167701e+01
1.158190432962279637e+01
4.457741822951837712e-02
6.192681271099486490e-02
5.239355881614356225e-02
5.761952495493833509e-02
2.292469074277131424e-03
2.745344110711769314e-01
1.305455955030338823e-02
1.657193749906331059e-01
1.684545632447514429e-01
4.665180249699868997e-01
6.202406428997090160e+01
1.150143799041549109e+01
4.957048144825344782e-02
2.746296074399901671e-02
5.120482556038439409e-02
9.518589859461434877e-02
3.098742713911527800e-03
2.805024145172179129e-01
1.116159701144588470e-02
2.826058599366738644e-01
1.422482255474355750e-01
5.073273799621756952e-01
4.920197470044764287e+01
9.490920648843234275e+00
3.297111515165947193e-02
1.094973390867190477e-01
3.676473691326607313e-02
1.241095287834243360e-01
7.586469982526430206e-03
3.108277667171706060e-01
1.470675779965133038e-02
2.156126094390300452e-01
1.939578213575764432e-01
7.483904410145852948e-02
3.929819728957892266e+01
9.677842515792180578e+00
4.162767168788442107e-02
7.461490699095185697e-02
5.948419626410548361e-02
8.946288702482282917e-02
4.509242651451845704e-03
3.574382033029528394e-01
1.242171791455213767e-02
2.227610885778390504e-01
1.974101669048151653e-01
2.533266379773294608e-01
5.780543402199796787e+01
1.144429017672102944e+01
3.190488136869232966e-02
9.529785818076065562e-02
4.764343698496838198e-02
1.220674654837748258e-01
4.796194222535504065e-03
2.808522533093929519e-01
1.172811713976551484e-02
2.033536472821934893e-01
1.887674848184869580e-01
2.838068555320626407e-01
5.809434140609526764e+01
1.146257299897373372e+01
3.831722837302215662e-02
6.542461821089318175e-02
4.689152119805078955e-02
9.474798501314499188e-02
8.023967294848046924e-03
3.293944516009290058e-01
1.170259499295419649e-02
2.370262093771789425e-01
2.215400663489580368e-01
2.436252576315795226e-01
5.985601665888960099e+01
1.099193499834782095e+01
4.974316527342451805e-02
1.117320336842787115e-01
4.674201741018479267e-02
1.347424231083448609e-01
8.046684236415762095e-03
2.900024894359128358e-01
1.737326312438044335e-02
2.712472470078293729e-01
1.760392160821783458e-01
4.309064157873468970e-01
6.551092461270681611e+01
1.234911115646905522e+01
2.876134205300339905e-02
9.409091023353906291e-02
3.846092136618736723e-02
1.655208391454390804e-01
7.320988485979725707e-03
3.400189531202145732e-01
1.226530639607592392e-02
2.559954615662156097e-01
2.044297879510585114e-01
1.057730568744018385e+00
6.648510867508255728e+01
1.041033843183730490e+01
4.526960708229155195e-02
8.478130394775920675e-02
5.639369353460457757e-02
1.940632996839510016e-02
5.978988140849866677e-03
2.599826564550682950e-01
1.701905682705040848e-02
2.489696594284105113e-01
1.627703725270324975e-01
5.811827423136747273e-01
5.081909991526274695e+01
9.528001637806283952e+00
3.176964598086708114e-02
9.234126347247133271e-02
6.575525448599225942e-02
5.505840874681785374e-02
1.151666289719271551e-03
2.567551409057802769e-01
1.088799446964283830e-02
2.008925288101862383e-01
2.081779981231511034e-01
4.570498118102878093e-01
6.120824214775386451e+01
1.177950975438785974e+01
3.959186517313673798e-02
7.102329208113267178e-02
6.551541065485326498e-02
1.119594729113318338e-01
8.822998153034212337e-03
3.103432157897927368e-01
1.727329118367650768e-02
2.215563071261195394e-01
2.223087954780251785e-01
1.005708993697916886e+00
6.741490812269616129e+01
1.151154703948731672e+01
3.048522429442940274e-02
9.646763919663738085e-02
4.759068171969313421e-02
1.804198547931394059e-01
8.257805622827551692e-03
2.882673196884384947e-01
1.365414369981114186e-02
1.862735735113038582e-01
1.378642850914739981e-01
1.784900440760087970e-01
5.859968814592634345e+01
9.026929514536123023e+00
2.547747568058976800e-02
5.848872678937890035e-02
4.079075896046135963e-02
1.132776481178463107e-01
6.697786756164034010e-03
2.752324541451819928e-01
5.795257167153147065e-03
2.425952161444347444e-01
1.542940398763838761e-01
6.015737838945511839e-01
4.159265741145748763e+01
7.702658634543722904e+00
3.587818254448625621e-02
5.251857237087954183e-02
4.622806938455969322e-02
1.157367640809580517e-01
3.066757075396204287e-03
2.855983360378825942e-01
5.590042400004926679e-03
1.592665151820695513e-01
1.399379030207173469e-01
4.492054784554731089e-02
4.357148593609321807e+01
1.057058179605219728e+01
3.976548614868753717e-02
6.185876019786114982e-02
4.178269041490229735e-02
7.247542195253983688e-02
5.563649724745239021e-03
2.676931960611380057e-01
8.201423803878856930e-03
2.071239905571548301e-01
1.333757491036365594e-01
2.571112386250517523e-01
5.037798672837918446e+01
1.120448480511065981e+01
4.086083077989877133e-02
6.933192372288821126e-02
4.183954148030027270e-02
6.275995289745099626e-02
3.683551347454043588e-03
2.608907824219902638e-01
8.390847460707603900e-03
1.725690306394800921e-01
1.672488416012524459e-01
7.283438288519319959e-02
4.798091252020314101e+01
9.742634675223147411e+00
4.310870983986794108e-02
5.085316079923152266e-02
4.826723163020280039e-02
8.299339178369034842e-02
2.040286043036172812e-03
3.608628451084661681e-01
7.098676532571740992e-03
2.179389401532692561e-01
1.784634298910570127e-01
4.780200910269312709e-01
5.402515835837346714e+01
1.193201015237151985e+01
2.324971172881197881e-02
7.988536550849241469e-02
4.617366492780172749e-02
6.571453203689192613e-02
3.261177186575680339e-03
2.772909010662852336e-01
7.765529647189644939e-03
2.352575091032408083e-01
1.607144790409375246e-01
1.996625548951880547e-01
5.091938840117759923e+01
1.273299115967810557e+01
2.736590123333732319e-02
9.151186297962135563e-02
4.216210648697820557e-02
1.336933420800600902e-01
4.408124208979535309e-03
3.523771098976190563e-01
7.341004525023417902e-03
1.995558710150097115e-01
1.544046988170633405e-01
2.960294133447505804e-01
5.138337239941878920e+01
8.919414097879650782e+00
3.524657478828382984e-02
4.921260950924800925e-02
5.268608800819737925e-02
6.853825725168340155e-02
3.631420328954634152e-03
2.876002206598283206e-01
7.251376362738573035e-03
1.885671381861878937e-01
1.620498411075928236e-01
2.141353186435808742e-01
4.736443911606899348e+01
9.680464092409247101e+00
3.257014427525876249e-02
5.509947334658188423e-02
5.149503490709706616e-02
5.816405852473030547e-02
8.957989175320855242e-04
2.970786733707428406e-01
6.784161127093262487e-03
2.095993937402565177e-01
1.638203153348439245e-01
3.255988925381613774e-01
4.963969794330853347e+01
9.519781939017041950e+00
4.201978835663337103e-02
7.899988845251246228e-02
4.018208448533752697e-02
2.332239448022430800e-02
5.269563005360097460e-03
3.521900413056708312e-01
1.098530533308638736e-02
2.750746455751716946e-01
1.049381265064715935e-01
3.026519701161636475e-02
4.856834749208582735e+01
1.044705705771913706e+01
3.269092740133151820e-02
7.257130591477999049e-02
4.040942397890179977e-02
8.716346325450134713e-02
1.446197603930176462e-03
2.323117645221402794e-01
8.279174434384924119e-03
2.219387107846108320e-01
1.545378264845524707e-01
2.258896285104711743e-01
4.694534145088238120e+01
9.896930293798618550e+00
4.259756306250518654e-02
5.492572332374273669e-02
3.856265501183013533e-02
7.116597462831081300e-02
2.349825646440329915e-03
3.218839171977393443e-01
8.376294046462317774e-03
1.968299642565853325e-01
1.687096008927239932e-01
2.353729006785863220e-01
4.353501459399951301e+01
1.065643606405692800e+01
4.377914426928041641e-02
6.427296294056265846e-02
4.926520450274485957e-02
7.797906570526572101e-02
6.477430975237188915e-03
2.979295515844397890e-01
9.006587257446822467e-03
1.809688199964931687e-01
1.621326359236293368e-01
3.464340603353908699e-01
5.061856231906265435e+01
1.118966345102955984e+01
3.033044850041506299e-02
7.154466139658928470e-02
4.352885774527576884e-02
8.004779158857003307e-02
6.732614397490709231e-03
2.096897744413469267e-01
8.281029127014841867e-03
2.465527579644362643e-01
1.139929364508472931e-01
8.225130325667578957e-01
5.307862435307443150e+01
1.039530093058766624e+01
2.675786637373161678e-02
9.999585134574721923e-02
5.628159558514115451e-02
8.466444328991394597e-02
3.187648924319814656e-03
3.409153024699004830e-01
7.927209881939137337e-03
1.795683156443519113e-01
1.680916523767009840e-01
6.355894648953799297e-01
4.580341394633022389e+01
9.702348626631316364e+00
4.766667280204178042e-02
7.091400191870837755e-02
4.985752799067399987e-02
1.243003036598025884e-01
6.720673144013378404e-03
2.434306839761465058e-01
8.237549795301899250e-03
2.521556010171144280e-01
1.883098302694287129e-01
7.782504591349564960e-01
5.359022834478571440e+01
8.734965831369345679e+00
4.031175115266866921e-02
5.713607922782207305e-02
4.342017952960364191e-02
1.382433485852895549e-01
5.640574841880263181e-03
1.911540504213382619e-01
1.065563276613774174e-02
2.151714366792194244e-01
1.975369263244464990e-01
2.593606442160940606e-01
4.852058388816825385e+01
1.159859915010256159e+01
3.765648578324649887e-02
5.048883687540525744e-02
4.163940071344100768e-02
2.018978537938246332e-01
6.789555387037351890e-03
2.624596062342782199e-01
1.156892924898227093e-02
1.578310557397392400e-01
1.593082810126513205e-01
3.605207047584892410e-01
5.635305670335326766e+01
1.338501933620611339e+01
5.255243478146386787e-02
7.599380169361999449e-02
5.424299710880760989e-02
1.865578008104350483e-01
4.745876093921515965e-03
2.729912158893397778e-01
9.778696317011666833e-03
1.738020734487946972e-01
1.580810557557705553e-01
6.597165997184604169e-01
5.950080361390758554e+01
1.224520862017542022e+01
3.340384855190540320e-02
7.906392413972117283e-02
6.235566966727808941e-02
4.429798541753827978e-02
6.665169800535634612e-03
2.832345812354197800e-01
1.043352782292418512e-02
2.797869281902019001e-01
1.849643885752444983e-01
2.993528053255476440e-01
4.742419328003231982e+01
1.167915798920670767e+01
3.798913911786292591e-02
8.470980020133754562e-02
3.691147567907489963e-02
9.009847210247744209e-02
6.464463878208689084e-03
3.096888913639876950e-01
1.070796771510987115e-02
1.986835983513610404e-01
1.576751036459832778e-01
5.725859552675114372e-01
5.976802084582286767e+01
9.509184000979344020e+00
4.037548874864670817e-02
8.958465903114778972e-02
5.853238494967202138e-02
9.111602530827740687e-02
8.667319016456988268e-03
3.553046735772106834e-01
1.079579094810305742e-02
2.059455502524468740e-01
1.487601089188187731e-01
1.132071491290845278e-01
6.044525064308772500e+01
1.023493102870934024e+01
4.809499081505648477e-02
1.071082382640095587e-01
5.940600103680575977e-02
1.579892008354576993e-01
1.004812840165725425e-02
2.816101236516951878e-01
1.021448710976468645e-02
2.112458535308830154e-01
1.505278358033176334e-01
2.120692950306015886e-02
5.622113456160897016e+01
9.987815838927822654e+00
5.021713736091600738e-02
7.221033971007295715e-02
6.291393724251374830e-02
1.505900756799605222e-01
9.568445769933372341e-03
3.283951002637739425e-01
9.183917849964719909e-03
2.536044702966808728e-01
1.479066602513533502e-01
1.002143428535081426e+00
5.487078711004524934e+01
1.034452890167486139e+01
4.432345110476831190e-02
5.112977305541991507e-02
5.640956604276075453e-02
1.828309532800236059e-01
5.684681646378131163e-03
2.865681980772762372e-01
1.292797687865292547e-02
2.663091311933409311e-01
1.829690023155238765e-01
5.632430203649126943e-01
5.778178132186616267e+01
1.154075648066626769e+01
4.480869323362696166e-02
9.161807857594907178e-02
6.141428293486758672e-02
1.623959520745163476e-01
7.351447946564636238e-03
3.395383308728581739e-01
9.105083136022294049e-03
2.623236097329667560e-01
1.813679127106149480e-01
1.105583066114053992e+00
6.014997478881335269e+01
1.332668324361153367e+01
3.835564695266650143e-02
8.369811622684364405e-02
6.212405622473530370e-02
1.978661214537333068e-01
7.436568531573164997e-03
2.588124088748249840e-01
1.402530504803138969e-02
2.834030527327874305e-01
1.673129380436767510e-01
4.788805459028684375e-01
5.651240046074074286e+01
1.131371729473404741e+01
3.730050199968736740e-02
1.241307093817708290e-01
6.753524482772449433e-02
2.356390125081177511e-01
8.704883386498369832e-03
2.554122621783810887e-01
1.556994075725603825e-02
1.996465464545333079e-01
1.578026266997093474e-01
4.771983157083564686e-01
6.775873971974945675e+01
1.277380037529736079e+01
4.040750452356239864e-02
1.023460315519622438e-01
5.935436959913786142e-02
1.464667619885515470e-01
6.802280179270330310e-03
3.119869652826721129e-01
1.095869546997392877e-02
2.310245561436789219e-01
2.017178897710703023e-01
1.466752600658996375e+00
7.626118381258656598e+01
1.252438761653277766e+01
5.929982496347874915e-02
6.286246684784817240e-02
7.186057180503048480e-02
1.718671672780071602e-01
1.028463797392216092e-02
2.882668393642809357e-01
1.530232660369403898e-02
1.734233246505955395e-01
1.367508683832154015e-01
7.686696398922138185e-01
4.089048120382752671e+01
1.041198887573242082e+01
4.227451520972332760e-02
5.201257773814850494e-02
3.663128611103164123e-02
1.386455993272670550e-01
3.264929541620373733e-03
2.704909132935878757e-01
7.101570916203502580e-03
2.545428701289829121e-01
1.171062649093556618e-01
4.227306982378929434e-01
4.630280981527239703e+01
9.666817122906014248e+00
3.422613774931870800e-02
6.693929930283373797e-02
4.744152409183860497e-02
1.395191216058730144e-01
5.519297723145142991e-03
3.090951258139790214e-01
6.550368235561947541e-03
1.492194070181049326e-01
1.718362097549112066e-01
1.782599290272411652e-01
5.099080529668916739e+01
8.967880227541181526e+00
3.187494924992568396e-02
6.203382152724346704e-02
4.626708082278462031e-02
5.554051450344606178e-02
3.355855081931010189e-03
2.948973746618192004e-01
7.575119167472355378e-03
1.950023197534582753e-01
1.112248598984584697e-01
4.617465241250983676e-01
4.425002444738628071e+01
8.427502330134212016e+00
3.386199683078307959e-02
7.379529980875874917e-02
3.532057680056374660e-02
1.060025715497130844e-01
5.103699463236755114e-03
2.594055884124237821e-01
7.914375706317765963e-03
1.712660113211630364e-01
1.107233405353119648e-01
4.760202890575458423e-01
4.829820715343949900e+01
9.439665581478578815e+00
3.408005157517444289e-02
6.860119857804969357e-02
3.931585057706735165e-02
1.231642148753062382e-01
1.465685896672619610e-03
3.575607645737405305e-01
7.460958335489952832e-03
2.119811180028968178e-01
1.390319219259611438e-01
1.284701262543152422e+00
3.858005453717485977e+01
7.948330458707637547e+00
3.382668699591602490e-02
3.916862392766252976e-02
4.061750425192000441e-02
1.192978142164128202e-01
5.281108353918477494e-03
2.770376266867321524e-01
9.555191788616567219e-03
2.438398472444957832e-01
1.676620571886256739e-01
1.002509657305435120e-01
4.157941599982400760e+01
9.706672052909389947e+00
3.327028904417220906e-02
7.924839476955282402e-02
4.968116307797198344e-02
7.468265348764366318e-02
3.814208599656625492e-03
3.648172565499170905e-01
6.466602976439042583e-03
1.943017833574093300e-01
1.453724002753482569e-01
5.852767072930162850e-01
5.695638023650055004e+01
1.037293522636922738e+01
4.194465470921887595e-02
8.633617430766570011e-02
5.030073939645204190e-02
1.374680194509614040e-01
1.139724361088498023e-03
2.993164203597086792e-01
7.341819936407220290e-03
1.904830513703671679e-01
1.497355770336535885e-01
8.417837379539798714e-01
4.863349587654143136e+01
9.764860875443929444e+00
3.497796316704818859e-02
9.460192981418086289e-02
4.909235914821998698e-02
9.693419830644291191e-02
6.908447014454266628e-03
2.906411476081795509e-01
9.790869260343353433e-03
2.040119761110204266e-01
1.683705465216434882e-01
6.422223223467821152e-01
4.796090265124654906e+01
8.754056183641765188e+00
3.548403549547075875e-02
7.520422568137961894e-02
4.584258804336086707e-02
1.055796446356704471e-01
8.201920020772697495e-03
3.478554995463489230e-01
9.672537510038841171e-03
2.650646482197713261e-01
1.037987636642839911e-01
6.573605820248108467e-01
4.759919749327603000e+01
8.759075626485557819e+00
3.985380007660946355e-02
8.080406795021918831e-02
5.161368465872202826e-02
1.465297651554386127e-01
2.886629910279608566e-03
2.475296410845983786e-01
9.727351380598275518e-03
2.264624004472627350e-01
1.487480116204509539e-01
1.222617504560701285e-01
4.931582925485508184e+01
1.061842509134134183e+01
4.445525865401616511e-02
7.874603051102894991e-02
5.147248201368025827e-02
1.151347249575353782e-01
9.623587365385644771e-03
3.270704617397975911e-01
8.730170225584555146e-03
2.046413805786156948e-01
1.574065103003582933e-01
1.974872474815395074e-01
4.966440387467812911e+01
8.676564760271153531e+00
4.991167626109299649e-02
4.947106603308168427e-02
4.948829510954733807e-02
9.213978271622923211e-02
3.841982712514739346e-03
3.049524078732733234e-01
1.020648663120128120e-02
1.854871730597675850e-01
1.741557755444425593e-01
3.127521219941143960e-01
4.971109334044504635e+01
1.084955101328297289e+01
4.413865922000179132e-02
2.529032688704524814e-02
6.261555461002811518e-02
1.962086622539905290e-01
6.019248612267386576e-03
2.317132328529507845e-01
8.882409200709142846e-03
2.260738157456800568e-01
1.101587091328027068e-01
3.699393289944168939e-01
4.567102483318184625e+01
1.152824811194174082e+01
3.489235982288023397e-02
1.131260456854212837e-01
3.964293286615786643e-02
1.404930522986444219e-01
3.089476544454489593e-03
3.692055277806267077e-01
1.034140841963621105e-02
1.856328036505685286e-01
1.538757560426938231e-01
1.624148661594133181e+00
4.813046677541334617e+01
1.070584803201553825e+01
5.363384792574199533e-02
1.098767171053244285e-01
4.052587060885350090e-02
1.756325031243202717e-01
7.403069683924903659e-03
2.419017953090784601e-01
8.200498341759905607e-03
2.401022715992980339e-01
1.847520540136546596e-01
3.431543822122046783e-01
5.355735846781646359e+01
9.874175331947663281e+00
2.937469414788241098e-02
9.971446916892898193e-02
3.760716853340217297e-02
1.689665220568907777e-01
1.200899468404205937e-02
1.963047537584026725e-01
1.049484942642403551e-02
2.161727778939875610e-01
1.461652409579319023e-01
1.208552298756142562e+00
6.112018207982227125e+01
1.082915251539882640e+01
3.553514251997129392e-02
9.421585144001122514e-02
4.497048775451598090e-02
1.809273805581762540e-01
8.588465448832049640e-03
2.717287184905697317e-01
9.763255210912461304e-03
1.861656016588468243e-01
1.718248801808650861e-01
9.708806453494276401e-01
4.360141283810977342e+01
1.074259536450344044e+01
3.965444331912949122e-02
1.091776885185341273e-01
4.677944856522568695e-02
2.434969968015388564e-01
1.339871830173764225e-02
2.829680046669824089e-01
1.061889683452846116e-02
1.714253274247285741e-01
2.149420380522746588e-01
8.502864483698562292e-01
5.378074154324404077e+01
8.714458260278822976e+00
3.669500083479097091e-02
3.955506822014602519e-02
5.322965249983504371e-02
1.907982378913125610e-01
8.616270099963081741e-03
2.972148355081091209e-01
9.144273185405235940e-03
2.676109055040300500e-01
1.858573236615281010e-01
1.044378360103547676e+00
6.471763250847111237e+01
9.752771432999841394e+00
3.416750293158171692e-02
7.354222271760521568e-02
7.455695796671700515e-02
1.461685327514276322e-01
1.621593467635566027e-02
2.930573535457237089e-01
1.163157688656177996e-02
2.458398425117281905e-01
1.618506872366096139e-01
8.890609429655602636e-01
5.929215360173110128e+01
9.817395336906873382e+00
4.844386862740470562e-02
8.401992329071115984e-02
4.709807214126515706e-02
2.216261058227770586e-01
8.366447047188049421e-03
3.957393343299821509e-01
1.362581460586148770e-02
2.706515997027170717e-01
2.036391369530453910e-01
1.357093553737310998e+00
7.131358068906310166e+01
9.167998988256011117e+00
4.919189835353642015e-02
1.183710252187489820e-01
5.031755356437805915e-02
1.649265045937091390e-01
1.734592441617091585e-02
3.149906296703146036e-01
1.484619192072921152e-02
1.937709355805600220e-01
1.916207265665976212e-01
1.325546619246853020e+00
4.517412961054601794e+01
1.202904513148209809e+01
6.198478358213926204e-02
1.311188135753431905e-01
5.031658413092034848e-02
1.891492990615225855e-01
1.834409805391630163e-02
3.877353936498603715e-01
1.062682376303614867e-02
2.398912807317058749e-01
2.229104471907652762e-01
1.074906096913356590e+00
6.194667737427739240e+01
1.158838037100670348e+01
5.772256332341337004e-02
1.214478049315436681e-01
5.902581547590669830e-02
8.161212728919384207e-02
1.372163098065444682e-02
3.005908091507236146e-01
1.463232774730006090e-02
2.325111726942969415e-01
2.256302817373031233e-01
1.600205992619167850e+00
6.157367022919230237e+01
1.203330606790606438e+01
5.518411580844344994e-02
9.941633493945598032e-02
6.074071399184467063e-02
2.590645432619138044e-01
1.327571297584845267e-02
3.521503192123389692e-01
1.175241923852746520e-02
2.354437913075795030e-01
1.782652079844656845e-01
2.225091214008874108e+00
7.799356388941853879e+01
1.200614442595214904e+01
5.830754188851687558e-02
1.419938420128883938e-01
6.821259407021906807e-02
1.960448570470386120e-01
1.506781156652069187e-02
2.939888107162913489e-01
1.815837254167054077e-02
2.394104534835258535e-01
2.190916198731703846e-01
1.492228411120550380e+00
7.420023601563420357e+01
1.139578645843288385e+01
3.972786457644212482e-02
1.777221016710682500e-01
8.738035732568802394e-02
1.997054148153067366e-01
1.592264087819878632e-02
3.007333136663863371e-01
1.695982685942876850e-02
2.542374939077770568e-01
1.734452688885042837e-01
1.270179457242825771e+00
8.797903635202607120e+01
1.163235071266690213e+01
3.372121956436652940e-02
1.531805529707059577e-01
8.194561673406428048e-02
2.029692535362748462e-01
2.516804056987549318e-02
3.386401909085779982e-01
1.429615020873028185e-02
2.736481761015703840e-01
1.913302060202725641e-01
2.327697644791613563e+00
8.407286301385991578e+01
1.169097848554949692e+01
5.227100270253353526e-02
1.182373994285755570e-01
6.811402102654039170e-02
2.997901556550461311e-01
2.824911086039393754e-02
3.130662797862421853e-01
1.889055671673645770e-02
2.207004864136511979e-01
1.526726361619156203e-01
5.295234565041915253e-01
5.975731124089485746e+01
1.048103881828162365e+01
3.284509835562176433e-02
1.167052766310209821e-01
3.633685358112644093e-02
1.607420185881212882e-01
8.342777644643596321e-03
1.611294685497892587e+01
1.039332123681322058e-02
1.938759457602798886e-01
1.977597814219738681e-01
8.437950396852328394e-01
5.550931763794120855e+01
1.028547372089300360e+01
2.832392241476629560e-02
1.076143430101393211e-01
6.404440817542132736e-02
1.741044689094159714e-01
9.033408661141181448e-03
1.879508396174890095e+01
1.291492688225850775e-02
1.809798062750951064e-01
1.663914057988887807e-01
6.901242240117496651e-01
5.556331364779906323e+01
1.187665031683096473e+01
4.762989023916461284e-02
8.311304100002538109e-02
4.693907733379373143e-02
1.596692089707240636e-01
1.400929214523137512e-02
2.035232158565158045e+01
1.212888211349510796e-02
2.267375315722712781e-01
1.461431530087471953e-01
5.729050888844169354e-01
5.802925334450807782e+01
1.006980890005224438e+01
5.219234648680343147e-02
1.203803441536794860e-01
4.736319012520293775e-02
9.410374667884906230e-02
1.170850993711423059e-02
1.850704563291138172e+01
1.115057702924067418e-02
1.970828344421036993e-01
1.235322916095734080e-01
5.976565386439847138e-01
4.721385495771533414e+01
1.106821056407425630e+01
4.432042587196229760e-02
6.521188445628184338e-02
4.403873580517910641e-02
1.710683254341586190e-01
1.271429765933288457e-02
1.569654172262520397e+01
1.109109278194727113e-02
2.284696876691420520e-01
1.713650522256170983e-01
5.990260039513908286e-01
5.596146479108407590e+01
1.020461362307445086e+01
4.800384296065413059e-02
1.016959672132421305e-01
2.711811471803609111e-02
2.401617519348067942e-01
2.193281667474059407e-02
1.923067087015116527e+01
1.387870710641648554e-02
2.729963027844365953e-01
1.321390027171445714e-01
9.296263583430119937e-01
6.205268723949914289e+01
8.820314672081495999e+00
4.693052379230576443e-02
1.003286095715834603e-01
5.608576276226816260e-02
2.164441727072029253e-01
1.158604992491482980e-02
1.912524806444837466e+01
1.336073396261656596e-02
2.454322350332586444e-01
1.680353917944438225e-01
9.463292838793982975e-01
6.375757088200204947e+01
1.031750856673990135e+01
4.728463685971059927e-02
2.561049906361477849e-02
5.746370305469884754e-02
1.329758039253040591e-01
1.335492591554407471e-02
1.074275733620404694e+01
1.255739165396707255e-02
2.112484348373173393e-01
1.526217599002525904e-01
2.032391170227648036e+00
5.254639159003401971e+01
9.417804768186815778e+00
5.101997195435652860e-02
1.523914794429883368e-01
5.864893574849342622e-02
1.745019856841171502e-01
2.437721833606143126e-02
1.673595033309733537e+01
1.592216636417072284e-02
2.301577262428174120e-01
1.754183047529886130e-01
9.128149266938627715e-01
4.911733393191447306e+01
1.203661258901641951e+01
4.291692428172685231e-02
1.354546154082971188e-01
6.478471347953733417e-02
2.254462631891395730e-01
1.720093817088861471e-02
1.542030261003897529e+01
1.518284666060814268e-02
2.571245454055227642e-01
1.948989098738786174e-01
1.032840774855971588e+00
5.827466412781161864e+01
1.053172068102587744e+01
5.174327481294386383e-02
1.234466741452947547e-01
5.600794869294479367e-02
1.514848154364313304e-01
2.092309114154299043e-02
1.941116843470831554e+01
1.733827228916121413e-02
2.146143158348065572e-01
2.013352770868934993e-01
6.201041227951159529e-01
5.876386858079057163e+01
8.968243970266881249e+00
5.003352383021905658e-02
1.059023930529686408e-01
6.049893555182205701e-02
1.705580504008126219e-01
2.174020977891840886e-02
1.995137018326792244e+01
1.396454735795127182e-02
2.383402334662160504e-01
1.717896035753848083e-01
1.425829874005312137e+00
6.202885911474083258e+01
9.539889375995203480e+00
5.920658595929221418e-02
9.785491938362023134e-02
6.158093617958174115e-02
1.878923222260015791e-01
1.852145787365140281e-02
1.702964180473389533e+01
1.507459343710552957e-02
2.408484874576987400e-01
1.279750636006016518e-01
1.314048961278801109e+00
7.441387786486109235e+01
9.521426806817149924e+00
5.453219701110973566e-02
3.594011363379206320e-02
4.149787217075891904e-02
3.255988338917075176e-01
1.709385022124613671e-02
2.395858952234005557e+01
1.733373364957560905e-02
2.577942723124236335e-01
1.440144604634205072e-01
9.430177416665311840e-01
7.122071540410190948e+01
1.275621200467881344e+01
5.897986868257354409e-02
4.786190765919762918e-02
4.804145473883526807e-02
1.785184679111869455e-01
3.212549294413494239e-02
2.310669586425127520e+01
1.936879955772251652e-02
2.094842057796030832e-01
1.929926414480246932e-01
1.657562997914958869e+00
7.722630057196163023e+01
8.999068937813273550e+00
7.027135284489083311e-02
1.023106939095112800e-01
7.255577672384566634e-02
1.573405431638310037e-01
1.400396273208961984e-02
2.009583735071485577e+01
2.315985220179914150e-02
2.672987049577430496e-01
1.536793523907466208e-01
1.252256227832855062e+00
7.149847043102300859e+01
1.135579462320187183e+01
5.225694172074586696e-02
1.751226085268738908e-01
6.406584015571609170e-02
2.741342608876059517e-01
2.288831923489535389e-02
1.769838045115883673e+01
2.301890870947037940e-02
2.081586715225208217e-01
1.761812321518111124e-01
1.760274017491137766e+00
6.427341287290916227e+01
8.726710815864823445e+00
6.200328239079487547e-02
1.186215540509018007e-01
6.937927615668203207e-02
1.931562562431638486e-01
2.471930066923531955e-02
2.137142280211581635e+01
1.539819013915222704e-02
1.773138111096325131e-01
2.164896833493510087e-01
1.469182204019658045e+00
7.030027873675896899e+01
1.206461004595200137e+01
3.984671273702621724e-02
1.696111047564120289e-01
6.201287386032837412e-02
1.896119325416612822e-01
2.673457272510393334e-02
2.231356503218724185e+01
1.788509298612565510e-02
2.367449794949417485e-01
2.207102184279577384e-01
1.575343594422280891e+00
7.074761320288752131e+01
8.221358896003566841e+00
6.120487126235876763e-02
1.097986822351062763e-01
6.101619335927218474e-02
2.102467469401278211e-01
2.001852959192865905e-02
2.897244909358036935e+01
2.940388040861038194e-02
2.372480639477139719e-01
1.477403479770711126e-01
8.708132688340114447e-01
8.661339931580063478e+01
9.548427307579251178e+00
6.989312566422797857e-02
1.100271794046324553e-01
6.815919790228687491e-02
1.575134500903764279e-01
2.476978883371113924e-02
2.616947716444270711e+01
2.441261100438618659e-02
2.019148308497207001e-01
2.315681919593888805e-01
1.650210302470008106e+00
6.910850933652439210e+01
1.519941111958882196e+01
5.721079376263002447e-02
1.222091190305989172e-01
9.656006353068571912e-02
1.900411147222247354e-01
1.756816222670714092e-02
3.007840402780106359e+01
2.524836399202512113e-02
2.785043417020223733e-01
1.915797732959422517e-01
1.779403570220308595e+00
8.753871323618713518e+01
1.245217093986837398e+01
5.194235415923489224e-02
2.309971848003093131e-01
8.092041720864631693e-02
3.449607379252828121e-01
2.523353726101811370e-02
2.781809303796957167e+01
3.051843648133065537e-02
2.831921844208009631e-01
2.432417824988286348e-01
2.061136890593689763e+00
7.551713110073268354e+01
1.220048497504599716e+01
6.164899511506429647e-02
1.010325297867723515e-01
8.976019059661916044e-02
2.821167147423047639e-01
2.521594229265998813e-02
3.008223661267726001e+01
2.220215365687457781e-02
3.067447326166211630e-01
2.349152159797455452e-01
1.995009568446653780e+00
7.969625676061990305e+01
6.522052152725682284e+00
8.778481380534147727e-02
2.290557579287678669e-01
6.690054468848187497e-02
3.581749123724707329e-01
4.189281203037960311e-02
3.910439403905871814e+01
3.406737444577685042e-02
2.955985961478480584e-01
1.910557402997178078e-01
2.263201226238464425e+00
1.145772516128851066e+02
1.327565502194885738e+01
8.973537847587741145e-02
1.852140315652138214e-01
9.606965297988571961e-02
3.482439562511224773e-01
4.334255516922960738e-02
3.486593999847039527e+01
2.556714252000069632e-02
2.409828055593672691e-01
2.324179126746934998e-01
2.442324675521096999e+00
1.053521022847560715e+02
1.034705660883240341e+01
5.827107702875978373e-02
2.022811852111920661e-01
9.606228430191862677e-02
2.148704965113290288e-01
3.675752601133583375e-02
4.274215106800892272e+01
3.341892240941175124e-02
2.841258671245863732e-01
3.226751947802405374e-01
2.276508560564440842e+00
1.167186169542464711e+02
8.602782682949660753e+00
6.131621097563855205e-02
1.738928731468639688e-01
7.941331611705604310e-02
3.253271715184443136e-01
4.741745885907429348e-02
4.396864499552128791e+01
3.615922442744276544e-02
3.219953036259620149e-01
2.423997046551489287e-01
2.383336317217569444e+00
9.775947744345555179e+01
1.126943280845192419e+01
9.097902029076007646e-02
2.572224254211719074e-01
1.011403482367064094e-01
2.268601633093871583e-01
3.784229363231680909e-02
3.887234940481474155e+01
3.744125237959806257e-02
3.045301856136746754e-01
2.897381707762807790e-01
2.141008301017971238e+00
8.604151018710011556e+01
1.124385606475213173e+01
8.764810152519811326e-02
2.272493413797712913e-01
8.789667389606177494e-02
2.832362696038490668e-01
4.326483685710830890e-02
3.954654970439967343e+01
3.601478962316439353e-02
2.404196069833696436e-01
1.644455009965279380e-01
2.234696056982655499e+00
8.138067243010451079e+01
6.984465247802600807e+00
5.135407069690616638e-02
1.254278942764648352e-01
6.361860264578531043e-02
2.784351403035202344e-01
1.846769168025105476e-02
3.658175970263136492e+02
3.747238502660628356e-02
2.447004044739509165e-01
1.241268014750002563e-01
1.593177226259619994e+00
7.319309094664917836e+01
1.096111352191183208e+01
3.211789381004186150e-02
8.105264487974608856e-02
6.709043588935442726e-02
2.184187203595955307e-01
1.946162634332970071e-02
3.800057768043088799e+02
3.511491217629517797e-02
2.324097189241738914e-01
1.626356428974540247e-01
1.887132040593263227e+00
8.036148859552176305e+01
1.027561299774903603e+01
6.357480940145475434e-02
1.055816067210206266e-01
7.457373897515115480e-02
1.681273138107056420e-01
3.445166885619866531e-02
4.068116531221247669e+02
4.966340700074229481e-02
2.456955298947686439e-01
1.069345905841322941e-01
1.224156070492850690e+00
6.160044967977025010e+01
9.823564664320729278e+00
4.302998737811142976e-02
1.647415874053131946e-01
9.073948804091834519e-02
1.043521031871716548e-01
2.212604172330383256e-02
3.700280869592789941e+02
3.386998133222365870e-02
2.557339144192445901e-01
1.681930979154683814e-01
1.622970213956396401e+00
7.646620554295456884e+01
7.258585000183345848e+00
6.868879597812145577e-02
1.574533319142396859e-01
7.616511593414250492e-02
2.305219492643128254e-01
2.721280088803558483e-02
3.824521477672980723e+02
3.397277714814862098e-02
3.208246643418534716e-01
1.372191800580658261e-01
1.309334089789365274e+00
8.931548893145263435e+01
9.036352955424641564e+00
3.651802986170940568e-02
1.118621894711708253e-01
6.159043095815334989e-02
2.497127116586295992e-01
2.859210534820525937e-02
4.124484368280867557e+02
4.337400594509124158e-02
2.824416901696131799e-01
1.374559174725137889e-01
1.635929024256642217e+00
9.191963932126594727e+01
1.239569714971892544e+01
5.482357326868778774e-02
1.539305538934495898e-01
7.262744904595984374e-02
3.105319138397240608e-01
2.477050016540708818e-02
4.441172796131895666e+02
4.248726360139491731e-02
2.754410095538366021e-01
1.537405569575574504e-01
2.732145735283709076e+00
7.415907833280728312e+01
1.446839286914135414e+01
5.375862292825948213e-02
1.220327139709898173e-01
8.383455030084982496e-02
2.170742546720213495e-01
2.751923035276096149e-02
3.279380086529412779e+02
4.150785655387485146e-02
3.566776463459516155e-01
1.502476175062730790e-01
2.656717341966735813e+00
9.830538552777726125e+01
1.371005857720328081e+01
6.081366839100856708e-02
1.570503851364753456e-01
7.028246483360001129e-02
1.824449476036335283e-01
2.108900074811766862e-02
4.315557199330342542e+02
3.973139582679574566e-02
2.786258210677057812e-01
1.936510953429731174e-01
2.511688919662642405e+00
8.489607339038376210e+01
8.752925620011430041e+00
5.653162801252991504e-02
1.601031818439370147e-01
7.982922424369849612e-02
2.464722604031312492e-01
3.350559461196388894e-02
3.774134989265717195e+02
4.941376731404126948e-02
3.207178331251239745e-01
1.445583376360885242e-01
2.524691105295558291e+00
9.139991925863240851e+01
1.222193058151583500e+01
5.891167040005228922e-02
1.172988227963515095e-01
8.707520784725089613e-02
2.227920875743368556e-01
1.817354128001281294e-02
4.056803411996810382e+02
4.771650918685713116e-02
3.139093084258801070e-01
3.126057112327847859e-02
1.880048148117539730e+00
7.251033344552381266e+01
1.240423087774137478e+01
6.252432253417221364e-02
1.793266034921093544e-01
6.713804673563664172e-02
1.598591696808430995e-01
3.659273713460974714e-02
3.936327600869400385e+02
4.625240783733177569e-02
3.058809201809962741e-01
8.300439776329371355e-02
1.821802848776876260e+00
9.480271056678178354e+01
1.464200409235675515e+01
5.040249143671517162e-02
1.187089623409470635e-01
8.187460508240439194e-02
2.292691089354011169e-01
1.871693147945762553e-02
3.779094449121456023e+02
5.351407717986780832e-02
2.205061156798814037e-01
1.700715851155386593e-01
1.922688740131012652e+00
7.390198291200486835e+01
1.156443867653431923e+01
6.616606922718099026e-02
1.402379961274228537e-01
8.818589063427613450e-02
1.940898288826207740e-01
4.309473015532058748e-02
4.374307532918834909e+02
5.305029477668576215e-02
3.276525948845075975e-01
1.270835741775618033e-01
2.656873530413623730e+00
9.411833153711023670e+01
9.927960667679018414e+00
6.508709893814454417e-02
1.449891334313869184e-01
7.540818318228825756e-02
2.840013965774551008e-01
3.810446075232191282e-02
3.296260938405663978e+02
5.656178521482711774e-02
2.832084883000580700e-01
1.717535062574748750e-01
2.786001146233633818e+00
7.852833017056970277e+01
9.446356694618552652e+00
8.468840985926918974e-02
1.734626502567536144e-01
8.769799871926742263e-02
2.433652916667826127e-01
2.513918377083925251e-02
3.546478898512246474e+02
4.666690005890319209e-02
3.495805461088035138e-01
1.850463631136217146e-01
1.044389553789590863e+00
1.079145730305896791e+02
1.248365756443971719e+01
5.577963527818830675e-02
1.182710625013075473e-01
1.005887768302912294e-01
1.832358029667910948e-01
3.080372105914882738e-02
4.105028960520904207e+02
6.164132688623281953e-02
2.957762929254052486e-01
1.042718634567602332e-01
2.074914360395141877e+00
9.036046028443605849e+01
1.200324209125788677e+01
8.084763706806132044e-02
1.324513732917755315e-01
1.070721277800787408e-01
2.805989292333611607e-01
3.432699996329496156e-02
3.870169806630420339e+02
5.878748128015390262e-02
2.580423700933026088e-01
1.434909678162484270e-01
3.627952229220917868e+00
9.991569954032321732e+01
1.243422111624978577e+01
7.199301503141192216e-02
9.956853840069422590e-02
8.750463199080082966e-02
2.888233816814531618e-01
4.223885401654155908e-02
3.868262906210736674e+02
7.688806888839994080e-02
3.027061375147727107e-01
1.062274765084608719e-01
2.588248479525881773e+00
8.378389661187222259e+01
1.132650739459857903e+01
7.712880443646474848e-02
7.952261614159839009e-02
8.426293663652981158e-02
2.573182933210289569e-01
4.343028120563724448e-02
4.073136316090090645e+02
5.541510147482434090e-02
3.753825536814702768e-01
6.222515936274881920e-02
2.846740828564993109e+00
1.180968167660566905e+02
1.263939684310906131e+01
8.367081547374577433e-02
1.192489203808985848e-01
1.024538135573850733e-01
3.104427205462591544e-01
3.587075953867028405e-02
3.069485373717679408e+02
7.334490245560081056e-02
3.580190154168940708e-01
1.500763954418946611e-01
2.180924133299015910e+00
1.071431449877150754e+02
1.150849546029755821e+01
9.401919247011551739e-02
1.197134270694192176e-01
8.781780533285726831e-02
2.326383490343314764e-01
3.140446436634882627e-02
3.937118925414424098e+02
7.082247169855976354e-02
3.253233654937253694e-01
2.196389533315633302e-01
3.254571315427012834e+00
1.117331284851809272e+02
1.551655259008532894e+01
7.366914208194591529e-02
1.363437815220589211e-01
1.153855209643532970e-01
1.479472400464599546e-01
4.518417534627203885e-02
3.638162354010667059e+02
7.239686645187366765e-02
3.891637269797822984e-01
2.360152692609650826e-01
3.767960278478280411e+00
1.191677791452177075e+02
1.290193038330187747e+01
1.106181595175914634e-01
2.018147386676656385e-01
9.342505695125591370e-02
4.274067329625194644e-01
3.921628326440164403e-02
3.522640929532700511e+02
7.519978447213471195e-02
3.365023054554212578e-01
1.851458606060025214e-01
5.764901758151214750e+00
1.286205069981089366e+02
1.438603126094902507e+01
6.716623977578300986e-02
2.467412021184114679e-01
1.215849295620258230e-01
3.598878892686809827e-01
6.234829745399128598e-02
1.898715328653902077e+02
6.248763407666558384e-02
3.552908597947605496e-01
1.980841089890829076e-01
3.473216388247183595e+00
1.313430326389154459e+02
4.563998998133288687e+00
1.114810446079357309e-01
1.692532642334810544e-01
1.498537067032285064e-01
3.337294546741311763e-01
3.783924592731825742e-02
1.735756847412481534e+02
7.933821458261761106e-02
3.614127579355743691e-01
9.585254842051514623e-02
4.322505164418057433e+00
1.041388395887731519e+02
1.360761042784372599e+01
1.217193434481484149e-01
1.489287870157377236e-01
1.443807223620207913e-01
4.956878585251797142e-01
5.486200691368830346e-02
2.859568412252446592e+02
8.355557031300196724e-02
3.749450288570356227e-01
2.016143185119713965e-01
4.079099370634778232e+00
1.533213710443460229e+02
1.116410571520096617e+01
8.103736159548634299e-02
1.574228180465571392e-01
1.120722613430875925e-01
3.482605233011378254e-01
8.587368299529275772e-02
2.757861276745060763e+02
8.698270208093845934e-02
3.596167266149664088e-01
1.580490784376223090e-01
3.780455974322123769e+00
1.519421459226047659e+02
1.256580544434846658e+01
1.111918716632855492e-01
1.484994575345263967e-01
1.350087946598668986e-01
2.960241283221733966e-01
9.418265326807613580e-02
3.211143725744178710e+02
1.262856799850990142e-01
4.337895582270268058e-01
2.031353918115798018e-01
6.609744454233338118e+00
1.600773837112935496e+02
1.524855171003440191e+01
9.941047510865309855e-02
2.282144440721127765e-01
1.742569553899896706e-01
4.522709442779780376e-01
7.632927783020106161e-02
3.818237335658707252e+02
7.444043233881571242e-02
3.933189611407345576e-01
1.426608356483907714e-01
4.509421658662522425e+00
7.997562759526260834e+01
1.344972878599543087e+01
1.036935488235787017e-01
7.927689805662657685e-02
1.185425253645214089e-01
1.854041598182173678e-01
2.916465406086033579e-02
6.661338147750939243e-16
1.551249717461856692e-01
3.615249226804396199e-01
1.817114783399938482e-01
1.919090121789099435e+00
8.243642442675077575e+01
8.690049032055123135e+00
5.091516384138679296e-02
1.147321649479347838e-01
9.446163922368275290e-02
2.610303205722016573e-01
2.023216036352441446e-02
6.661338147750939243e-16
2.191153404304636287e-01
3.888112321494299750e-01
1.560959751498430248e-01
2.725459302618429280e+00
8.268533901076311565e+01
7.337344735126568374e+00
7.936561195815951264e-02
1.927121938605979579e-01
1.108995178981031920e-01
2.364991306522223058e-01
4.172419546741844981e-02
6.661338147750939243e-16
1.992385872265538538e-01
4.172242188261617857e-01
8.137700056335862853e-02
1.987286774451639371e+00
9.262012796969933959e+01
7.709283109032520009e+00
8.494118778720087526e-02
9.590044668186520349e-02
1.463328385068656257e-01
3.778640977119254729e-01
3.946478304463119091e-02
6.661338147750939243e-16
2.869828138589699540e-01
3.937330281743531279e-01
1.411768907933697026e-01
2.514565721085455952e+00
1.050931721172721183e+02
1.250965930098434953e+01
4.065090844385219060e-02
1.726807110713052817e-01
1.114914099565530170e-01
1.818366297133394149e-01
3.880201695993518857e-02
6.661338147750939243e-16
1.517061592914675239e-01
3.872940719735116222e-01
2.158951916348282041e-01
3.603959408292424893e+00
9.468407053998701883e+01
7.943985959368498051e+00
7.262536299933773642e-02
2.313475559616974542e-01
1.142899147178774721e-01
2.602036810429094738e-01
3.957456053442781618e-02
6.661338147750939243e-16
2.003084894075093103e-01
3.888204848944965542e-01
1.945491982861313196e-01
3.217501046676826348e+00
1.002330976058655949e+02
9.869827028994027529e+00
5.363153417833550068e-02
1.017054560604533087e-01
9.691917594456378460e-02
2.807365950881975936e-01
3.291193558049725770e-02
6.661338147750939243e-16
2.438476558735744038e-01
3.982944868174759234e-01
1.946228011701430782e-01
3.094948348026691054e+00
9.697900414514182899e+01
9.739125762873877434e+00
9.185102848256861130e-02
1.362822619443621042e-01
1.371653201271310074e-01
2.773856200807751637e-01
3.856710615337571174e-02
6.661338147750939243e-16
2.769902435983298550e-01
4.595526311731100710e-01
1.941120646705709607e-01
3.179170173469160865e+00
9.591189035403499474e+01
1.008648819126437957e+01
6.400985239586923226e-02
2.056728079647469065e-01
8.710579902349237236e-02
3.517933865091183443e-01
3.959449399791106772e-02
6.661338147750939243e-16
2.516981552331827854e-01
3.398838826174230277e-01
2.093315373735782914e-01
2.925244461749460623e+00
1.087659719774466254e+02
9.500145241872150592e+00
1.252952207297373666e-01
1.355837327677598958e-01
1.554758781340696561e-01
3.196361470262937265e-01
3.131212007590376822e-02
6.661338147750939243e-16
3.363742812487787170e-01
3.356250006263793995e-01
1.897697849705108630e-01
3.564269906008718181e+00
6.842670594301837639e+01
5.047112249857151234e+00
1.055944917031713531e-01
1.561989486897339130e-01
1.245140252604840930e-01
1.676052583202891078e-01
3.998712646847574215e-02
6.661338147750939243e-16
2.270918799227688578e-01
4.842545887406757288e-01
2.008612844566963207e-01
3.863814637446261635e+00
9.468423905542128693e+01
6.640049127015293706e+00
8.433357283465933718e-02
1.499514700912491783e-01
1.194003940234172334e-01
2.154703922897091006e-01
2.085817020941805808e-02
6.661338147750939243e-16
3.039962654644149387e-01
4.421814631848975385e-01
1.622110197797928255e-01
3.395546385412443247e+00
9.468920930559988847e+01
9.900964359979921525e+00
5.359169360319505915e-02
1.981301213674647732e-01
8.259295018798014365e-02
1.552105573768342850e-01
3.072230670334129971e-02
6.661338147750939243e-16
3.299714253277916676e-01
4.632392989999569721e-01
1.986017604150812632e-01
3.601428501894781142e+00
1.155704175949359325e+02
1.052361009491611021e+01
8.517745073341592699e-02
2.912611590680562745e-01
1.475885009856260643e-01
5.498311686155368805e-02
4.557708726186064652e-02
6.661338147750939243e-16
3.367786234315548466e-01
4.207164082418428652e-01
1.542693363554224484e-01
3.588696415507949933e+00
9.860260900284930585e+01
9.267820053402822111e+00
5.533715723961044747e-02
1.894951655981193805e-01
9.742488604756290027e-02
3.365580395612101650e-01
4.524780748789210272e-02
6.661338147750939243e-16
2.562167073641923309e-01
4.546490934966327391e-01
1.567888513659983774e-01
2.654121961472001967e+00
1.043220403973932804e+02
1.372255042125909519e+01
8.113303850675711304e-02
1.604029293266355238e-01
7.055186616611185124e-02
2.745924214668835628e-01
3.142395560439404517e-02
6.661338147750939243e-16
2.492133577347691031e-01
4.417216455584290213e-01
1.386085167035048527e-01
2.006892840454223670e+00
9.588980158944640664e+01
1.089012136609109405e+01
4.969562066364755643e-02
1.684769075556476758e-01
1.618078081622039144e-01
2.192039041978219582e-01
4.406773417037138096e-02
6.661338147750939243e-16
3.693726396166108761e-01
4.434175343267973690e-01
3.151812458780640092e-01
3.008513302130940925e+00
1.217623174250726805e+02
1.085714684640096550e+01
9.984262756314814247e-02
2.399139653989878773e-01
6.552970905497880472e-02
2.800038712483405301e-01
4.641966094877582327e-02
6.661338147750939243e-16
4.312943167702388281e-01
5.154056070152580604e-01
1.404206255571594508e-01
3.063425535541827394e+00
1.084514145271278380e+02
1.605426351078548208e+01
7.856080440005613896e-02
2.236881012026567528e-01
1.154709276924465733e-01
2.277919608891361414e-01
4.614084250213208727e-02
6.661338147750939243e-16
4.327612265945258163e-01
3.864073658467788719e-01
1.579636017849875562e-01
4.561149070505642555e+00
7.608306225391447697e+01
1.153592429882121095e+01
7.523586320839124875e-02
2.759393938971803628e-01
1.445061222947162105e-01
2.282847334225279468e-01
4.682139956126395164e-02
6.661338147750939243e-16
3.106306711317617375e-01
4.949080245741010464e-01
1.691563055316419317e-01
3.342433130315111800e+00
1.234650119647030095e+02
1.117695373808385106e+01
5.373925509248797527e-02
1.175779007083824906e-01
1.162011167186855903e-01
3.088195243410906676e-01
4.918680764408588091e-02
6.661338147750939243e-16
3.404042424586340987e-01
4.242027544414429530e-01
2.264166740569891201e-01
3.963618011671515173e+00
8.091695872867872197e+01
1.002888057089102247e+01
1.077299399044785583e-01
1.592467675739216715e-01
1.083623791468426023e-01
2.326496549447293061e-01
5.487238103798539046e-02
6.661338147750939243e-16
3.748902403727417121e-01
4.746179386111719634e-01
2.188399918716125714e-01
4.854586529316048171e+00
1.219835116806707589e+02
1.215597836310353408e+01
1.016134158162946971e-01
1.146171038775445489e-01
1.357937948127050376e-01
3.159724629987349376e-01
6.527837027850837137e-02
6.661338147750939243e-16
3.614661713045467795e-01
4.749004413163442906e-01
1.521337651445222039e-01
3.595145693859303382e+00
1.220528419223715133e+02
1.468301190451159322e+01
8.232523128607718843e-02
2.671295825791885070e-01
9.348672889906599337e-02
3.625303258302161602e-01
4.704510451760858525e-02
6.661338147750939243e-16
3.936850488071865217e-01
5.417256657197037084e-01
2.536885954058243353e-01
5.709365748585765843e+00
8.664350699206259776e+01
1.156115863200323624e+01
4.241186610449336480e-02
2.775416371912274305e-01
1.318988966991853640e-01
3.856399217772972232e-01
5.274212863126730155e-02
6.661338147750939243e-16
4.001194144647584605e-01
3.803498072588258339e-01
2.274152358289470710e-01
3.804737262516885377e+00
1.281189298131906469e+02
1.197016624518995798e+01
1.130030260114854856e-01
2.200685665643419553e-01
1.162370526288416944e-01
3.180432148593540509e-01
5.884824183887945453e-02
6.661338147750939243e-16
4.132377967583653611e-01
5.189633070577740481e-01
3.007624951378922717e-01
6.041540973806372783e+00
1.489834742460204779e+02
1.220813429028858721e+01
1.087086172473871459e-01
6.751013902549056478e-02
1.396369548804610727e-01
4.605978239937574270e-01
7.173672967114406995e-02
6.661338147750939243e-16
5.486094018464253708e-01
5.701695854503230354e-01
1.688198831441086178e-01
2.285724528820458179e+00
1.055945166388752341e+02
1.714346293559232137e+01
1.244547187725212473e-01
9.715099357119223733e-02
1.377027989453362966e-01
1.884483176580540875e-01
6.208252920222186860e-02
6.661338147750939243e-16
6.479203702678650867e-01
4.645080793776996120e-01
3.242844069955927444e-01
6.684388001619887554e+00
1.142413925684567175e+02
1.644098823490035599e+01
7.938529006706673830e-02
1.598609788887138949e-01
1.356683872016930803e-01
2.394873520172032810e-01
6.819656264036740023e-02
6.661338147750939243e-16
4.176414768326601745e-01
5.584110295470384733e-01
1.439667272526126973e-01
5.501902650561228292e+00
1.309732771055050762e+02
1.692114241025772259e+01
7.526544607991574043e-02
1.745905813308854526e-01
1.488055960570367764e-01
2.417913618111875163e-01
6.441087238332129927e-02
6.661338147750939243e-16
4.912848678598683572e-01
4.963915808705540722e-01
1.470011804267617184e-01
1.999281551416980607e+00
8.879519319426096047e+01
1.130672065467581611e+01
4.878837858267909278e-02
2.180992027925122978e-01
1.530788956966765701e-01
2.288125778165172319e-01
4.079622555676899048e-02
6.661338147750939243e-16
3.484794907564966238e+00
4.825294635861805403e-01
1.758273014692489089e-01
2.684951766917225591e+00
8.597118320683618720e+01
8.065430547960509955e+00
1.385511035808766334e-01
3.290380571184517988e-01
8.916371584800905636e-02
2.533255609347940807e-01
3.277954991940905394e-02
6.661338147750939243e-16
5.047495083251841486e+00
4.309321848634107277e-01
1.604187292354569139e-01
4.370620804179189633e+00
3.506679975035439156e+01
8.243662655564932606e+00
1.302507306719262181e-01
1.323925648687455936e-01
1.570430621902763613e-01
1.836307017726807322e-01
6.076533440419145532e-02
6.661338147750939243e-16
4.622271530041826004e+00
4.725626763623250737e-01
2.142227814491311222e-01
4.141364500421878425e+00
5.473481383710986137e+01
1.484612766459250466e+01
8.630737283184573838e-02
1.717853413766929072e-01
2.103085815892707378e-01
1.959171009441235400e-01
5.248061426402138990e-02
6.661338147750939243e-16
5.140493756043661655e+00
4.404731293931541392e-01
1.364413430060996690e-01
2.634891222554679668e+00
5.326669020507353736e+01
2.449261766344349223e+00
1.240175696080005052e-01
3.035820148518960093e-01
2.537137152018210662e-01
1.043359795151283659e-01
4.992778929597382898e-02
6.661338147750939243e-16
3.624477829610920132e+00
4.493467057697054790e-01
1.417817163776914913e-01
2.995715314607613422e+00
5.492592307864978807e+01
8.072078637638979259e+00
1.358288232957206021e-01
3.237504581600368359e-01
1.990304934328529785e-01
1.973812845957529927e-01
3.956244334627190967e-02
6.661338147750939243e-16
5.495861989748757281e+00
4.624675233591781787e-01
3.812254787671914835e-01
2.512320674368313966e+00
8.571450814015955189e+01
2.109375079599223657e+00
1.426294183839170726e-01
2.725743367234566006e-01
1.495554731977493390e-01
3.211715418761258434e-01
6.560360927370735562e-02
6.661338147750939243e-16
6.680588097984633933e+00
3.680241713895053834e-01
2.134917676647069273e-01
3.325654579186537951e+00
4.437462981975284748e+01
1.550732135257660360e+01
1.442792514028702344e-01
2.245013805388956785e-01
2.192332343761266289e-01
5.260913386373361478e-01
6.118929620691309496e-02
6.661338147750939243e-16
5.433169647733164354e+00
4.329685878911542773e-01
2.842681767960038020e-01
3.628103839502153427e+00
8.543656788002121516e+01
7.672614068559622247e+00
9.231850104231172083e-02
1.949119646000775918e-01
1.211022948512685965e-01
3.226142051118972565e-01
4.917760226976484322e-02
6.661338147750939243e-16
6.475619853221084021e+00
4.704637931678022911e-01
6.153486492432658217e-02
3.477762261709252734e+00
4.282323299166320396e+01
1.423575988646453361e+01
1.319983185121569036e-01
1.848396190564323971e-01
1.880979701638824941e-01
1.993012468405003512e-01
5.836061217699722165e-02
6.661338147750939243e-16
6.289889055031445686e+00
4.031525312298915309e-01
1.888258803390907570e-01
3.487670704325676940e+00
5.699671650572872039e+01
7.821867770600630543e+00
1.171414337776859882e-01
1.666219806138339032e-01
1.676469739595905784e-01
2.904103826038509917e-01
7.618916738377035092e-02
6.661338147750939243e-16
5.417995657953238009e+00
4.791823941883208149e-01
1.611424428268255771e-01
3.872078898432119054e+00
4.133677056951672313e+01
1.186219958873364533e+01
1.643627801647750686e-01
1.053382529023822595e-01
1.646048674164672099e-01
1.011109672651426539e-01
4.688352247325663219e-02
6.661338147750939243e-16
4.092952941470684891e+00
5.045800591156388570e-01
1.918101111769644485e-01
3.456969604405938146e+00
3.711240463896119479e+01
4.872440518174306234e+00
6.322053100901640910e-02
2.588494513943741526e-01
2.505924026003651939e-01
4.336685871701018713e-01
5.024665025040272320e-02
6.661338147750939243e-16
4.970855670555771155e+00
5.276950298628505509e-01
2.213703423021040895e-01
3.640691760293524037e+00
7.808735467365669081e+01
6.914656509382819394e+00
1.323547744906355406e-01
3.481397191386986778e-01
1.590923942233547217e-01
3.176318959700722422e-01
5.270990977857613335e-02
6.661338147750939243e-16
7.180219115419988363e+00
4.853800794292855159e-01
3.324522597540001123e-01
4.296898549549952762e+00
7.419285344813917504e+01
1.011413962351819507e+01
7.107297704163018093e-02
2.722974027978274925e-01
1.091788737486897171e-01
4.937839375192167313e-01
7.276637376815686675e-02
6.661338147750939243e-16
5.114128566043378399e+00
4.983060761919527182e-01
2.444714557340836036e-01
4.334861664111357094e+00
3.988147810584909791e+01
1.027096664336499110e+01
5.966741995739632820e-02
2.125909290610151769e-01
1.599147055849591825e-01
1.464634165346281047e-01
5.585604175562949858e-02
6.661338147750939243e-16
6.580668169276954416e+00
4.553683727916895130e-01
1.530427295899517703e-01
2.496427107967738923e+00
8.140112112096764463e+01
1.351578802621200026e+01
9.964380195636385329e-02
3.949202816242020631e-01
1.828135178137813566e-01
3.596724174532813789e-01
6.218737552056013279e-02
6.661338147750939243e-16
4.419925863829880619e+00
5.170349324894939480e-01
3.081712563363412372e-01
2.113656291598919879e+00
6.920102370065124830e+01
9.526040165564257478e+00
1.080685877774144737e-01
2.459210509812332079e-01
1.868056790064476225e-01
2.929347759047457034e-01
4.418052298563951430e-02
6.661338147750939243e-16
6.400251964094682222e+00
4.376295160765656944e-01
1.759370153348152332e-01
2.278276050085025872e+00
7.310596627638982170e+01
4.193394749351120332e+00
1.480863691453411235e-01
2.350295041577950272e-01
1.518911274464387895e-01
3.804600588540523742e-01
6.427037593312731611e-02
6.661338147750939243e-16
5.297330456159175860e+00
4.543580426097363345e-01
1.667457399526648398e-01
4.464409377091643094e+00
8.099183040778174814e+01
6.766316067104738430e+00
8.252632934788708963e-02
1.190927575540047106e-01
1.449382015529356860e-01
3.634364563138300919e-01
5.167333138706982354e-02
6.661338147750939243e-16
6.917301426154476296e+00
4.701970958876602324e-01
8.052977259060163651e-02
2.310268128667093190e+00
7.274473999589098128e+01
1.291173414217374749e+01
1.216948697335937801e-01
6.025485070242279223e-02
1.666858473640159544e-01
2.434345222881285631e-01
6.532349525409184010e-02
6.661338147750939243e-16
6.462602974804551259e+00
5.104271938651966378e-01
1.262139849380580214e-01
4.239925836282886884e+00
3.972123415088444176e+01
1.195082624723307951e+01
1.249660733412309432e-01
2.466066831506408541e-01
1.787580009003567338e-01
4.091634122557158415e-01
5.919198209519208748e-02
6.661338147750939243e-16
6.112513715793449265e+00
5.440000581321156048e-01
2.616847239003858294e-01
3.322635419342600649e+00
5.534657506815436534e+01
5.945630912617913211e+00
1.205815529774687533e-01
3.119745599358390020e-01
1.939417726834488653e-01
2.753214328200302985e-01
5.430493503053857030e-02
6.661338147750939243e-16
5.168870192388294704e+00
4.846540176494734120e-01
8.039568071659686233e-02
2.790300240637748175e+00
9.016919050565032023e+01
8.789809860705236844e+00
1.573741566802071279e-01
1.315997653225150221e-01
1.265171291055874336e-01
1.975067855504524239e-01
5.291617869290012738e-02
6.661338147750939243e-16
6.248581643605247038e+00
4.277550625576030385e-01
1.206115994514415368e-01
3.476316246813715427e+00
7.395485798747853323e+01
1.022609406270649579e+01
1.351559012826472062e-01
2.894068452125325153e-01
9.487874315957059435e-02
4.149802527810115826e-01
6.189447246876689235e-02
6.661338147750939243e-16
6.827503143633453675e+00
4.637615396041054328e-01
7.718743965343993763e-02
3.955995860575894252e+00
8.148446641454118833e+01
1.294074908844352656e+01
9.390096359069446952e-02
2.930386413076823682e-01
1.538772912665309911e-01
4.652981759280352403e-01
4.081862240323889252e-02
6.661338147750939243e-16
4.986851589471674728e+00
4.615249953057836141e-01
1.218275827108454001e-01
5.038856458478512934e+00
8.186613829230134343e+01
9.609830765856051116e+00
1.296758712540515002e-01
2.944042073025493478e-01
2.149781972766800775e-01
2.890696964560908744e-01
5.514600239559368927e-02
6.661338147750939243e-16
5.840732147448575162e+00
5.401159565837079235e-01
1.555727569520631293e-01
2.328803823194909750e+00
8.473003879170505570e+01
1.133671579547795538e+01
6.031397464476673242e-02
3.359789423801492481e-01
1.358129172379657912e-01
1.448896790392558698e-01
6.394691776434636987e-02
6.661338147750939243e-16
6.716725789518091183e+00
4.986693536804770455e-01
1.867239213651581686e-01
2.575749487907252444e+00
5.863975697980977486e+01
1.534182265694738589e+01
3.883815978233422922e-02
1.461658103987187596e-01
1.478608524541690505e-01
2.638618300193656951e-01
3.297381992582078258e-02
6.661338147750939243e-16
6.852182381050836213e+00
4.127625076546683203e-01
1.349831407777575820e-01
4.176179355312115149e+00
6.587789652340556756e+01
1.062996227810035776e+01
1.827844766104467777e-01
2.748832268386908750e-01
1.925170116865162484e-01
1.273595569613925893e-01
5.565032939166791870e-02
6.661338147750939243e-16
8.260334454958380590e+00
