2.514072938903828131e-02
5.076374804623821207e-02
3.035469596011518278e-02
6.111608956644765112e-02
1.113794925590724794e-01
1.906421627400094743e-01
1.981904898243963264e-01
4.326072560479275464e-01
5.959008534130133539e-01
1.673500553556722004e+00
2.508566308351940055e+00
2.740286924441752703e+00
3.827397144649480776e+00
6.155246287078041334e+00
7.106019639860352122e+00
7.264371231068217583e+00
6.292844643765716839e+00
6.462102599249637258e+00
4.629528001653484104e+00
3.135894799280414258e+00
1.294294195854888731e-02
2.593742862677632377e-02
2.431403481079318432e-02
4.585216327481507481e-02
7.090846937615186141e-02
1.264314887834106782e-01
1.786322409682294665e-01
2.785203837968190932e-01
4.708104382237829344e-01
1.834958143322449997e+00
2.378374513554040171e+00
2.571385909607355913e+00
3.350426357809842770e+00
7.323163664233655723e+00
7.962772631698279646e+00
9.322499626213568646e+00
8.391285747887193835e+00
8.777898879657351827e+00
6.552607843439877122e+00
4.412108090357572898e+00
2.738700859015853056e-02
1.520906287913109840e-02
1.253113604419391763e-02
1.764832115349752317e-01
1.297773094015949868e-01
9.815824311682010139e-02
1.293984893985529183e-01
1.423292624069416867e-01
2.611576735267548410e-01
2.006453522269464163e+00
1.509707945613645519e+00
1.597095930669092390e+00
2.176022682873091529e+00
6.645885174401346518e+00
7.102634517884602872e+00
9.922582128463877993e+00
1.099426534247978893e+01
1.212994916173776971e+01
1.004451129420722566e+01
7.189861844172650507e+00
2.010068901607174260e-02
3.614373671904893420e-02
7.710068667854138788e-03
1.652246119609776173e-02
6.871357534798376576e-02
9.793130147165100829e-02
5.149342139157256359e-02
5.489987340698473939e-02
9.112309073502691814e-02
1.292631918333948748e+00
8.402809650732594449e-01
7.954143279388986576e-01
1.042641510450610154e+00
4.478559164289539929e+00
4.719863454433818717e+00
7.964723925004914662e+00
1.111747099359127944e+01
1.345496526713843011e+01
1.302800962141627217e+01
9.864269474756817146e+00
9.568466663759329915e-03
1.485101608772800875e-02
6.827362542060547504e-03
7.538350796047836588e-02
6.694183197054091872e-02
9.185132187175996943e-02
5.040565343647347013e-02
4.918556781593656085e-02
4.813563216528599087e-02
9.036918875907876680e-01
4.927845350762754539e-01
4.081332087419600185e-01
6.160330306751748974e-01
3.004957506834543768e+00
3.088309789821414242e+00
5.551121303111360206e+00
8.979101054233016299e+00
1.173607289752063387e+01
1.312928229428602833e+01
1.038026014439881806e+01
2.191386327029205480e-02
5.567935225842014779e-02
1.624105221980032612e-02
3.143468903147031424e-02
4.921971669563533769e-02
1.118642788692699175e-01
6.261243077056960482e-02
7.174056335025912057e-02
1.097330571613224087e-01
4.184317535536258847e-01
4.062951992871652873e-01
5.457220647877930597e-01
7.669610992298145913e-01
2.612187445481306991e+00
3.351657986919058807e+00
5.415742706753979618e+00
7.879738214920553929e+00
1.023973735147743191e+01
1.041212037231089660e+01
8.452583348504441929e+00
9.214512257956022911e-02
7.044340941231654052e-02
9.379879800400756085e-02
1.089615021825473123e-01
1.000465188155028884e-01
1.659412853383645525e-01
1.950166797281438213e-01
2.617458958250242218e-01
3.293969975701847575e-01
4.682293913048640177e-01
7.195117428604039800e-01
8.941157374910662092e-01
1.542659168231072409e+00
2.322505748656316982e+00
2.999183808066344437e+00
3.036126800458431862e+00
4.717624060185386270e+00
5.694314236991713685e+00
5.236482371654707535e+00
3.983206162799449945e+00
1.812259660168106523e-01
1.579329694999777878e-01
3.546203479297918570e-01
2.626048284131459742e-01
2.871503038128042640e-01
4.749191284637470090e-01
3.643098315964760081e-01
5.831718217656279846e-01
4.042017706198152149e-01
6.436906382928389014e-01
7.320999548112062660e-01
1.180582102394200250e+00
1.284265452296271537e+00
2.054997257983890435e+00
2.311952493473019565e+00
2.815095041459675596e+00
4.821451711581667965e+00
5.894067293103653071e+00
5.872603023097883401e+00
5.772650497395526159e+00
4.885669750477877327e-01
6.584139507071300468e-01
1.149118932592819720e+00
3.868506754627365485e-01
7.415082700115351866e-01
5.852126183372934332e-01
2.832883645353267976e-01
9.583901340442039229e-01
9.267179167019621300e-01
7.645627469216377259e-01
8.509619249976503319e-01
9.991180549564636637e-01
1.147545388788727916e+00
1.221682700020422008e+00
2.620770094314528897e+00
2.068556985074214705e+00
3.094688519881229727e+00
4.011688594185343959e+00
5.921804533805031134e+00
7.192827277387303653e+00
8.285792415911495956e-01
7.549674501179397534e-01
1.558746910122218443e+00
1.710477049136624128e+00
1.589302843665044263e+00
6.616452708511485481e-01
7.368071577654287108e-01
1.051652520704224880e+00
1.266140246691733973e+00
1.181714801425174377e+00
1.223948467421111852e+00
1.287708815381409133e+00
1.478924760355601942e+00
1.946331836652658742e+00
1.691874478552252592e+00
1.428290853372444325e+00
1.965458141062201403e+00
2.124377772319060220e+00
1.658050612001456425e+00
2.322700493040307013e+00
2.259822062905076853e-02
1.820128097352079477e-01
1.702809229899960863e-01
6.462757207818873306e-01
7.955675156878664334e-01
1.893309088878257107e+00
8.269400663262543860e-01
1.876120750205445997e+00
1.529144268490181258e+00
1.310283084524575425e+00
2.249007691272482568e+00
1.818587470713240117e+00
8.811540368882849750e-01
1.401746547459666203e+00
1.136158329295409608e+00
9.609374099045699946e-01
4.217613528741293583e-01
3.130055956782527571e-01
1.226724312026173491e+00
1.195389059858373404e+00
