-1.163087886636526798e-04
-1.382979826859709338e-04
-1.551510409073331230e-04
-1.609913061362866537e-04
5.369770510217808542e-05
-4.608304556232844700e-06
5.012076728264647094e-05
-1.464012601772734937e-04
-1.050777720547912974e-04
-5.568331120258562832e-05
-9.958446683709709700e-05
-4.116416936468247640e-05
-9.230104460453470209e-05
1.457559359381921447e-04
-1.150743067974246942e-04
-9.745221024686667082e-05
-3.271734310868357361e-05
-3.583531625796188241e-04
-2.772497024758235787e-04
-2.262122246239828206e-04
2.108105505680857197e-04
9.360331947758870300e-05
-6.809780664150499711e-05
-3.492530605180976929e-04
-6.562419064573665859e-05
-6.592039053150199957e-05
-2.688872862616986876e-04
-3.407501340698448683e-04
-4.461712971248122024e-04
-3.871510433044429624e-03
-4.976975580027790357e-03
-3.127328744702958553e-03
-1.016011662338519791e-02
-1.262321358036498642e-02
-1.386662607548865001e-02
-2.838418545398418633e-02
-2.797280992310188438e-02
-5.471231142089048177e-02
-5.699085151119654552e-02
-5.474356045831582640e-02
-2.532950507855040445e-02
-2.669666965192759450e-02
-9.978196389443517306e-03
-6.349131917991499008e-02
-1.779389584083120035e-02
-2.143641780063391955e-02
-1.263896817191214120e-02
-2.075419218079131364e-02
-3.069298497162831207e-02
-3.808390298058591736e-03
3.246154201083006809e-04
2.566999121535318415e-04
3.849027284842476519e-04
-6.246875412790786511e-05
-4.582582899828435534e-05
1.688427249765256428e-06
-1.338258686356486125e-04
-1.700297185689680891e-04
-4.285133354502268358e-04
2.646612856689922787e-04
-1.875222774079826507e-04
-8.968584103569377181e-05
-1.734498120883137763e-04
-5.211292118123211589e-05
-3.831737287315639695e-04
-1.785216575665299343e-04
-7.083574689841886773e-05
-5.895852951940006189e-05
1.282296644176090768e-03
2.442761136174110073e-03
-2.263726684970556163e-03
1.194630386173345409e-04
-1.030788234465432893e-03
-1.544301102906166972e-03
-3.395736246171216118e-04
-9.049847576288905671e-04
-7.388300360595262406e-04
-1.023128248439037456e-03
-2.106880254746994544e-03
-1.862687731826527786e-03
-5.241201549122862652e-03
-1.082853165084717885e-02
-1.988900380999064285e-02
-1.601945243660211210e-02
-1.313054291006336347e-02
-2.746910057532821192e-02
-2.494207673465755407e-02
-1.584143069113955887e-02
-1.597482177317578397e-02
-1.264398893784423987e-02
-1.044270671176831047e-02
-2.425989109970655075e-02
-8.440399789925416216e-03
-7.438773018464128750e-03
-6.894578998016765749e-03
-5.934909363176170925e-03
-4.793671750556738505e-03
-2.590166408380803649e-03
-1.454981891997090496e-03
-9.817484000106055375e-04
-5.359434585078567785e-04
-2.785938053995673448e-04
-1.680830642022781204e-03
7.170990315864511329e-04
5.015314782010568163e-04
2.560896748630570193e-04
2.054832764130828905e-04
-2.208028970251765821e-04
1.033054846520289243e-03
6.131229470829366139e-04
1.259499083066389783e-04
-1.921861307207650563e-04
-9.631027196683090291e-03
-7.743774399258113042e-04
2.799928448996675048e-03
-1.236252737430620658e-03
2.759178513916938014e-07
7.152322044748029737e-04
1.297939003155218398e-03
1.018991802165527399e-02
-1.253757272397148896e-02
-1.730624297649360505e-03
-8.585818106472934037e-04
-2.026738803024651699e-03
-5.472491468459378394e-04
1.242916534650956263e-04
-8.269056951694475719e-04
-3.781830106795092215e-03
-4.297029255805829596e-03
-4.587927735950761594e-03
-7.156519848241940304e-03
-5.272078333114264825e-03
-4.500928254120229594e-03
-5.017816344229007741e-03
-1.785853695751421846e-02
-1.329586139789832970e-02
-1.277804379038498771e-02
-1.719951122948716257e-02
-9.604787415260196068e-03
-9.799464115268101405e-03
-1.167393405593013071e-02
-1.059958387256422670e-02
-6.113475623557762875e-03
-4.073838791227066269e-03
-7.842611408030638123e-03
-6.231608493923479833e-03
-1.544765281251710099e-03
-2.214759268553427932e-03
-6.614174889311298221e-04
-3.176252335751274247e-02
1.627664285155176185e-03
-4.548339816523499840e-04
1.297790928057645978e-04
1.850019298436342101e-03
-1.954198097064237596e-03
1.193285096421999600e-03
-4.642980832173931871e-04
1.498731808908019235e-03
2.051706499980193461e-03
-4.972687596385331034e-04
-9.933573890717917621e-04
8.152630504279195344e-04
-1.918821045760216821e-03
9.651527638102619920e-05
-1.605067371436134623e-03
3.257512543623483419e-04
1.727515084772087133e-03
6.567844822443795125e-04
-8.725670068695707041e-05
-1.826175918940675755e-04
-1.339973148622012646e-03
-8.007256306403471961e-04
-1.911351877539194024e-03
-4.988750612964432595e-04
-1.446139922337306505e-03
2.262103775703269096e-03
-9.481017761276941446e-04
-1.588007329335746612e-03
-1.590768057895953873e-03
-1.008746175872967049e-03
-1.286669768041276895e-03
-5.298145951501614459e-04
-2.462148284938150272e-03
-4.133129529231682926e-03
-1.162072679487593727e-02
-8.033157964558911013e-03
-9.701445572969783979e-03
-5.092450064328523512e-03
-8.389578228844176214e-03
-6.646019027398414672e-03
-5.605761824458892553e-03
-5.394906773852102717e-03
-5.213503084694292786e-03
-3.024704681850323620e-03
-1.766720649946185683e-03
-5.829231968121431802e-03
-2.136231697679620827e-03
-1.483561163782358330e-03
-6.327863442330971958e-04
-5.298427507717052079e-04
-3.124152284482392770e-03
3.422737997543134816e-04
-1.272779102905663732e-03
2.448040305091753145e-04
2.079260187044640448e-04
5.380266156849444894e-05
-9.464936775787596672e-04
-2.027592713932585729e-03
-6.595526838401777250e-04
-6.484207244034204164e-04
-2.659217275448822132e-04
-2.698672805099500220e-05
3.729126728995755397e-03
-3.210118845936649266e-04
-4.755251997780146861e-04
2.737298737843496792e-04
5.450046479701015946e-03
-7.884550306262316658e-04
7.869215607811508415e-05
-1.805544397992675401e-04
1.204552035591249847e-04
-1.401699483380492925e-03
5.588761384463239923e-04
-6.557759607667629567e-04
-9.304609588120749076e-04
-1.497143367757031249e-03
-1.592514836508944313e-03
-2.751594852539491261e-03
-2.027691396584702229e-04
-5.709441216477268181e-04
-7.737801196189366716e-04
-6.025225361054889700e-04
-1.941358909930990164e-03
-2.959299228747110967e-03
-8.237035085092931155e-03
-6.016626737524462254e-03
-7.744748445027541811e-03
-4.536754786154093694e-03
-6.923260244451730216e-03
-5.512823906111956329e-03
-5.104571777238556957e-03
-3.202341214664860582e-03
-6.790220184642191750e-03
-5.720608473044858783e-03
-7.860807841639476379e-02
-6.454971752531303434e-04
-3.486372887168594399e-03
-2.641143036482316176e-03
-6.392228641467884685e-04
-3.084289678693266125e-03
-5.873757319617922500e-05
3.427262979960277135e-04
6.847745897600654094e-04
-1.899622310183146754e-04
-6.807795821786599439e-04
2.552305713418556699e-04
3.271958971693511402e-04
1.527611813212348380e-04
2.633376218805672138e-04
-2.155867202809816797e-03
-4.179283574218894764e-04
-1.890329346832087085e-04
7.282478094669688970e-03
2.757950222828608978e-04
7.094872772865789710e-04
6.374939175443617139e-04
-2.778718981994676663e-04
2.354553181409091260e-05
-1.501414476345356349e-03
3.029643894961075892e-05
-6.673248498918749310e-04
-1.548691113938172092e-04
-5.787796537920497303e-06
-1.054165201694015142e-03
-7.363790413318494063e-04
-2.274945912050467707e-03
-5.172346332538145866e-03
-4.012961080964462350e-03
-2.299717570074654317e-03
-2.265701627049327999e-03
-1.277861330127262260e-03
-1.555439704702700834e-02
-6.676917643412132695e-03
-4.000015747505171471e-03
-9.640900044385791040e-03
-8.607857041218199001e-03
-2.136330428124619263e-02
-1.172591571535584049e-02
-6.827928783442238636e-03
-5.758140632383852014e-03
-4.149231446671659482e-03
-2.176229038351742799e-03
-2.078044889850766234e-03
-1.481130405646243799e-03
-5.327523242821734315e-04
-9.275810266183298495e-04
-1.355645446446187468e-03
-2.394654144686667019e-04
-9.554966585711886188e-05
-7.023984629933748328e-05
1.164392899624431361e-03
1.052666954365033514e-04
-8.923678884065644901e-05
2.577828027568074450e-04
6.037496201260505492e-04
9.081863091231667968e-04
8.398270341345704087e-04
7.874903171689240020e-04
5.850856584111063970e-04
2.071304060359935347e-05
4.812458609623160256e-04
5.677272129059041366e-04
2.804460752629047565e-03
4.399800335866910174e-04
3.907965026799659937e-03
1.897954452790075923e-03
1.498445715668417265e-03
2.812393050206551861e-04
2.617505825673980147e-03
9.798517927761363037e-04
9.689285729062113803e-04
4.723797654953010294e-03
-1.012523164041443388e-03
-1.614934667536740455e-03
-6.105544417619235872e-05
2.402175462132163583e-03
-2.873522053843817741e-03
-7.897958140148011313e-03
-6.238573233304665379e-03
-1.593502806064090935e-02
-1.010735832810382741e-02
-5.998711181790223820e-03
-1.547370908177692940e-02
-2.253418748001019545e-02
-8.148685310857013003e-03
-2.235976103827108652e-02
-1.640007800802140842e-02
-1.102148177284077019e-02
-1.150683899743951480e-02
-5.536614364727311319e-03
-4.581411070022098873e-03
-3.827509519785245000e-03
-3.120725649431822964e-03
-1.856324616846257792e-03
-3.674365848727299128e-02
-1.204093620248231295e-03
-3.670656395322805096e-04
-7.557052135996392399e-04
-6.681570074871220942e-04
-1.188593176633298640e-03
7.824167271669147175e-03
4.714217735271617610e-03
3.401643723527172404e-03
3.277608345954092627e-03
2.948063271360474788e-03
6.647551908298972301e-03
3.977046253105420877e-03
2.427403582015195006e-03
3.669763362505236264e-03
5.415809360162775199e-03
3.779441740681264289e-03
2.696058945581363085e-03
1.109730587174350726e-02
6.071032022058595913e-03
4.838553744102754017e-03
6.446149652722681436e-03
1.940274920845823370e-02
6.431195447731887817e-03
1.238939695909440503e-02
1.800698299525354401e-02
6.791015665929087987e-03
1.161758765048919242e-02
9.553787029487956564e-03
1.671885527474028382e-02
1.341809055102221107e-02
2.537654327729306492e-02
6.857168760540943882e-03
1.259714566471860364e-02
3.685103445752098330e-03
3.415078777132283215e-03
7.334989991682903422e-03
5.103868335766428670e-03
8.340707085094987636e-03
8.606034455305309333e-03
2.882666610933579641e-03
-9.953304896582401695e-03
-1.843799565115016026e-02
-2.048700051837496275e-02
-1.112820481773600656e-02
-1.049537220287687610e-02
-9.847811555981729123e-03
-9.555076312421740409e-03
-2.407192616716329753e-02
-1.659605846370627510e-02
-1.046624952865316850e-02
-8.727136537234579661e-03
-4.255691699625445933e-03
-2.296180958108823972e-02
-1.248073477476934340e-01
-7.702567525988381070e-02
1.984850107340918254e-02
2.151672967712016729e-02
2.797158502372027941e-02
4.760832809543828065e-02
2.731982786425149468e-02
2.492011029546063045e-02
2.200419321272562359e-02
4.254655251742960054e-02
1.396033636159657414e-02
3.749837926052634884e-02
1.776941186305450171e-02
5.317802288156101703e-02
2.724498166015450890e-02
1.586714185094194665e-02
1.597585886031325370e-02
2.264649955287609262e-02
3.680485920752758766e-02
3.507629634427161108e-02
3.568755060721556793e-02
3.656027379125745963e-02
5.039821781427675923e-02
3.430179927461608769e-02
4.175765305902473523e-02
2.575059172848142425e-02
8.031339792959200918e-02
5.284936503339168062e-02
1.200607459521646075e-01
9.378204700700891461e-02
6.080482784328069407e-02
6.307664794078761406e-02
-6.086588438476922720e-03
-1.916855361061294699e-02
-7.161429679255974790e-02
-1.429076129487071856e-01
-1.319510256897508116e-01
-2.122818855177295294e-01
-2.216978837881000419e-01
-2.007045166722895846e-01
-2.428052213156470240e-01
-1.182412652378164314e-01
-1.427769572256587238e-01
-1.311941724153920241e-01
-7.846491623963401663e-02
-5.130326873501319523e-02
-1.291804724669684823e-01
-1.759108087808876897e-01
-4.994584691721400405e-01
-5.416358721208029969e-01
-4.685321343581574371e-01
-3.369801359756611214e-01
1.168954882558358582e-01
4.916248321812304034e-02
8.733590930566378918e-02
5.452142895717600191e-02
1.219805073579419696e-01
4.026362340785397120e-02
4.845327365707732120e-02
3.995184243547442171e-02
3.140320992093365016e-02
1.701482615757873851e-01
3.186963822918897904e-02
7.331238370990263153e-02
7.639639320422673963e-02
7.144048489384488554e-02
8.113005660531882879e-02
6.727661347301819306e-02
9.100419611076120130e-02
1.420170485877474686e-01
1.378036754284306664e-01
6.958220902981082645e-02
9.913576172123526875e-02
1.258307543578638353e-02
2.030257149813422674e-02
1.344389126636744425e-01
7.110851693479049163e-02
7.743726103246928449e-02
1.875597257583359601e-01
1.860371553047500126e-01
1.662848762582498918e-01
2.143746944567152535e-01
2.096487428067516090e-01
2.444478703322303659e-01
1.880647956319560776e-01
2.002051636128302781e-01
2.490561385625412183e-01
3.029128576163216957e-01
2.966868912264584157e-01
2.037324499908689246e-01
1.789033058608697491e-01
1.384699978587377589e-01
2.131504286257731584e-01
1.746604174645352836e-01
1.439617493551247629e-01
1.746505179950096909e-01
1.219500807113786389e-01
-1.107402529925423157e-03
-2.916572063949587207e-02
-9.419918122398485139e-02
-1.330605653464755345e-01
-6.570560433693671543e-02
2.397651872481134094e-01
2.368903182947053598e-01
5.106368524567949096e-01
4.407695299234387631e-01
5.706531037262613237e-01
5.164015082067209272e-01
2.945316923815221588e-01
4.432046609011121019e-01
1.120127740111627190e-01
5.652490181709168837e-01
1.587677094190615978e-01
1.901391302644089010e-01
2.940906384927717276e-01
4.248637566153382616e-01
1.913974545044351272e-01
2.943154398943966243e-01
3.261567123453034123e-01
5.567510790669842891e-01
2.003473438236449133e-01
3.770359060189241718e-01
1.617031172494989844e-01
3.018530625398597178e-01
2.244044813399699578e-01
1.654921450955356421e-01
3.060852849666781395e-01
3.829164035940220701e-01
1.753917931073698255e-01
2.588954527380383230e-01
1.528111811380381269e-01
3.078699085613806341e-01
3.196567032956818544e-01
4.143978148844621456e-01
2.586244289152392906e-01
4.576359938562393204e-01
5.127661434321754141e-01
6.190168941372899969e-01
3.623894254385225944e-01
2.626655659715890767e-01
3.015429775804460699e-01
3.886237358864718522e-02
1.785104168050878626e-01
5.171157994055215479e-01
2.599618408901511746e-01
3.338136196106876175e-01
3.316945572770845230e-01
1.131416213698685225e-01
1.422644611346913779e-01
2.429222092092413743e-01
1.681658114616635669e-01
3.406575831781651909e-01
