1.553875613574588588e+00
6.201912508528157897e-01
6.141818846135590473e-04
3.104012570011136063e+02
6.036160480790396576e+01
8.036033386895624631e-02
1.238624421325459045e-02
1.264802984696648258e-01
2.494346231359430570e-04
3.465075707846191891e-07
9.462235897965149967e-01
3.579263829675010666e-01
1.571725391597705634e+00
6.044687080541290003e-01
1.595780216412379104e-03
3.141348288343390323e+02
5.539705447430247176e+01
6.524024295494849912e-02
1.537980951468731483e-02
1.271621553536846638e-01
3.208788286505430127e-04
3.444245314880115767e-06
1.020919655558611083e+00
3.877069871119860900e-01
1.480599669173360722e+00
6.076618882716563474e-01
2.493065514677095251e-02
3.226377271475894872e+02
5.531424279978370606e+01
7.356297925865858123e-02
1.746599069604356028e-02
1.160886073372150856e-01
2.053697067979272926e-04
3.078647281551383230e-07
1.130695721162761069e+00
4.430731728199593933e-01
1.478674207158484633e+00
6.064649294249823130e-01
5.266757410304911957e-04
3.203693565275819992e+02
5.439254683100477195e+01
6.576642208012313529e-02
9.101148073248355175e-03
1.153428715757169182e-01
5.613907299380679330e-04
1.994680890830361715e-06
1.074007956048964818e+00
4.934499432244083272e-01
1.456421930817040744e+00
5.670964282762294140e-01
1.018413355223605522e-02
3.032523002019656246e+02
5.087836096985198964e+01
5.330777211526305237e-02
2.457705725299093660e-02
9.771517852772045043e-02
4.045248232183625285e-04
7.665979739890360634e-07
1.037799282510574406e+00
5.240005573783316217e-01
1.513350252602224666e+00
6.091599433340847414e-01
1.866319885433324497e-03
3.240881959657415337e+02
5.513916232216794810e+01
7.096726195673179471e-02
1.066630890228144855e-02
1.181946108626911601e-01
7.502872056586173954e-04
2.002065520774939149e-06
1.065902453447287401e+00
6.064112888836152848e-01
1.351601547880082466e+00
6.300337188757720863e-01
2.004612003262777056e-04
3.190868643952929915e+02
5.362490848746119809e+01
6.852134085325219115e-02
7.122637456021448273e-03
1.136705464079882794e-01
4.151525548704940871e-05
2.215613118898100147e-07
9.792814417811768202e-01
6.824686796742553963e-01
1.461772396996350754e+00
6.342866041313122150e-01
3.848900723838847844e-04
3.338431902725659484e+02
5.445726756923251344e+01
6.169826961591925313e-02
1.041789718795501328e-02
1.168996408341745480e-01
6.544065783486985310e-04
4.860180628322533520e-07
1.111965356194023924e+00
7.530618118668115368e-01
1.472371058778801034e+00
5.812978562867703314e-01
6.074870778823478890e-05
3.281293877068664528e+02
5.196424071539288292e+01
6.063375580446228597e-02
9.474778376877823760e-03
1.220779988463223803e-01
5.456749219182969188e-04
3.383988478322663696e-07
1.077093773685254385e+00
8.498728096032797108e-01
1.368500741608471349e+00
6.256278109005772858e-01
2.010640019737645336e-04
3.151803162734073567e+02
5.242482377092896684e+01
6.178134474711752949e-02
8.932609803239769178e-03
1.137411939931998184e-01
9.613513189421496463e-03
2.315229711650582949e-07
1.028110561577139093e+00
9.690589099070948675e-01
1.461713488185525156e+00
6.280248832318664487e-01
2.597285618614423859e-04
3.133679103361315015e+02
5.250384187865962105e+01
5.048644694276201855e-02
3.721717304363177711e-03
1.066059841243027773e-01
5.827606778123032303e-04
6.543750541432302725e-07
9.634673204836169402e-01
1.071215491508325179e+00
1.451688980675776675e+00
6.203720661043355955e-01
3.550301312956379300e-04
3.217783132402155388e+02
5.325619193149133679e+01
6.722285272801424572e-02
1.498755702430779914e-02
1.092384196725286055e-01
2.685220484022199372e-04
2.764877900703529021e-07
9.638766949860249067e-01
1.191890791880842349e+00
1.475205866638740426e+00
5.507103887612551096e-01
2.951939577370647490e-04
2.999197863863340103e+02
5.299118663048410838e+01
6.123538902650752652e-02
1.055051700091976484e-02
1.186860076187623569e-01
1.009534652263166521e-04
4.247326934603279369e-07
1.043022234791992409e+00
1.357232851868115375e+00
1.466472183943185348e+00
5.725170028564577906e-01
1.206034506145980956e-03
3.275081028561399989e+02
5.444330639837726693e+01
7.282112224681891455e-02
8.514505089344629254e-03
1.162859854680046573e-01
4.745794413489138881e-04
6.085882649683090878e-07
1.071459630447605837e+00
1.520072556452917834e+00
1.453433752787996802e+00
5.698445314241982196e-01
3.334373560574347968e-04
3.488404398570910985e+02
5.295550103123164121e+01
6.400038732847963818e-02
2.427988485292353893e-02
1.065367157965957379e-01
2.341541823491777308e-04
6.430271648483198987e-07
1.031343712171671090e+00
1.719340424769501663e+00
1.475761500076081978e+00
6.281318764013332778e-01
4.981435067637669974e-03
3.284885487292502830e+02
5.973386526878314129e+01
6.871733285843488470e-02
1.362652131372358612e-02
1.211524780394694217e-01
1.695990947144417613e-04
1.504199981239295880e-06
9.669821741356924294e-01
1.938066801139481043e+00
1.473209428573561297e+00
5.911940341094620299e-01
2.094400061140403726e-04
3.379295785283989630e+02
5.768811509104945401e+01
7.820453746531323691e-02
2.999794208963790787e-02
1.362020377607464638e-01
1.946087089033099460e-04
4.676461551333943589e-07
1.049918059910812884e+00
2.168522808013218839e+00
1.531528520974767105e+00
6.617124870849350193e-01
4.508742540210164407e-04
3.411446615545292502e+02
5.888907085993866986e+01
6.581020528599694497e-02
1.109689800622796520e-02
1.276312337649780082e-01
7.446241503857494717e-04
8.162014786261551080e-07
1.076590742947922896e+00
2.435875158976176458e+00
1.555531483042980279e+00
6.609905381410929870e-01
7.312081330960543699e-04
3.197816946388546739e+02
5.583275549693838968e+01
6.299961726310236709e-02
1.606184622519972113e-02
1.080526442858479735e-01
1.685277409002594595e-03
1.146502043303243568e-06
1.040442955199233133e+00
2.726580900008299224e+00
1.484495213352395870e+00
6.441342762597243032e-01
4.733436813138721115e-04
3.270698298308136032e+02
5.544013233436414367e+01
6.743058399807377867e-02
1.188412395971930914e-02
1.178760984377913434e-01
3.811922206220508258e-03
1.258509348585808544e-06
9.964459981264718325e-01
3.076131306855543368e+00
1.437455984951920396e+00
5.769258089022953895e-01
1.063167658414225112e-03
3.377157216304058238e+02
5.364028031711884381e+01
7.103860345958890044e-02
1.891860006817402962e-02
1.092547414472363060e-01
5.760003155349154849e-04
2.033541686892922133e-06
1.071653812976651299e+00
3.429906926650649446e+00
1.465534936962476165e+00
6.501728739128042056e-01
3.011653978516696801e-04
3.410343410225308389e+02
5.542749892537354128e+01
6.277497532346520970e-02
5.300720022138882825e-03
1.250425505898618839e-01
3.998249549404716001e-04
3.507868847248592501e-07
1.036797969891082749e+00
3.888699352382293917e+00
1.469229682704508821e+00
5.713608521150919106e-01
3.896173163320248989e-04
3.426623665974198616e+02
5.628735954769511096e+01
7.626931481571712357e-02
1.044638599104382413e-02
1.085741105892934488e-01
1.408568329386294948e-03
9.632355764862174014e-06
1.030725068070342809e+00
4.372585737565048980e+00
1.448676340109184002e+00
5.869836594903863336e-01
2.478028768922631579e-04
3.303017799473576588e+02
5.063647167256105064e+01
6.772786961512326787e-02
8.004160572453825409e-03
9.226827545980957612e-02
9.951898294021284137e-04
1.149937361074234407e-05
9.780839673660836064e-01
4.924392223052971751e+00
1.424789627149357196e+00
6.026594739466079043e-01
2.981170269126624524e-04
3.294474201799559978e+02
5.150014665330721186e+01
5.646627285738429342e-02
9.722039151951097566e-03
1.100001559469857976e-01
5.839875818314244071e-04
3.941911391377080765e-05
1.008500992753682324e+00
5.548204223005890334e+00
1.498959563593399213e+00
6.009721775098564311e-01
1.553947573927165092e-03
3.181974841451394127e+02
5.512793980753776424e+01
6.388676112023354559e-02
3.258897637913871215e-02
1.177295680367248104e-01
1.357160042408933620e-03
8.507732111399471959e-07
1.071359830613233033e+00
6.244452986315695675e+00
1.438486375624059344e+00
6.475074504020739141e-01
9.792052999761196013e-04
3.404341286789350534e+02
5.697487062510175093e+01
6.536403984352401331e-02
1.678505894148011809e-02
1.159826017722132008e-01
2.536194868526150167e-03
1.471036958911042802e-06
1.020462279058646171e+00
7.032941028980834730e+00
1.403149388447914481e+00
5.929858097899752822e-01
2.051820251632493260e-03
3.264439951849786894e+02
5.022035716634390923e+01
5.654928282698423736e-02
8.336583473234071562e-03
9.391536186305060596e-02
2.744940020965591643e-03
2.742570102502265523e-06
1.060971185041126308e+00
7.901503721165670235e+00
1.529569555222927590e+00
6.269164916151426237e-01
3.974375665788398848e-03
3.132373327997225374e+02
6.116199771368483340e+01
8.051197207121219002e-02
3.391680550252074156e-02
1.331333660606559555e-01
1.281865725975365501e-02
9.237975641858872295e-06
1.035190896900872515e+00
8.924336658297873370e+00
1.519130668645877424e+00
6.222726932688992241e-01
1.499310947524386652e-03
3.307699537668843277e+02
4.957996064747069909e+01
4.933196068255818467e-02
1.955348926671596210e-02
1.032235854791248714e-01
6.309333550280626923e-04
1.354730796117772083e-04
1.102569153060365403e+00
1.003671126237434486e+01
1.445596695876062654e+00
5.398919302677978038e-01
2.007952616807825161e-04
2.598993945522960303e+02
4.598089822894976919e+01
5.054293028106301294e-02
8.186082241362635514e-03
9.503810784621258279e-02
2.326337106913397288e-04
5.627397140865278997e-07
9.380545408735174728e-01
3.399733135467382095e-01
1.452759471757551379e+00
4.675417296413889590e-01
3.814974378883266288e-04
2.648249369700227476e+02
4.351230527490903199e+01
5.793755668976700163e-02
7.059792832614375513e-03
9.921579113025454089e-02
7.957231233331659706e-04
2.895069646976130015e-07
1.013997697977960133e+00
3.808563151859936102e-01
1.370530352445497924e+00
4.910229979142348156e-01
2.783728921799492602e-04
2.740617695532878884e+02
4.353371358780223943e+01
5.950480524474407312e-02
8.365683655126021634e-03
9.807949645324054444e-02
7.653267760458307709e-04
9.659205139437669862e-07
1.124051462635192955e+00
4.176823981811164654e-01
1.388150985817021565e+00
4.626034031633973753e-01
1.204045025772944701e-03
2.612798520378786407e+02
4.392264007073310239e+01
5.174203004848498821e-02
7.933614264480729275e-03
9.556277067654568580e-02
1.036393056857987105e-03
5.830975924325798587e-07
1.064867891064909866e+00
4.734616741585323529e-01
1.356240185967274137e+00
4.393531485451443452e-01
1.326662838929681953e-03
2.506963580997258987e+02
4.058953307230235197e+01
4.932607794885986857e-02
1.142517809441708464e-02
8.827324394400186403e-02
1.409900999451337402e-03
1.740830104142905958e-06
1.028577276637543614e+00
5.315593877694957392e-01
1.391394510880596735e+00
4.820157815342395735e-01
3.414104278903762335e-03
2.769641966142256706e+02
4.374027267264530394e+01
5.517680605202265193e-02
6.635535537578378211e-03
9.431090696890483127e-02
1.513314586339594260e-03
5.753335865129234797e-06
1.058587335228467152e+00
5.980611253804001270e-01
1.225363407296061080e+00
4.985631306500092341e-01
1.088359264108292425e-03
2.713562105255714414e+02
4.335140422792594705e+01
5.932345917939822050e-02
4.048092665935125282e-03
9.225186031341185700e-02
4.065317644926421010e-03
2.518294739406456983e-07
9.724511085255739262e-01
6.799046720360455431e-01
1.348725235775115161e+00
4.870262081100270590e-01
6.022086000978532638e-04
2.786184471745864926e+02
4.374261437779104966e+01
5.449254398281477840e-02
1.195747130951681746e-02
1.019787322243300293e-01
7.757688899360607468e-04
5.061063272175184719e-07
1.101054080798241630e+00
7.561964889415428992e-01
1.376242244200212017e+00
4.404165308080854047e-01
8.234009886513385954e-04
2.758805768709178778e+02
4.097088517067825109e+01
5.715496982100498613e-02
7.415314088745257777e-03
9.129801539400350663e-02
1.098112576251401460e-03
7.319124399144764110e-07
1.069231329022383603e+00
8.377851946755644486e-01
1.273091800791007699e+00
4.564884586982897452e-01
6.112962197657445529e-04
2.690576245702940810e+02
4.221130532064621832e+01
6.020465197294119081e-02
3.080610293089887982e-03
9.026846441602676130e-02
2.611105960577860268e-04
7.592682464233982981e-07
1.017893412666999620e+00
9.499367359698916990e-01
1.355483263002766003e+00
4.617261650274372409e-01
1.887241997603853751e-04
2.634208674432916837e+02
4.231828889114522951e+01
5.269382078342266240e-02
8.011186865083027783e-03
8.715258901754914522e-02
1.288918454829997675e-03
1.189847033863008056e-06
9.538918889301805093e-01
1.064521885724937889e+00
1.345324515237135810e+00
5.321224496467843457e-01
9.603763618618957896e-04
2.734690513803229237e+02
4.077904907337615015e+01
4.525452903988425035e-02
2.977735332397128069e-03
8.567706695502737280e-02
1.509389283301428573e-04
1.276232428996474818e-06
9.564598267159828415e-01
1.192241717233232690e+00
1.366266593929849060e+00
4.173005645627910210e-01
1.216221140989034001e-03
2.593997444669884658e+02
4.199841573331127620e+01
5.750128435769719104e-02
5.386824518684625758e-03
8.421668512363182646e-02
3.760458296253599286e-04
3.893091034730862829e-07
1.035355177211618072e+00
1.343197510847638831e+00
1.365663636032758754e+00
4.648526602411920949e-01
1.896445282062453330e-03
2.676422241384520930e+02
4.304251176428037695e+01
5.230988570033567875e-02
1.001291722762716850e-02
8.905853645282217623e-02
9.722839291366932582e-04
2.111791549038362963e-06
1.065100591941483321e+00
1.514904129796232013e+00
1.366539971409572951e+00
4.686419299906059432e-01
4.638379674237746997e-04
2.815024159558322481e+02
4.105119560933201228e+01
5.578698857919284215e-02
7.950709685827783701e-03
9.310773939543715016e-02
1.420822962698113255e-03
8.783824353060983841e-07
1.024710705692325918e+00
1.699058912197197957e+00
1.378727269438636771e+00
5.150028423601294980e-01
1.368367331548251851e-03
2.709259407447199806e+02
4.611812039306819599e+01
5.383147339254971270e-02
2.776547247990146516e-03
1.022139478792131601e-01
5.395929977910126621e-04
8.564267656163693232e-06
9.588425284150198236e-01
1.917782031582263569e+00
1.367437153533945793e+00
5.082921985057849978e-01
9.520395886993456838e-04
2.841986995967718599e+02
4.449091548877505886e+01
5.630168026902378914e-02
1.694291205799706643e-02
9.486048484163751848e-02
2.017960430994447663e-03
1.555050022084003558e-06
1.043426578816345485e+00
2.145263214591666134e+00
1.419469246224934089e+00
5.341260372647909094e-01
1.616721388884393871e-03
2.882657735562592620e+02
4.669187859279695374e+01
4.975670443592335873e-02
8.517021443578872905e-03
9.519380206729859129e-02
1.262010732701786654e-03
3.045032613095225667e-06
1.068562878348537248e+00
2.413051900496973712e+00
1.447900329462212587e+00
5.371751108042016609e-01
1.665355933772594277e-02
2.643155733880759044e+02
4.347623783740964143e+01
5.192646802367195669e-02
6.620497176631119814e-03
1.013726374527531143e-01
1.452366872837599797e-03
2.113030393250762369e-06
1.031794136487207636e+00
2.722093894419857385e+00
1.368050958050389454e+00
4.808600938520813939e-01
1.904979581209461368e-04
2.735581342589278506e+02
4.628315215324447962e+01
5.244007253145666070e-02
7.834008182370602938e-03
9.764835341562472237e-02
6.869232991072818937e-04
1.448228031941667382e-06
9.882191529700583565e-01
3.062845670574423362e+00
1.304449613750226833e+00
4.729686597408947479e-01
8.217350567552017537e-03
2.889969773863402906e+02
4.233990627836023179e+01
5.108624501364289472e-02
2.050453701979796858e-02
8.836603800105684303e-02
8.771263702559798378e-04
7.891681845043999627e-07
1.062882781789111553e+00
3.449944927309705811e+00
1.361852935283105470e+00
5.511827836346072651e-01
1.253605594642159815e-03
2.791067625644573127e+02
4.194329678440026044e+01
5.198156613959725725e-02
8.992170160487811259e-03
9.485388191661965618e-02
2.545661363489992723e-03
2.048184194469726549e-06
1.030545481435866328e+00
3.886148155018348316e+00
1.361459321127086008e+00
4.760322068780482030e-01
9.353877541196098377e-04
2.890714249009732271e+02
4.301304015085965204e+01
5.445820626939767983e-02
1.640088714265537997e-02
9.014517709381997257e-02
1.513668362175997874e-03
6.987110945377850157e-07
1.021892809801193014e+00
4.367125543635865803e+00
1.357516298179184400e+00
4.851441073213297872e-01
1.298045567218094167e-03
2.756801488063392185e+02
3.941658334962601629e+01
5.033085876248732937e-02
2.094737861333406670e-02
9.090167564466493377e-02
2.243513057363181410e-03
1.347006382360997231e-06
9.701914299628280336e-01
4.911055566910105696e+00
1.339559857178483249e+00
4.968884988718095252e-01
1.586821140912390458e-03
2.709693787390606303e+02
3.999044259448531591e+01
4.896009913950375575e-02
6.792297498912451374e-03
8.925152692581539426e-02
1.332828113642658963e-03
1.759895303876657380e-04
1.001383705101371868e+00
5.532996447373685456e+00
1.377640238131204065e+00
5.210773065941162185e-01
3.676587329779860362e-03
2.694700817246027214e+02
4.146252498081932458e+01
4.612308745840879715e-02
1.936089765139555399e-02
8.998922607239741300e-02
4.080868539235726900e-03
6.321421156899968516e-06
1.066673980228261209e+00
6.241201322813209273e+00
1.311762469559740740e+00
5.367487483428856621e-01
2.733905661350677363e-03
2.905908859329070992e+02
4.454560914188963494e+01
4.824677881398545948e-02
5.533072939913526340e-03
9.804048296095380088e-02
4.540494131057466916e-03
2.958833840901083694e-06
1.014266278018312928e+00
7.026185342859737837e+00
1.311272321048682743e+00
4.929322699129342622e-01
8.199076754959270250e-04
2.727078816370518553e+02
3.776895111480305189e+01
4.697691434950024281e-02
2.042448929072311972e-02
9.325680177261579107e-02
5.178938695921120328e-03
5.717670079989171747e-06
1.050469388526686920e+00
7.903254678987869042e+00
1.409825438686927557e+00
5.280606852264095874e-01
5.275415922179060857e-03
2.608677903217950984e+02
4.854179678607695791e+01
5.772331188647802230e-02
1.090855925366211211e-02
1.116695953553255710e-01
5.662113828710142911e-03
1.092699288459305199e-06
1.026858729534321002e+00
8.906009423310116802e+00
1.421314885643831794e+00
3.865927499281865409e-01
1.024915931453485030e-02
2.798304489225882890e+02
4.295126032957945483e+01
5.729395523663693979e-02
1.536425259113053700e-02
9.600288292107572730e-02
9.069856564998998380e-03
8.563590018588010749e-06
1.092703121522313081e+00
1.001829377718808445e+01
1.340154524115923840e+00
3.832799493352800346e-01
5.084864358021838442e-03
2.187017008137441394e+02
3.637301365041321333e+01
4.523083489145577479e-02
4.960041996996770834e-03
7.485483898649336609e-02
3.432209313701065859e-03
1.254531722949536743e-06
9.333046554932481476e-01
3.374356102884068509e-01
1.351265944492989091e+00
3.355659434473873826e-01
2.422105102539706678e-03
2.211168241970108852e+02
3.485553602546768559e+01
4.681994075210008793e-02
6.387382533917795868e-03
7.788219992502232181e-02
9.376189929314696428e-03
1.346828412870001121e-05
1.010595067842742001e+00
3.728263725644482274e-01
1.282041857229717641e+00
3.812712432040104016e-01
4.051205191596407573e-03
2.243040220663941398e+02
3.284592242822695596e+01
3.813618658293216335e-02
1.345446062866462178e-02
7.915585358393799342e-02
3.221335494470641599e-03
7.120313875545273303e-07
1.118687465593150909e+00
4.177790805066253221e-01
1.289260526938083462e+00
3.309813748922326715e-01
4.279286400190225777e-03
2.220472046797095231e+02
3.393842631251735753e+01
4.484750906382969221e-02
5.220535686243736422e-03
7.416708640847387290e-02
2.124028804576886479e-03
9.403897790101941583e-07
1.060358224319326137e+00
4.687620993404472136e-01
1.286071758899184125e+00
3.650693306798681315e-01
8.203663768850214325e-03
2.036841816282251045e+02
2.826553734343103486e+01
3.917497609397339181e-02
1.242278625169050167e-02
6.727526147502309317e-02
2.008204994585390327e-02
3.066805067305130354e-06
1.025303707666871178e+00
5.197825103605379082e-01
1.321516918791362238e+00
3.890635904405266299e-01
2.510872433793739141e-03
2.222298845685263018e+02
3.168621498122501023e+01
4.489348606023420979e-02
7.077111523442110481e-03
7.256410714556553454e-02
9.192383181113225263e-03
1.881636977711191202e-06
1.054480376301353273e+00
5.845929591298237860e-01
1.139607786271068290e+00
4.072843565004387045e-01
1.312213685294993937e-03
2.242009589352266232e+02
3.295458631547209194e+01
3.721105868456827531e-02
1.171991454393765154e-02
7.394909188460456473e-02
8.282725027778750984e-03
7.365500666785725250e-06
9.679480903264408020e-01
6.659407293376614634e-01
1.261961480899929322e+00
3.628494949130810499e-01
8.406419785315458540e-03
2.330774295584331526e+02
3.303955864210087157e+01
4.858821115821069375e-02
8.341815668309418910e-03
7.200388721762356059e-02
1.184335187469261717e-02
2.571983510798088807e-05
1.096958332162138339e+00
7.425357238357729317e-01
1.288066504211571317e+00
3.464907802729362829e-01
1.480794655213853563e-03
2.313583399336575610e+02
3.095389437522334930e+01
4.113671119978142693e-02
1.484935972137132153e-02
6.949117873111070043e-02
4.271033820328155699e-03
7.262516245054584374e-05
1.066116989036919316e+00
8.311136205240554631e-01
1.184964292118512175e+00
3.922682142498819524e-01
1.224374053291714002e-03
2.224048580182080457e+02
3.028231182009790601e+01
3.677536174479153347e-02
1.310925882807012499e-02
8.208110458318891578e-02
9.333444239414031771e-03
4.867538080007467918e-06
1.014379446164579868e+00
9.464209854373154540e-01
1.275441348765541383e+00
3.841562169136373828e-01
5.274795078724636710e-04
2.131446765428368337e+02
3.042039962918134677e+01
4.334906700908525146e-02
5.939403202457708801e-03
8.033985772846567730e-02
2.326809963820730687e-03
2.046898062157964659e-06
9.499158359543777852e-01
1.056994892710249268e+00
1.263447561655654194e+00
4.134850467576260402e-01
5.442048310618415865e-04
2.332399081381432495e+02
2.972274831520771343e+01
3.714934468514452526e-02
1.732903226857041012e-02
7.113435571622177267e-02
8.960921073664085412e-03
3.092959100318518761e-05
9.520726012354892021e-01
1.183331269975194777e+00
1.294417057738415311e+00
3.799612744272873877e-01
1.446068661725881908e-02
2.047737053209836802e+02
2.866191230224895392e+01
3.750788001212016637e-02
1.041028383947928404e-02
8.217180684310469718e-02
1.815083818696439089e-02
5.148641231874269600e-06
1.033038838619769084e+00
1.334340875259929060e+00
1.282290188486460591e+00
3.723274755206693043e-01
7.814254811846129897e-03
2.260020612707110388e+02
3.036005459385420480e+01
3.606880355606264382e-02
8.070780893300785394e-03
7.469732439478644903e-02
2.100574794032065637e-02
3.807136040460494249e-04
1.061273266898597134e+00
1.500438986952482789e+00
1.273236363790594128e+00
3.735640443185325177e-01
3.391575209045945890e-03
2.311549555322319236e+02
3.064865063319921035e+01
4.189406648336483491e-02
1.214100247799998478e-02
7.234645897701101613e-02
3.759510903385739674e-03
3.699193984463278184e-06
1.020980767817972978e+00
1.697690367284093726e+00
1.295634552577797249e+00
3.962766204381760193e-01
5.085221347291464696e-03
2.198289057422959445e+02
3.404609683619028004e+01
5.437878970118714683e-02
8.980081065969777385e-03
7.289631100440563394e-02
9.234631873311638373e-03
1.230169706841384828e-06
9.549596433207576673e-01
1.904101831090126540e+00
1.290123306011740301e+00
3.985155314939110571e-01
8.769792341304741843e-04
2.287072338037152974e+02
3.319486183374267085e+01
3.541027362591134958e-02
6.060417656763202217e-03
7.758966793722972544e-02
2.936516860293133298e-03
1.923616734419061107e-06
1.038979619774037078e+00
2.140234139775452959e+00
1.316249586889234102e+00
4.018443600701064322e-01
2.011188954344674592e-03
2.449786505128382998e+02
3.519102382263448447e+01
4.121277694540403935e-02
1.296090808754849812e-02
7.630952363991878873e-02
3.217807020000629237e-03
3.130251132373492500e-06
1.065037054385901349e+00
2.406200128705350050e+00
1.367123272921531463e+00
4.112194537749562784e-01
1.135498867034049654e-02
2.147304541549938222e+02
3.316937465768636173e+01
3.976170760822498457e-02
1.200721570019195640e-02
7.490395521581594274e-02
1.514215407936355361e-02
4.197284538450436933e-06
1.027204208793247586e+00
2.714710817085673966e+00
1.294801063721756407e+00
3.967940703701951510e-01
3.870702349204983243e-03
2.189811125965869110e+02
3.245585400970158929e+01
4.470836986662322238e-02
5.829837557191908104e-03
8.306616188333466877e-02
7.482723430030091549e-03
2.149670367638615527e-06
9.838389299778425023e-01
3.056290728021250569e+00
1.219536271892259105e+00
3.668374790232316607e-01
6.428303680613052691e-03
2.393011428206058042e+02
3.229563713040045059e+01
3.718246417731552178e-02
1.554286839312949732e-02
7.465832266427459285e-02
4.770408027815475904e-03
2.004479499421544725e-05
1.059413937315539789e+00
3.438397894895843798e+00
1.274415784347882274e+00
3.696217306194109486e-01
1.821192706647859968e-02
2.397013348335817398e+02
3.374992570599852826e+01
4.692987542161963788e-02
4.897280221688449231e-03
7.533350939639323063e-02
1.269833678199291070e-02
4.935555782588825671e-06
1.024492705315319885e+00
3.869898248212060743e+00
1.278046893981206411e+00
3.713949098047193420e-01
3.539704714291177275e-03
2.362070136608755035e+02
3.282762361458490119e+01
3.862845950991881244e-02
9.281790098949102216e-03
9.198461994105085193e-02
1.016577750930965605e-02
4.896109092230223517e-06
1.016522209648869524e+00
4.362733871659434826e+00
1.294825551899597915e+00
4.101728248800192711e-01
1.823185172944071300e-02
2.205043463949013187e+02
2.871528811259843650e+01
3.376854891665170832e-02
9.920747587754963348e-03
6.274911059137022740e-02
6.680739267959460818e-03
1.093839800218413979e-06
9.662155001738133020e-01
4.905325487950774388e+00
1.260697701261139558e+00
3.926296930230795401e-01
1.274772257238709905e-02
2.291682082875606454e+02
2.906118143421707600e+01
3.388519724210059536e-02
9.647953970074821597e-03
6.933865328042447540e-02
2.712677633136169678e-02
5.041775413827664920e-06
9.970446201728803137e-01
5.522841688372142954e+00
1.296095966678365796e+00
3.341565314260182551e-01
2.437427467151069213e-02
2.191006886416552675e+02
3.353499017248075376e+01
5.347984511531918977e-02
1.731860103445503896e-02
7.486177024557856552e-02
5.874860811722060205e-03
8.661763486091563963e-06
1.061356051120041943e+00
6.237147157958159660e+00
1.237033095901742596e+00
3.981196086830156022e-01
2.430752677699543618e-02
2.352058465677108074e+02
3.319892777625707225e+01
4.959118357806269195e-02
1.020722190985071977e-02
7.873064154719593144e-02
5.780887795699592331e-03
6.061724494762129456e-05
1.010141874465987799e+00
7.017567434509472513e+00
1.224744016070552055e+00
3.561844712122804735e-01
1.812167877014806902e-02
2.300284979798592815e+02
2.924120450847813046e+01
3.942334572474651827e-02
1.150306363738769731e-02
7.429228737301045438e-02
1.694161782750021675e-02
2.661989404110591258e-04
1.045863642820493711e+00
7.899486806644307357e+00
1.295713765253905025e+00
3.513676267270727238e-01
2.433332304441944774e-02
2.270710430437622165e+02
3.865911724970481345e+01
5.198403787505060519e-02
1.840579494361190352e-02
8.632276019668687350e-02
1.222530062532737639e-02
6.391311814975726882e-06
1.022558439138722797e+00
8.893586518288481457e+00
1.341335028968585918e+00
3.221013654338669707e-01
1.188977962260547548e-02
2.276153204613659398e+02
3.032813062585610098e+01
4.550469943195856182e-02
1.758225404193865596e-02
6.822216026905840447e-02
1.934118939019661629e-02
1.036566499375742441e-04
1.090242784243729890e+00
1.001510310838404116e+01
1.293419387796670206e+00
2.804685286827739432e-01
6.527946855342896086e-03
1.796949460959183966e+02
2.885523810792132338e+01
3.528049278511321413e-02
2.022229251468591824e-02
7.615529456386216367e-02
1.015287277358889462e-02
1.054008238650835058e-05
9.316066667056381867e-01
3.271334327408353948e-01
1.293603924294104646e+00
2.607431709248505536e-01
1.284190140806718006e-02
1.927722565675351802e+02
2.571764640777882605e+01
4.394908960636915302e-02
3.298808647683356549e-02
6.239928468210198531e-02
1.329190000001016260e-02
6.013714261750753756e-06
1.009261679519920074e+00
3.639583464400939494e-01
1.227698651709788980e+00
2.602205871366854439e-01
9.783345873909388146e-03
1.933997516133161980e+02
2.623560198216649297e+01
3.613215242793491738e-02
1.392229536409569056e-02
5.685280917581506804e-02
1.155339305443462729e-02
4.247700178631556675e-06
1.116988187598392468e+00
4.121465125600496382e-01
1.238424741187106992e+00
3.016105333120651100e-01
3.697502681715610778e-02
1.827892281131675816e+02
2.459667922265704476e+01
2.989498910012285474e-02
2.221051447875617771e-02
7.155559006088625662e-02
1.763646787202866051e-02
3.574744148841328080e-06
1.059424657623844190e+00
4.607388686748392082e-01
1.227488844092293085e+00
2.808669883286929458e-01
6.520362921321372351e-02
1.733321886928226547e+02
2.338723330111047005e+01
2.192857027343471724e-02
2.234980044906187402e-02
5.435468043011315586e-02
1.279179845428690676e-02
3.908154562137777788e-04
1.023981916288315475e+00
5.155342953076841317e-01
1.257042644491812800e+00
2.993460094778984115e-01
3.085130861961530788e-02
1.873924609635948570e+02
2.521963121004878161e+01
4.001172002075873563e-02
8.128846786444507075e-03
5.545655686795177702e-02
2.163969926225843207e-02
5.825008513686095324e-05
1.052557200819450367e+00
5.882417084269867535e-01
1.100838638000269709e+00
3.196403673953093216e-01
9.971639080236238684e-03
1.792184459322558610e+02
2.449925222931653579e+01
4.112892968336131355e-02
1.359174658787098977e-02
6.094043083849273040e-02
1.304163999588288901e-02
4.894216271515242778e-05
9.660865997905981883e-01
6.667767425159596417e-01
1.225771777533638751e+00
2.871926450806269182e-01
1.987172280520921319e-02
1.867068174178066613e+02
2.541952328199078437e+01
3.356798439721105781e-02
8.677078561469819817e-03
6.565787295790455336e-02
2.657970454255827522e-02
3.573567226577978317e-05
1.095109426337596448e+00
7.325239653528190509e-01
1.252683921363182629e+00
2.868281818315258636e-01
3.049547957250468497e-02
1.956494448168878648e+02
2.135124339587050102e+01
2.833372075154068706e-02
1.723444322944134299e-02
4.935567372670498359e-02
3.648664693517803675e-02
6.451164667279722473e-06
1.065031782954160455e+00
8.191152352417989668e-01
1.133900658366354230e+00
2.933283054930790335e-01
7.491359266152223910e-03
1.971822441413120828e+02
2.325482583646710211e+01
2.612913982255974862e-02
1.570526224676423513e-02
6.114297295835569024e-02
4.215682349055042272e-02
2.239561916158224473e-04
1.012806451323385204e+00
9.294831484065674276e-01
1.219809373858417700e+00
3.069606018632950462e-01
3.477638634548085861e-02
1.799339001926183244e+02
2.430524523820984228e+01
3.414972361149663099e-02
1.427615013258794717e-02
7.103312314170791286e-02
1.056429937360917927e-02
2.263907193748397256e-05
9.479086610374203303e-01
1.048984770896595142e+00
1.231204516594817333e+00
2.948101284591534421e-01
4.143951674630182852e-02
1.937436610766064575e+02
2.280999786493508807e+01
3.542139903263315931e-02
2.156563880897725480e-02
5.334999705940609432e-02
6.433358936911807817e-03
1.427355513783368224e-05
9.498612786731102098e-01
1.180983007328641587e+00
1.231621702703170618e+00
2.636490646646505454e-01
3.817698838422534102e-02
1.806674073964344416e+02
2.410450486933707381e+01
2.961935916271548133e-02
7.597556432740552694e-03
6.049080055786267701e-02
2.858208041349730166e-02
1.010970797447422778e-05
1.030984054317966470e+00
1.327337065503496172e+00
1.220998621442228371e+00
2.632966394341555993e-01
9.905766290257966844e-03
1.965838795386774223e+02
2.404200586470807721e+01
3.289901473857437253e-02
1.157606466031246839e-02
6.370252632598716325e-02
4.038745282001395681e-02
7.897791412895631402e-05
1.058832739828911240e+00
1.500066828363283422e+00
1.216444422555891691e+00
2.763986874989946552e-01
2.560893486770650720e-02
2.082345578542247893e+02
2.543748554666232664e+01
2.845622212483966962e-02
8.620535654248659072e-03
5.298324681615914494e-02
7.543550883254424022e-03
6.189709132464749075e-05
1.018570680884971047e+00
1.679599285120148666e+00
1.218370347378962437e+00
3.054789451477005202e-01
5.264637016316742191e-03
1.938586740225655944e+02
2.626651322490305063e+01
3.858999480507163682e-02
2.294283002716908729e-02
6.855959913370328340e-02
2.935854519410437471e-02
4.959693940727778930e-06
9.532586157735796206e-01
1.905045232360142560e+00
1.236427230415472867e+00
2.805459075181444550e-01
3.592528658914647538e-02
1.990909834349954508e+02
2.482958606171884952e+01
4.262838981770600277e-02
8.217133049924033386e-03
6.655380643056189871e-02
1.003060351557801509e-02
6.144201183018911841e-06
1.035788210981847479e+00
2.138598777951607577e+00
1.275737565403882057e+00
3.223629751203345162e-01
1.693192017500807015e-02
1.967565420137141814e+02
2.667678753486670828e+01
3.485673491177380262e-02
2.433503756274861193e-02
5.495603327798822407e-02
2.276624421412298815e-02
3.652298909954480584e-04
1.062131229965598056e+00
2.407933185031504220e+00
1.294665386828811826e+00
2.771176485018104207e-01
1.729120157030750171e-02
1.900022082135361359e+02
2.654665675445704665e+01
4.154278109824716125e-02
3.016019079237578990e-02
4.758576016967719369e-02
3.757395773672881495e-02
2.272367389921647884e-04
1.025381646958689830e+00
2.717095077707924577e+00
1.225013711955989182e+00
2.690576117475029227e-01
2.747311188044758087e-02
1.971791790896052987e+02
2.600383906215911267e+01
4.272419297262075588e-02
1.878907839397703228e-02
6.160529951425205292e-02
2.318349820986294677e-02
3.534049265304280434e-04
9.818203178894147065e-01
3.049130991032200644e+00
1.180971169349735339e+00
2.810701154733992735e-01
7.253017285381302415e-02
2.020303455408280513e+02
2.339154439765871629e+01
4.189285000158656652e-02
3.394608332010403545e-02
6.358850524480115507e-02
1.595232546435232379e-02
2.458685584387036366e-05
1.056720838415037056e+00
3.432691758651919223e+00
1.238964444904030238e+00
2.850896801083284138e-01
3.109796192533227990e-02
1.887986110066610195e+02
2.496618807047140010e+01
3.565488352127998972e-02
1.230823080149619740e-02
7.464905207975047752e-02
2.946537893799098737e-02
3.457524464992959841e-04
1.023437300243919434e+00
3.868493857519951895e+00
1.228852582055223186e+00
2.915590461465019101e-01
2.576040253676377748e-02
1.981421394914243876e+02
2.379919620423746451e+01
3.254142958857841883e-02
4.331313267433301029e-02
5.656015636871051383e-02
2.156247022958949697e-02
9.781951659793008957e-06
1.015499054569037662e+00
4.355968819033088302e+00
1.246676715688821435e+00
2.818764651088675466e-01
3.071707333947385973e-02
1.890178711180286939e+02
2.089400884006056813e+01
4.287627676828701523e-02
1.845934339420411338e-02
5.891211016307110887e-02
4.891333456288707998e-02
8.948925270072886895e-05
9.634601035206507014e-01
4.909611739880788583e+00
1.224946867426408570e+00
2.858435093942347516e-01
2.976126078566010413e-02
1.828567684437970797e+02
2.197556219408352973e+01
2.911267523440138130e-02
3.160388944078995621e-02
6.617459812726100843e-02
3.605459391726369839e-02
2.803661265519489794e-04
9.942618934161836508e-01
5.529140995148923210e+00
1.241789554983093069e+00
3.025529153487434564e-01
2.484409535381537637e-02
1.859505949553295352e+02
2.406164131859797806e+01
3.593952881159045987e-02
1.470082544942815338e-02
7.039748080941803099e-02
2.696968119826522250e-02
7.987373447593260067e-04
1.060940866230190238e+00
6.225502363952316820e+00
1.188259527266458893e+00
2.995693945295437310e-01
1.213899609173674232e-01
1.967747148269869513e+02
2.516511550516218065e+01
4.054592349130118484e-02
2.008820675096408340e-02
5.721344869176007292e-02
4.782487084442806763e-02
6.141120818166830042e-05
1.008153568710664416e+00
7.011590298551015898e+00
1.190228659033241376e+00
3.048015793756465031e-01
1.166737878969019010e-01
1.901166144849844954e+02
2.018194419154008656e+01
3.325378679138735194e-02
2.171013963592205442e-02
6.867208246055060694e-02
5.246830170586580522e-02
9.114992779076421997e-06
1.045120339483337268e+00
7.883466107044318605e+00
1.242715262627602790e+00
3.239700746544375565e-01
1.487034402247511267e-01
1.846231027348966336e+02
2.827523491271974265e+01
2.970359855500315227e-02
3.636478213580226354e-02
7.998452270583933377e-02
3.621166965472507465e-02
4.004176314964524863e-05
1.021283052470099095e+00
8.882486100052259914e+00
1.283261124273338272e+00
2.879586965679174493e-01
3.435504839362687329e-02
1.862592075023567872e+02
2.123525890404520311e+01
3.294030628200883548e-02
2.525377310167997713e-02
6.963805478970575003e-02
6.236900843373990172e-02
1.205269669827628147e-04
1.088272501877374232e+00
1.002335997823042213e+01
1.225020169195865316e+00
2.175874966231857444e-01
2.479538266488352793e-01
1.608737630392035385e+02
2.039949511986562669e+01
3.048822624417783442e-02
5.174304139320962115e-02
5.850914971315956947e-02
8.265477185994685172e-02
1.849461871794577661e-03
9.321426095086331465e-01
3.310919617428492168e-01
1.249289788654602606e+00
2.030026837255912431e-01
2.559818644214377215e-01
1.608065465441021331e+02
1.889342379604306998e+01
3.923598060871872489e-02
2.493092431789338190e-02
5.072219427736390784e-02
7.162312061362308135e-02
5.777119615690828880e-04
1.009382720879977269e+00
3.632362056918634896e-01
1.166491711829720224e+00
2.009285497813614041e-01
8.386439467767403677e-02
1.771364783192771313e+02
1.867443409729485282e+01
3.069563913596547525e-02
4.356176280335873757e-02
5.761555126553852269e-02
6.739868276442832762e-02
1.087644400423378290e-03
1.116521096798818835e+00
4.182555272548764136e-01
1.206103881421906943e+00
2.049090353789954910e-01
1.795333439099100481e-02
1.534681304981944265e+02
2.102150726509329814e+01
3.421152302921134231e-02
2.836091082609737413e-02
5.758088615776350144e-02
3.758115960432739655e-02
2.296349477718765688e-04
1.059520587475761388e+00
4.509370131487461797e-01
1.173174799633913468e+00
2.035949868022376152e-01
1.184507584557126236e-01
1.653011383493656297e+02
1.820862856753770131e+01
2.576825084578682201e-02
3.429659469988596138e-02
4.125494023038411839e-02
4.155054565199341882e-02
4.018879862399682423e-04
1.023251868215154348e+00
5.092728600108757941e-01
1.219800068124253123e+00
2.548888995909863175e-01
1.064647779424924695e-01
1.647663557567814792e+02
1.846047761056627579e+01
2.890002209597527030e-02
2.484362656685612514e-02
6.929760826998587753e-02
2.315072585594342772e-02
1.556685801497777579e-03
1.052117789354423127e+00
5.781571303856655186e-01
1.054087615625607821e+00
1.937494983380138591e-01
1.069774344162129492e-01
1.632343080242017095e+02
2.294750095416549129e+01
3.736310175446733162e-02
2.494740277070676623e-02
6.525411347024778763e-02
3.384408201475194028e-02
8.290551055056827323e-04
9.648026502648581193e-01
6.516591742900412765e-01
1.164384350902712528e+00
2.852927061253063834e-01
1.734149754644957186e-01
1.678388483321636784e+02
1.613490650865052345e+01
3.520832049556665844e-02
2.962735346604221040e-02
4.740062898931363122e-02
3.096825192352621950e-02
5.160543441388535388e-04
1.095606551831455278e+00
7.353105677590847655e-01
1.193226960496150513e+00
1.693297769864210156e-01
9.772170515763105303e-02
1.770724618802470047e+02
1.775783706566803133e+01
5.109132572001148093e-02
5.198440827258917624e-02
4.261740836335459193e-02
4.948632256739175089e-02
2.358784345420546766e-04
1.064093998763794957e+00
8.287717879213974959e-01
1.087631752995597445e+00
2.139795425903571191e-01
9.545593854541530032e-02
1.764543922240938230e+02
1.883777157916371081e+01
3.484743213552632390e-02
2.907552527885067309e-02
4.258441617772482785e-02
4.746450100093779767e-02
2.286748963705361254e-05
1.012025549065657337e+00
9.309712646066239383e-01
1.193213980832299237e+00
2.361005354931833833e-01
1.478937097932601363e-01
1.497009853012921781e+02
1.749533146438184517e+01
3.239035131777368015e-02
3.170858399698106567e-02
5.365749430025027605e-02
5.834576161712715786e-02
3.390570609884679953e-03
9.481240768831445953e-01
1.035277329636763888e+00
1.182825153885967318e+00
2.172942559819942276e-01
1.345644858178822179e-01
1.738613593647294806e+02
1.805791760730018325e+01
3.524020533231161240e-02
2.253197271583721670e-02
4.831028954645858603e-02
4.644577680517440049e-02
1.051123919859620059e-03
9.495518195372754100e-01
1.179342947875152481e+00
1.191369284866518719e+00
1.869819808180332166e-01
2.194277304017666907e-01
1.599926164233824863e+02
1.896748963881704952e+01
3.727512153843445114e-02
4.164957737985234415e-02
5.527118529701779970e-02
9.013381057789334946e-03
3.814881817474728102e-03
1.029551055224697809e+00
1.328576963406249423e+00
1.157063290524677601e+00
2.132059297615414295e-01
1.413762234262927464e-01
1.772483305586006566e+02
2.006883149036553249e+01
3.164172556868368597e-02
3.915447347802211014e-02
4.686256528064203231e-02
5.481573407111565294e-02
2.265134760746449153e-03
1.059548097517827747e+00
1.494117983509633207e+00
1.196966105672232938e+00
1.591752313293837429e-01
2.368524358436670599e-02
1.803682042405691277e+02
1.722800990283105094e+01
4.180547532263712007e-02
3.649709454384142404e-02
5.367022959721171743e-02
4.298139633617803490e-02
4.135895483869944655e-05
1.017414037934157633e+00
1.674389275453201043e+00
1.199433435591190422e+00
2.196336643306133207e-01
3.942379589675211182e-01
1.538071430752852677e+02
2.084795463126845760e+01
4.180746093552419745e-02
2.471134578016879677e-02
7.319086261089273460e-02
2.387102793882656115e-02
2.973877993121358182e-05
9.508770189425882480e-01
1.902792511552479748e+00
1.171049646840626624e+00
2.275511582387775844e-01
9.440871544665330184e-02
1.765287282464527721e+02
1.981779660356701100e+01
3.152549560661947053e-02
4.346145304781797586e-02
4.780356966384383816e-02
5.969091233245515937e-02
1.044804326588710808e-03
1.035981145086062094e+00
2.143134697856545312e+00
1.221730614681180382e+00
2.735884884284315310e-01
1.916290092673318957e-01
1.656951855447335049e+02
2.088633002102840308e+01
2.848218463822327351e-02
4.133924994614660703e-02
6.303331661424531329e-02
1.925781811380663025e-02
6.980855530451061117e-04
1.060899215062784728e+00
2.420747145665667510e+00
1.260779262813591872e+00
1.885598666136209245e-01
1.965284092621699119e-01
1.536616149048194586e+02
2.128350482346415973e+01
3.855492846673302942e-02
5.547123903855884913e-02
5.883825916397356082e-02
5.785337711377014358e-02
8.299129877357517291e-04
1.024381179930587304e+00
2.719446720362746373e+00
1.179183416542415541e+00
2.318835658896290508e-01
2.673283588621362949e-01
1.672232003048291631e+02
1.919805953228640050e+01
3.188370912772427873e-02
2.244736324360507851e-02
3.037361699654110223e-02
6.662853921737450780e-02
1.002574277009227188e-03
9.831688696666820437e-01
3.044143206236150867e+00
1.155749613399945863e+00
2.219337622027417467e-01
1.248520392609364649e-01
1.741278030242633577e+02
1.611793531894419829e+01
3.457177928280855822e-02
2.338900230353287493e-02
5.105452986613098071e-02
5.595662978024606993e-02
1.958561018722271285e-03
1.056270693524493209e+00
3.428434092070146377e+00
1.184399122092814283e+00
2.569108230523919345e-01
2.554411524945325307e-01
1.776857171099491950e+02
1.733169188731694277e+01
3.797781690633716956e-02
5.148746246642447316e-02
5.283798012631346630e-02
3.503344270704052826e-02
2.904209273696389815e-03
1.022540382877255238e+00
3.858961594180269739e+00
1.194918457052757121e+00
1.972813614979048169e-01
1.426823190894044302e-01
1.736061954883523697e+02
1.639862479125208949e+01
4.414204343314853674e-02
5.148650420372010567e-02
6.767470779589686292e-02
4.660917592747929744e-02
3.139928876239039823e-04
1.014484386250449122e+00
4.353098222838088560e+00
1.185905787991801796e+00
2.110546673927515826e-01
6.333520427077021786e-02
1.797307079630079727e+02
1.974435574999741760e+01
2.307419882567144850e-02
4.050680024380951677e-02
5.046840722403393015e-02
3.226403915334574712e-02
1.904361336496629420e-03
9.638428662652908097e-01
4.899783930160923617e+00
1.222903832197508089e+00
2.416934091007942598e-01
2.324597705809523518e-01
1.453297347228041474e+02
1.261623900169805879e+01
3.184540990247378828e-02
7.734431731116393760e-02
4.363434759122412215e-02
6.137448585696129305e-02
8.911762071480330274e-04
9.944465320398518937e-01
5.517583458936068830e+00
1.198762853923451832e+00
2.028948206164818968e-01
2.298370260383005570e-01
1.659842034827898090e+02
1.902209203107151581e+01
4.161241447352970191e-02
1.501371208215881124e-02
5.056739448784005470e-02
7.225163516596706803e-02
3.976199925990557375e-03
1.061174443579068205e+00
6.215029665324291130e+00
1.160700693475907652e+00
2.289863318290230043e-01
2.496397749748118511e-01
1.618635467158556196e+02
1.641398262193483504e+01
2.921107610103224062e-02
5.489463042671061110e-02
6.455123005347045140e-02
9.346407599523098853e-02
1.249475319849609580e-03
1.008127517960053732e+00
7.007165679408452696e+00
1.194766130360954026e+00
2.185234044275304599e-01
2.225768867116988126e-01
1.498223115649241777e+02
1.193395164616600113e+01
4.185087843729026064e-02
5.906294912938851033e-02
4.896595749594815500e-02
7.584466913556815737e-02
1.532854266135992962e-03
1.043904122380364452e+00
7.874176485007214232e+00
1.185248803256923944e+00
2.544874224714666622e-01
2.690322444675319336e-01
1.616773309244813959e+02
1.928163007146411800e+01
3.260096170495015849e-02
5.878604609705721101e-02
7.397797226488256328e-02
6.155330029059361691e-02
1.343743264818157311e-03
1.021005218175900398e+00
8.893100819923827061e+00
1.267922865131324794e+00
1.843691027003139526e-01
1.732739368567566829e-01
1.618837419130423712e+02
1.625978258340383675e+01
4.407084891131692744e-02
6.305369722372684838e-02
5.458059458158618510e-02
5.777146320615581671e-02
1.389416546004884623e-03
1.087909544537489115e+00
9.996649423464281981e+00
1.223650820636988268e+00
1.878768080586271927e-01
7.320651735638154800e-02
1.446207913180062690e+02
1.644942213380173612e+01
3.299959562578780314e-02
4.822100645793433310e-02
6.522221183404471045e-02
4.180537607709200465e-02
1.682194141390998657e-06
9.328603970663799094e-01
3.168383835677549554e-01
1.208347862439002052e+00
1.791052210505739428e-01
9.723448360965947224e-02
1.509525500962942317e+02
1.737181185268879702e+01
2.216687365513466193e-02
3.133539880654604565e-02
4.740416678118974936e-02
4.522508549410683004e-02
8.673196644178501327e-04
1.010532079903079694e+00
3.700165806224936516e-01
1.164270732023608979e+00
1.611694473282243578e-01
1.964646567903331406e-02
1.560875316338891423e+02
1.685301083912719022e+01
2.232987283158164790e-02
2.884021515513849818e-02
4.650105706760684215e-02
3.028453761025895474e-02
4.999033324737389705e-04
1.118221365295553715e+00
4.052775023661355225e-01
1.169282450491379022e+00
2.324395704433896981e-01
1.034367964600417106e-01
1.441167864120926652e+02
1.330863280780488012e+01
2.022475016017858881e-02
4.961500807178683553e-02
4.543407898674467482e-02
3.585450472076886358e-02
2.183110557735234991e-03
1.061313201236935067e+00
4.584575573317302699e-01
1.160486725725643931e+00
1.584187509699889473e-01
9.542154907003867759e-02
1.397478631812794276e+02
1.515616261894061978e+01
2.145712988687598077e-02
5.485975838383690822e-02
3.782265163700578720e-02
1.589837105973971806e-02
1.704546138351729521e-03
1.025520185348205437e+00
5.125604499039271289e-01
1.182428414508708947e+00
2.146830753471995479e-01
9.899096385594756409e-02
1.411211148888426976e+02
1.656125985361335395e+01
2.304881514945678056e-02
4.307657576556970375e-02
4.999480583899318376e-02
3.956168576303246281e-02
5.319160047848973125e-04
1.055473345976602362e+00
5.846112797872610178e-01
1.022138471159508066e+00
2.276310605251425645e-01
7.797803697062732908e-03
1.455117279138163440e+02
1.724690125061098556e+01
2.318346481076094534e-02
4.552077123591106826e-03
5.332592844088009792e-02
6.037746471433032974e-02
8.545148231102009948e-04
9.677715518348544155e-01
6.496671488666664329e-01
1.148099711416352253e+00
1.497379889177808121e-01
7.635324853287699109e-02
1.496197038493661751e+02
1.537178281524866108e+01
2.940264492168331856e-02
5.189192787636853765e-02
4.000027962662485587e-02
9.569318429393607051e-02
1.182611778594022667e-03
1.097198977607213077e+00
7.261602094390190443e-01
1.187475916754767269e+00
1.646446290977210125e-01
2.410062688061042901e-01
1.449290084345656169e+02
1.379573757163658421e+01
3.636717997190416080e-02
5.264479368921234220e-02
4.018093106049058783e-02
3.833306750753070341e-02
2.514628616578917786e-03
1.065846369654830816e+00
8.313554584174919215e-01
1.089410488753718820e+00
1.775151417353866834e-01
1.488528061578731077e-01
1.477984853941737242e+02
1.594226996765286231e+01
3.243967950581164855e-02
3.765802279944904102e-02
5.113763962047620376e-02
3.098461984148796408e-02
1.323535616293280981e-03
1.012347417049874743e+00
9.193133790535590322e-01
1.168081579774093770e+00
1.948867174345410291e-01
9.630964676116497702e-02
1.345847535733555844e+02
1.311258828335648019e+01
2.449295003878471100e-02
4.207149662683503516e-02
6.021555502753184186e-02
5.185922232543253158e-02
1.595336941615880686e-03
9.483909929055011068e-01
1.042927857026594296e+00
1.161495238862664037e+00
1.723205307415579812e-01
1.018752751135332257e-01
1.619396382910195769e+02
1.640563839433727722e+01
2.293730124779587778e-02
6.531678878247497433e-02
4.747672050780527009e-02
2.090457855453697888e-02
1.235159305349823764e-03
9.509747315040895099e-01
1.171447528711322406e+00
1.157153123643017922e+00
1.390230777570407583e-01
1.000718300868711913e-01
1.476163064983203412e+02
1.585358482402908997e+01
1.879246731498936465e-02
5.083026989893268954e-02
3.287928557950681174e-02
7.621276819855989093e-02
3.672813338499262507e-03
1.030931802869555769e+00
1.326787126680673889e+00
1.143078336970622555e+00
2.303446096436234936e-01
8.318708656517292965e-02
1.512780099234765885e+02
1.501201661251728048e+01
1.911058865473047597e-02
3.710648674755123722e-02
4.608661025978788572e-02
5.258359373799999931e-02
1.534727734253671372e-03
1.062016083141734901e+00
1.504573243874672395e+00
1.164196105022335948e+00
2.230373707335623623e-01
1.391010318353092245e-01
1.511818389079469966e+02
1.367544664968703572e+01
3.688185432779711448e-02
1.395187693805829098e-02
4.490740507132976594e-02
4.882868353222602487e-02
1.173566145804920023e-03
1.020468535012501343e+00
1.673036407981524532e+00
1.171182739780563198e+00
2.041734886739994814e-01
1.421237059409200809e-01
1.476417583267587759e+02
1.611001187352013986e+01
2.731317347580512409e-02
3.205493314172672831e-02
6.305393159582821372e-02
5.901910244293465807e-02
1.955593101952516569e-03
9.540479227817775243e-01
1.889037834325809850e+00
1.165572367876251736e+00
1.719759274659485859e-01
1.778941062711093257e-01
1.506290504153676011e+02
1.733891910687113125e+01
3.239213060782231146e-02
1.789497829965402964e-02
4.414730056019888771e-02
4.608336956339701557e-02
1.724167464067782873e-03
1.038084475636054993e+00
2.130701747600680207e+00
1.197015021225489084e+00
2.318699356411194623e-01
1.559715642448759321e-01
1.598056459530365032e+02
1.743037688463798673e+01
3.358465077894871170e-02
2.745532563348899655e-02
5.730733834589477743e-02
3.058853779229209202e-02
1.330540939403768164e-03
1.063714087898393279e+00
2.395994880115970282e+00
1.247716721768366455e+00
2.228783095567251904e-01
1.097171944412278499e-01
1.401479941303352632e+02
1.714091967889034152e+01
3.968957467589221549e-02
2.506298604329493251e-02
4.073443990154079763e-02
5.044839400381214561e-02
8.372312829389253483e-04
1.028864500491170286e+00
2.692929124627061910e+00
1.177032688128300419e+00
1.415148188936103113e-01
2.690117729257128221e-01
1.484632715256931021e+02
1.528870924861734260e+01
2.761462736643275837e-02
5.496832012777212034e-02
6.433740209478659711e-02
5.839051488145674540e-02
3.224536478781588663e-03
9.804463701732454295e-01
3.043545667601554872e+00
1.127887701389540309e+00
1.639599669308526020e-01
3.397982814272096919e-01
1.521239261072218198e+02
1.399812054242375936e+01
3.242624285682375179e-02
3.729217458942427760e-02
6.481018884518796597e-02
6.926040997779307762e-02
3.602252396722738226e-03
1.057690247066039646e+00
3.426005742804588028e+00
1.145863986514354282e+00
2.029291524148195136e-01
1.885744496807192638e-01
1.601712747260775416e+02
1.403565756168600132e+01
3.308635498329715041e-02
4.012225441501852258e-02
5.043656602718438187e-02
6.187170860736020822e-02
1.211948492285674917e-03
1.022769599258625428e+00
3.877009219088698888e+00
1.192076505419440879e+00
1.611701655099846975e-01
3.887756127035438963e-02
1.442121835872293047e+02
1.381993147588612736e+01
3.940768236844564149e-02
6.748045869973313959e-02
5.388480196100534775e-02
4.631768414244027271e-02
3.205022250609331543e-03
1.017207399333347473e+00
4.343287735089963242e+00
1.187729792980272814e+00
1.923818168540406548e-01
2.450320861176987219e-01
1.527034299276651836e+02
1.199576412763391353e+01
2.624993081479047238e-02
6.261637519379877059e-02
4.622472186334528749e-02
8.856518515821994175e-02
4.239275509043682888e-03
9.644044656811809890e-01
4.891966220729053738e+00
1.165199000272617136e+00
1.693490509002471001e-01
2.274428663471328715e-01
1.506173761991915683e+02
1.261476059039853403e+01
2.170902614033927772e-02
5.639383502435609680e-02
4.897712023246107022e-02
8.822929225194379999e-02
1.826468564839848650e-03
9.957587436906926159e-01
5.515072018984835900e+00
1.191682903485561607e+00
1.997422294232053808e-01
1.977673236648657962e-01
1.485206124740753637e+02
1.132783036489097839e+01
3.206880903432648283e-02
6.421473491509492593e-02
3.278006065456732371e-02
6.239787631903507409e-02
5.897784679951649338e-03
1.063226970566187202e+00
6.213524471037421115e+00
1.104815505843609547e+00
2.004744947182890702e-01
4.396808874580104831e-01
1.641802916021191834e+02
1.331147745674880056e+01
3.805780377055442004e-02
4.732384112861402065e-02
4.746836577333435336e-02
9.287352420587018098e-02
2.855586218665958406e-03
1.009674508494651235e+00
7.009840141897184296e+00
1.120642393476859677e+00
2.076903190558310186e-01
4.159906221499365397e-01
1.448021905718398443e+02
1.412594069202150493e+01
2.735717608338868526e-02
3.169101688224781194e-02
4.613244317941597034e-02
6.630009707021729259e-02
1.016018601141162846e-02
1.048516250191117161e+00
7.879914804929584626e+00
1.138954100750962706e+00
2.378395098172040589e-01
5.608893532858242326e-01
1.464624697522181975e+02
1.662028935431793641e+01
2.530416619950237589e-02
3.990154014218797590e-02
6.162779827837971958e-02
1.055350179816616496e-01
8.504565994253235686e-03
1.023593188800103748e+00
8.882406498705059050e+00
1.207339139753447643e+00
1.953331217119566032e-01
6.096029241016709399e-01
1.442498740775868669e+02
1.278744368854389357e+01
2.765383203860623598e-02
5.462913825665845907e-02
4.383883118195449485e-02
9.731273895735952084e-02
9.454420767666485773e-03
1.092902636542055550e+00
1.000483107066181887e+01
1.203707107111070318e+00
1.739121006818037940e-01
4.112482258869509799e-02
1.316893942101770278e+02
1.505450267964711664e+01
2.500240904547701426e-02
3.678037650923041829e-02
3.466270648540362848e-02
5.281120875745282106e-02
7.824156568729071512e-04
9.610000479870685064e-01
3.192298930685694147e-01
1.195176916439777193e+00
2.158980468858169854e-01
1.184458981436820046e-01
1.358573814435114571e+02
1.243269528147393466e+01
2.472249279944678871e-02
1.700427513573836077e-02
5.188396350765955845e-02
4.169144479513146179e-02
4.700086281635614265e-04
1.043990735365181832e+00
3.708141775536242246e-01
1.162446242484801218e+00
1.443773181401523664e-01
1.296210035586387033e-01
1.311838176791633259e+02
1.372860419803133958e+01
3.172066947513078189e-02
4.326586126618773426e-02
4.766682282469533044e-02
6.003323818627633729e-02
6.419282103727516056e-04
1.145707818250446763e+00
4.031228503963444898e-01
1.146999936345782789e+00
1.548423618456159501e-01
5.480952637720859499e-03
1.337243944487661054e+02
1.438592551938314479e+01
3.016950029933555474e-02
1.684656079559328570e-02
4.996490553393906353e-02
5.042259779580726686e-02
3.309988257926832489e-04
1.080971795256515211e+00
4.665546812307093671e-01
1.161924639711175988e+00
1.424888568809234701e-01
8.593524533032266544e-02
1.177447729059473147e+02
1.325485136129533004e+01
2.106597952832856002e-02
5.158937648315024133e-02
4.706409227261768718e-02
2.792406589247250007e-02
1.210889923181079908e-03
1.047799388331070336e+00
5.090981666457221611e-01
1.166975720823992591e+00
1.583556289093642211e-01
6.613695558107535177e-02
1.372207770257058428e+02
1.566977270121638632e+01
3.524425333524261461e-02
2.244455781912901848e-02
3.484069008625560043e-02
2.301674498701629726e-02
6.737865124450959087e-04
1.079141253878179940e+00
5.826942635319313224e-01
1.005385748729372475e+00
1.780299429318898674e-01
1.568299640061776579e-02
1.276480972898148423e+02
1.751409302272264767e+01
3.455139729589181558e-02
1.708984730536082172e-02
4.706518056263320204e-02
1.593290434334278596e-02
1.676310418502469091e-03
1.006017548388215888e+00
6.561669283474931280e-01
1.119879520131426220e+00
1.655697729398423190e-01
9.404240293007608276e-02
1.399991160751538928e+02
1.362710486874176929e+01
2.789928517540896102e-02
3.061817143855671830e-02
4.615321287936291483e-02
6.824930266762045672e-02
1.694267522770835253e-03
1.107628764300677693e+00
7.401091897419134202e-01
1.154713252673925883e+00
1.191898327408328767e-01
1.071665704977945860e-01
1.520229348831077516e+02
1.505955084833696489e+01
3.567130202493662416e-02
3.832401252750194942e-02
4.463459919661350028e-02
3.095873048515144707e-02
2.026129625981587523e-03
1.068434558390444433e+00
8.343790372880383055e-01
1.089352634548403476e+00
1.507720758500881997e-01
2.672619750239950132e-01
1.275379706304727421e+02
1.058215983585737696e+01
2.981663629326170017e-02
1.918013023394597380e-02
3.893287625380362910e-02
8.001399771143484496e-02
2.326613665633766367e-03
1.036789727078868406e+00
9.269389593526824456e-01
1.148736700992288640e+00
1.438726154272744195e-01
1.570796747469497545e-01
1.199076001829411808e+02
1.411734195434475581e+01
3.286868047943092286e-02
3.410876947184301317e-02
3.662423254847853998e-02
4.838136452442650531e-02
1.790082193721860950e-03
9.741240403618937060e-01
1.043270533419429436e+00
1.179324388276888458e+00
1.259261705643018592e-01
5.040714865099937825e-02
1.305925415452649361e+02
1.267265111203324146e+01
2.428885563895237173e-02
5.486042147843465250e-02
3.687992043608182696e-02
3.279980603781614684e-02
2.797016223101319362e-03
9.826726308173863167e-01
1.182959271167958626e+00
1.163504102425296338e+00
1.417993674673323767e-01
1.938258369855727636e-01
1.233776603742053339e+02
1.296760728596103540e+01
3.434623508290676058e-02
1.126107481335865933e-02
4.248992928358082816e-02
5.036868996511530833e-02
4.132101558085299331e-03
1.061121541132111323e+00
1.318950533253118396e+00
1.158788907647671174e+00
1.986540426619443356e-01
1.007056597761050581e-01
1.291604733253008419e+02
1.143255430688203234e+01
2.596677698948150412e-02
5.451130401019262800e-02
5.055995046071015686e-02
1.734828649300560952e-02
2.487622226423254809e-03
1.089144275342135426e+00
1.496679342336475482e+00
1.133217233632568322e+00
1.226322152843554586e-01
1.188912010386548451e-01
1.532818208182122532e+02
1.648428609548944479e+01
2.707873149983367964e-02
2.326821641400374577e-02
2.899212376239838559e-02
7.291761605789925937e-02
2.071469994454252280e-03
1.042094520323255669e+00
1.662633220976653003e+00
1.161715129820375170e+00
1.619447246421046316e-01
2.802959868127692378e-01
1.217145352420167654e+02
1.657359590487745393e+01
2.970558070775064508e-02
3.391570491712200125e-02
5.979701579769495373e-02
4.753721116310116734e-02
2.349310266660150411e-03
9.890381266731472776e-01
1.879839779083375406e+00
1.135634708025047956e+00
1.469146919910920002e-01
2.315425476639025315e-01
1.387461826492731234e+02
1.535837364598053867e+01
2.695116542266913842e-02
2.961537552931825523e-02
5.646258865639371821e-02
6.652282065865063043e-02
1.064507992520891122e-03
1.076836722135012359e+00
2.131684446386391762e+00
1.193488626176569811e+00
1.928145324716116216e-01
1.001544774089387496e-01
1.287585336611045079e+02
1.180421150124590035e+01
3.758173327546762005e-02
4.339397784410281567e-02
5.240280527492776480e-02
1.131623620042117723e-01
1.836059626947328383e-03
1.128803095809845614e+00
2.396509557516561362e+00
1.245986292911926974e+00
1.865242668190991715e-01
4.505396527137513485e-01
1.193051726147938894e+02
1.337007378003441183e+01
3.820124290467852290e-02
3.333527326460639095e-02
3.612620109416283393e-02
4.188473654719674505e-02
3.976334382739994851e-03
1.066767750168702955e+00
2.694577161928902065e+00
1.162477642991303517e+00
1.605166244232255068e-01
3.383448396061637942e-01
1.237765738843188927e+02
1.310228042871676202e+01
2.877173189526072150e-02
3.906259443568852602e-02
3.084361382303946186e-02
6.741638271870649401e-02
6.230854048476045523e-04
1.018872029460822892e+00
3.041634512425013259e+00
1.124738303458372446e+00
1.865326794527963072e-01
2.260518602596091609e-01
1.412040034306997711e+02
8.862360323657894057e+00
3.758848377535631974e-02
5.646852894163149200e-02
4.809615762175756259e-02
4.827744949375175482e-02
4.940751030640955221e-03
1.084386983360867029e+00
3.416437303459995078e+00
1.145904753382283703e+00
1.367833460714747429e-01
3.106682211237241087e-01
1.433107125101320776e+02
1.547536680849778001e+01
3.755100003591619467e-02
4.022221218891915834e-02
7.494696473766548905e-02
4.582283804589470932e-02
1.956656515802087434e-03
1.054655208618097584e+00
3.848466535146052525e+00
1.129338672983346781e+00
2.182537864791666837e-01
4.641931286009518542e-01
1.462927915473306939e+02
1.200621419712032178e+01
2.739687277061679180e-02
3.351157744870084804e-02
6.045989438058600035e-02
5.112659967213365603e-02
3.836575572182162382e-03
1.031634823834437720e+00
4.353998016451561703e+00
1.158456571990806871e+00
1.240062652666111126e-01
6.733184547288253441e-01
1.351249851798164343e+02
1.053087306175700455e+01
3.495238157526318196e-02
5.955279278973176632e-02
4.187897840244869663e-02
1.503039753399900702e-01
8.101457054748850695e-03
9.953636228197003666e-01
4.896800650165869406e+00
1.145425336172616992e+00
1.134674103561476438e-01
3.640286837381712104e-01
1.362689755320891436e+02
1.263996676755597193e+01
5.154603961078548652e-02
8.567596939907755338e-02
3.524890171391163035e-02
4.662996177579407237e-02
5.882080247038290466e-03
1.035189874520529241e+00
5.506030341994622823e+00
1.179626365046089864e+00
1.413118480758868145e-01
4.030443061774858227e-01
1.250370020527000463e+02
1.371121239199526265e+01
2.566144142753616283e-02
4.374083888013709925e-02
4.400367700683194272e-02
6.597176474880488140e-02
5.640343171181561033e-03
1.095231579084178675e+00
6.207169673385991793e+00
1.126992532016505510e+00
1.555630845655834316e-01
3.812363013167379133e-01
1.417995723242091231e+02
1.257988603133192917e+01
2.890575001259776400e-02
4.494341907858393631e-02
4.671108130660887175e-02
1.102000221199698621e-01
6.879466983015595886e-03
1.046943531503687463e+00
6.980576449478883561e+00
1.129286629926121943e+00
9.286824372606676536e-02
2.653492382204562516e-01
1.330767090454904178e+02
1.361325847394293831e+01
2.679569443852318142e-02
7.501304446440408558e-02
5.637996473334220410e-02
6.026428188729190255e-02
7.317223251398126578e-03
1.056912026950762806e+00
7.878565473634567162e+00
1.145937706746213980e+00
1.861484755059113483e-01
3.414967604975560622e-01
1.194995048395207959e+02
1.452779735170797082e+01
3.945050221898690340e-02
5.254618644098078134e-02
4.163248150777695139e-02
1.192829500203588661e-01
9.128181519243069517e-03
1.099160732520448880e+00
8.865878647952570191e+00
1.219761781212316043e+00
1.604053625149056139e-01
6.148162234965226514e-01
1.347066775221715602e+02
7.296869912560087101e+00
3.957702812252087560e-02
5.339570459920913587e-02
7.403365451795762553e-02
1.060117495179109942e-01
1.013358454096668915e-02
1.105115727048050500e+00
9.992671670844808673e+00
1.190914708007070111e+00
1.673320567229833744e-01
2.686672549786698894e-01
1.039794354246497790e+02
1.337210164303743554e+01
3.297106431976818547e-02
4.117315143167451369e-02
4.527261761328449374e-02
7.104466303226215917e-02
3.530162934275068217e-03
1.708687515841647553e+01
3.126074736028802148e-01
1.182369468389828482e+00
1.062320432404932208e-01
2.846050705595367103e-01
1.258113899612516491e+02
1.247442448886126876e+01
3.856783121617227833e-02
4.239425694512374138e-02
3.718973774884948291e-02
7.930638483427861207e-02
4.858233953928629660e-03
9.664396380664417308e+00
3.621300220698511763e-01
1.121619824319837866e+00
1.478650891893973918e-01
3.351769988543048528e-01
1.232796655181061851e+02
1.071310298381027515e+01
2.856543297750276447e-02
4.082348428845287286e-02
5.217027547141742799e-02
1.049348365212680462e-01
7.455298857729959934e-03
1.658887306703844189e+01
3.984368414211119092e-01
1.116102954268155090e+00
9.512313159307783650e-02
3.667028560742006116e-01
1.298608424024292844e+02
1.214850940563624526e+01
3.008797441563608108e-02
5.876779702400821565e-02
4.844105155441905813e-02
8.434009267920446196e-02
6.580277395927073940e-03
9.655413285004708968e+00
4.524102373120518217e-01
1.115400046740901763e+00
1.460992537773542210e-01
3.573935900635168972e-01
1.081419676718734877e+02
1.037371167011945161e+01
1.787969416055893920e-02
1.229064918605674885e-02
4.782333585519234903e-02
1.335378200218155231e-01
4.944852817732418686e-03
1.643047439284949007e+01
5.149210017141813145e-01
1.147836126757917130e+00
1.231634203617123086e-01
9.597893380581441758e-02
1.300035342535857126e+02
1.074768332618832645e+01
6.014275058923712614e-02
2.235110188532988748e-02
6.083375504611724521e-02
1.509085410576445907e-01
5.460395280247147369e-03
1.531093568899793311e+01
5.519192294016010969e-01
1.012245713010671455e+00
1.335030668525601372e-01
2.218565760447155644e-01
1.165561291316529093e+02
1.187201391858460653e+01
3.564841527125180848e-02
2.655307289142576008e-02
5.048088991219482763e-02
9.206514174433337583e-02
6.465874183444094044e-03
1.284005516650292655e+01
6.316291683762665921e-01
1.127299701348804639e+00
1.275550750805487521e-01
4.308979524786760162e-01
1.101513413336173954e+02
1.236504771055744278e+01
3.327778330536138723e-02
5.575626717554774819e-02
4.085410960028382915e-02
7.274762966436958134e-02
6.053719059471533541e-03
1.364324744750595819e+01
7.129227919176078787e-01
1.162740314978216949e+00
1.015809446334855065e-01
3.158640503132101873e-01
1.175651809195239110e+02
1.105087527817794246e+01
3.316144323928978815e-02
4.175715643259803045e-02
3.780383236016519183e-02
1.474755989275396417e-01
5.230533748928900550e-03
1.369487574978469446e+01
8.103687007816733345e-01
1.059784802880808785e+00
1.963580538239547146e-01
2.927359277126247439e-01
1.201429082521334379e+02
8.220748438158128835e+00
3.080235286326652930e-02
5.112843801600338439e-02
5.052578764490981561e-02
4.935431247943081884e-02
3.448716237077394716e-03
1.633885491752201347e+01
9.159686689533954596e-01
1.113897019598095950e+00
1.167396809108471184e-01
2.398574856676586597e-01
1.109127411257697275e+02
1.179063609238483856e+01
2.461954573691101447e-02
6.454575685925593997e-02
5.173261132884928587e-02
1.075060750355664591e-01
1.028524550688950968e-02
1.036006894901869479e+01
1.049892201733021446e+00
1.141633568222226280e+00
1.367053977516685670e-01
2.220022664945086321e-01
1.299199088977747749e+02
1.048991030014525450e+01
4.328549238621545031e-02
4.754743434347933478e-02
2.297000372663745085e-02
7.031617008767161725e-02
6.186091082973262274e-03
1.279156710590172885e+01
1.172941492274510722e+00
1.137246722437727398e+00
1.458873677588179152e-01
2.848561911110564782e-01
9.491551932604140518e+01
1.040673724766394947e+01
1.567753694676210507e-02
6.144307880786015197e-02
4.328670535253357349e-02
9.756953225155129417e-02
6.203580509891078350e-03
1.426361260570317491e+01
1.353488676200405250e+00
1.154300350765143701e+00
1.607356889961183144e-01
1.965248195220388738e-01
1.075880495636748435e+02
9.408952008083911522e+00
3.702546919216268689e-02
3.757050393012698747e-02
5.106466041954934448e-02
1.043072185289354720e-01
7.950020957966005483e-03
2.007300631451995443e+01
1.465478377928696840e+00
1.157751936152701111e+00
1.359637884327543345e-01
3.144509338764164275e-01
9.489408389072801242e+01
9.489794089601483407e+00
2.560798525889455488e-02
1.219801920152548541e-01
4.624481138774672040e-02
3.024688555680980426e-02
9.084636964523662428e-03
2.110284052043330760e+01
1.680029353051282426e+00
1.170025687991553154e+00
2.243645960071778966e-01
2.779797285633638926e-01
1.092076686530614467e+02
7.760248105060196799e+00
4.425041521211037221e-02
5.121030563368470651e-02
2.729096578023374950e-02
5.197900608791920091e-02
7.978028435623452097e-03
1.899843640895393904e+01
1.855272289072428249e+00
1.113374985662672234e+00
1.260752851850473755e-01
2.641851022278005057e-01
1.350955345369082181e+02
1.082792059332695622e+01
2.550003486659531762e-02
5.605770239980323311e-02
3.014868533240955273e-02
8.607932970820890428e-02
8.598965852187520284e-03
1.585544966879279727e+01
2.133353641331219741e+00
1.180088163442601701e+00
1.772918726816378465e-01
6.131553242334739640e-01
1.131794749300471636e+02
9.126028663019001286e+00
3.162571937329605731e-02
4.928995787419898633e-02
3.978438043681364888e-02
8.017009650393240594e-02
8.188747763426817983e-03
1.618311036741760844e+01
2.402750718885648951e+00
1.215096155026279545e+00
1.555702151931255828e-01
4.103034895081643652e-01
1.158464043854432504e+02
8.112735113748231086e+00
4.170734636527358846e-02
7.009733690534296346e-02
4.102575403052514252e-02
1.211240120879586435e-01
9.335764384558556742e-03
2.062064618702514807e+01
2.675414584827144449e+00
1.116323072090126933e+00
1.628120967736124414e-01
4.859155317653684469e-01
1.109805522416902619e+02
1.058502054911072676e+01
2.622110978173590110e-02
5.918301465473637529e-02
6.885497624511220660e-02
1.071189792962908421e-01
1.102689931541944723e-02
2.021322467235170350e+01
3.055802973283630930e+00
1.077725135160623182e+00
1.126445770403661228e-01
1.068165440854316639e+00
1.179221717986544888e+02
1.158203960792832277e+01
2.828756877596427799e-02
8.185282628478025846e-02
6.193207094683702424e-02
1.062144861850281979e-01
1.006697999335800196e-02
1.227549973220954449e+01
3.420976394253834929e+00
1.107716456492062296e+00
1.000000671685485898e-01
6.167805018825689434e-01
1.287225918416026218e+02
1.083573203316300670e+01
3.698866838551251313e-02
8.200786191268627512e-02
7.895114728932635384e-02
1.382507275298520688e-01
1.257659588535150162e-02
1.501867457944135609e+01
3.855636399381134449e+00
1.129364938899842574e+00
9.640813005851363304e-02
4.701419378598876708e-01
1.246755154914028196e+02
1.155926350332433294e+01
5.098805454264443426e-02
7.666266336921652436e-02
4.242776423325859275e-02
9.908111351212278706e-02
1.910310574473698605e-02
2.470718953189596334e+01
4.292053110540331673e+00
1.218444252096349434e+00
2.048554746942358451e-01
6.021404414317050868e-01
8.832732073381400539e+01
4.836532488013602027e+00
2.800061800202202633e-02
9.364202349291990413e-02
5.657629664702068517e-02
1.348041854127790262e-01
1.423018453749665645e-02
1.629471117471017649e+01
4.842032823175618894e+00
1.168196947189733770e+00
1.138846911788430755e-01
4.083471964143954858e-01
1.028137842047309931e+02
7.343280291229081769e+00
3.258056524976793433e-02
7.259493699420065116e-02
4.341645956236391685e-02
1.167782282290807938e-01
1.534001313804137824e-02
2.533513323075969836e+01
5.470218667450252426e+00
1.169787996579535472e+00
1.095993791963512098e-01
2.993876187687075086e-01
1.323780686303539085e+02
8.040943888038091458e+00
5.303172170646464068e-02
5.548706331334751773e-02
3.910216727872987269e-02
1.038499340823654665e-01
1.000157237339149852e-02
2.363880307720632956e+01
6.148551399288090025e+00
1.091928119232353112e+00
2.126030982728288332e-01
4.088747304237657088e-01
1.133237720368066164e+02
1.058663082445999848e+01
4.525599822022460111e-02
1.150596527871824010e-01
4.403049428325922499e-02
1.158506567224030642e-01
1.035033164895060587e-02
2.943633306692974472e+01
6.965536735991534556e+00
1.143886949404976372e+00
1.189733161336544304e-01
5.621824804606434522e-01
1.031321239448013216e+02
1.057002739840979899e+01
3.438884488084122809e-02
2.785878392469465226e-02
2.886782658986971131e-02
1.409069633530638799e-01
1.603044424274835400e-02
1.875751777974932466e+01
7.850534943657533127e+00
1.107215770127859766e+00
1.706000103937769519e-01
7.867775393573456233e-01
1.187106543305681043e+02
9.808545282939341803e+00
1.470785819914592098e-02
8.970906579644870316e-02
7.205743809277076473e-02
2.376260248074968107e-01
1.918540383030927290e-02
2.523817971940497173e+01
8.830960589009519524e+00
1.198164413008719231e+00
1.273918264396304567e-01
9.534709519743134187e-01
1.122068412762722858e+02
7.264850902781652131e+00
5.022754181320069483e-02
9.534867359768013639e-02
1.072241175520886464e-01
4.676093831920691279e-02
1.442853938657950863e-02
2.177102751925734481e+01
9.956882890369721295e+00
1.156558356115837238e+00
1.174669870998235055e-01
8.251523268911153952e-01
9.899495530788416886e+01
7.715545511154536129e+00
4.959263475787604319e-02
7.117440111356250487e-02
5.429849687550077769e-02
4.328833750953572229e-02
1.511242046613089050e-02
4.125133748946903438e+02
3.791194268296511627e-01
1.130705292832079101e+00
8.948930016930238540e-02
1.146437030682758040e+00
1.018530520082664026e+02
7.052404182458749560e+00
2.908664546061497450e-02
3.901706161920648341e-02
5.048906310174960943e-02
1.027554174604317083e-01
8.912644284412666110e-03
3.571249341645779509e+02
4.829060907275274928e-01
1.161990632630797604e+00
8.582131164031985004e-02
8.040150590484148596e-01
8.806606477316636017e+01
5.568081993725943590e+00
1.890486733643152381e-02
9.511060096966672539e-02
6.506604556139235218e-02
1.022485930265715215e-01
1.510511075022609971e-02
2.829161555699178052e+02
3.735661346808709093e-01
1.191873293786695820e+00
1.128250818681527240e-01
9.315293870997904957e-01
7.924984282884581432e+01
7.076210239654214362e+00
3.938787627184026086e-02
2.145128697891851566e-02
7.557971091359989846e-02
1.087196253500122278e-01
1.165118558831649588e-02
3.060980535305377543e+02
3.075826120784496687e-01
1.111313505000938173e+00
7.196562749299990902e-02
1.363809980029608404e+00
8.790051110698063042e+01
8.310138979529448022e+00
3.797674974760171379e-02
6.659544861170781094e-02
7.319932141608420650e-02
1.067151018726878869e-01
1.866676157397477095e-02
4.696956606090060404e+02
4.486496245032667307e-01
1.189289480123714160e+00
6.707712610874994041e-02
1.337433961312491482e+00
8.043981186938454186e+01
5.540982698684410401e+00
3.519983285987793309e-02
5.584376535092694382e-02
5.457016852043657801e-02
1.626545638276392647e-01
1.283133507865759880e-02
2.651730492944264483e+02
5.021693350767129083e-01
1.056886745654513238e+00
8.036557607973653095e-02
1.134444353462129351e+00
8.146534239183624493e+01
4.878658889409670074e+00
3.367313871111554668e-02
4.519322996036264500e-02
5.136302151588223452e-02
1.396999814641309012e-01
1.054034232427040509e-02
4.349825002508540024e+02
5.346563336986570603e-01
1.074544614836044465e+00
8.404530683889244180e-02
1.497833520308761157e+00
9.716005568702264839e+01
5.591066437999764993e+00
3.245703007226189568e-02
8.936631191522326212e-02
5.728622215063391282e-02
6.803658569517849475e-02
3.071735919827715214e-03
3.652626640562615989e+02
7.614801942034983284e-01
1.112112626179735830e+00
8.561620902629019092e-02
1.436311035570930761e+00
1.005140544021990792e+02
5.300070059527881128e+00
3.325857848702021974e-02
3.689193831599343193e-02
6.136001684944510787e-02
1.416564600801472895e-01
1.241177227471560764e-02
3.048974375167213680e+02
9.015097850136795099e-01
1.053246206158694243e+00
5.494764215273062469e-02
1.738705293801077634e+00
9.400706685684289710e+01
6.442927535702901665e+00
2.242038139865417182e-02
6.850665268801441055e-02
6.386790257129996984e-02
7.620266052606461393e-02
9.219100695397516518e-03
4.181121042110870576e+02
8.602698254533696076e-01
1.165501405684686187e+00
9.997525607869188480e-02
1.268786367319829633e+00
6.788561823547794916e+01
3.930685001220858510e+00
3.766133473816305616e-02
2.730904098480757547e-02
6.790747910754291183e-02
1.778778456252923801e-01
1.473216002573773942e-02
3.121005816239776891e+02
9.685878883963818797e-01
1.132309425724855156e+00
6.320325586812354512e-02
1.249567154660893520e+00
1.083491155053952184e+02
6.292830465172793986e+00
3.053636156903534807e-02
7.795653745251707178e-02
5.336651791577051718e-02
1.046338702523297304e-01
1.542478370338643857e-02
4.038495661674891153e+02
1.145897715158316066e+00
1.099641525958354071e+00
8.750347571174210692e-02
1.565047745091333820e+00
8.216347961694262381e+01
7.959816962139867336e+00
2.943140450802905761e-02
7.257957521222824226e-02
6.324876413008236054e-02
7.671701461625841934e-02
1.155411916691958217e-02
4.888616667665676232e+02
1.362891044407054997e+00
1.094433978653165829e+00
1.050285040661809860e-01
1.478070316179729948e+00
1.247460958553495232e+02
6.930006449732581508e+00
4.009171425058041111e-02
3.983815380870966288e-02
4.292175708107878046e-02
8.316472331936035356e-02
1.289081318553616205e-02
2.309884188555136575e+02
1.357344003308106117e+00
1.158496612224357847e+00
8.394126624583868324e-02
1.112235114605871322e+00
7.895798646584776748e+01
3.886254723749230422e+00
2.404475467820410550e-02
7.491005362399623391e-02
6.047052295058974458e-02
4.746962562750348807e-02
1.386962826841660855e-02
2.544459490034231521e+02
1.726335945785483883e+00
1.130220140581344790e+00
9.665332321532697779e-02
1.097466221273561304e+00
7.861133104447758058e+01
6.695456795320192001e+00
4.107327509796551007e-02
7.478843053058681356e-02
7.593115449172072040e-02
1.152382602733389022e-01
1.509237423517791575e-02
2.824683433357016042e+02
1.959291157527465410e+00
1.157276950681808803e+00
7.396384954457453642e-02
2.561549873218282869e+00
7.304857856180601061e+01
5.560305950427305355e+00
4.586997218900545903e-02
5.357212589422825216e-02
6.152129745517487258e-02
1.582367845567404230e-01
1.416985127791758892e-02
3.518379835028753746e+02
2.011451033129417976e+00
1.103104791082768710e+00
5.519118595657864640e-02
2.277981750838344865e+00
1.041423011010872699e+02
5.296627173610972683e+00
3.185193613143474239e-02
1.365751678285990756e-01
5.362357958442384026e-02
1.037867727928335898e-01
1.997632796764681196e-02
2.794024206922229041e+02
2.447476119876596190e+00
1.199561397773343030e+00
5.384680921824610417e-02
1.255573770301352976e+00
1.005781545487636492e+02
4.936567708069431681e+00
7.478847608272665148e-02
1.309157658716789963e-01
7.179191462749849595e-02
1.058360861064311376e-01
1.279034801338618799e-02
4.050131477120824570e+02
2.626130305914180951e+00
1.106024455709643917e+00
8.277028890035047215e-02
1.564038878639322006e+00
9.591626725017256661e+01
1.066598242717420852e+01
4.989043438227887955e-02
7.229665243391747431e-02
8.023971106994043367e-02
8.228983681001593442e-02
1.169744303875508429e-02
5.045670618734330901e+02
2.955666797149835379e+00
1.172468982948939642e+00
4.861649902322406902e-02
9.311159020622649107e-01
8.795927851339087056e+01
6.285595654021225442e+00
4.349837864157472117e-02
5.178405907720155105e-02
6.561416962933552810e-02
2.378623731797609511e-02
1.883419478527215141e-02
2.359398814930223409e+02
3.256741284260288527e+00
1.128880427742229298e+00
1.181894330081867395e-01
1.238105370872466526e+00
9.662017910943491472e+01
2.979845987576060562e+00
4.442120880168894809e-02
7.198053448579007363e-02
9.494081064269632719e-02
8.617524040570405386e-02
1.488316600249395272e-02
3.484928451251184356e+02
3.834546968664474864e+00
1.068370861338805877e+00
1.443472801210080869e-01
1.670954953421595945e+00
1.198282757833654273e+02
5.861834805291690209e+00
3.224758360111009553e-02
9.085964649980977914e-02
6.040769121697190519e-02
1.015904345172384121e-01
1.488054963182753633e-02
3.083852209254999366e+02
4.350169436298355841e+00
1.124334084016825885e+00
8.622672727719253583e-02
2.001593651391563089e+00
8.810276362297652497e+01
5.834802256242633156e+00
7.225027436209378873e-02
4.917839358122103738e-02
5.905252501592350711e-02
5.530481015384632743e-02
1.371764690883958693e-02
3.222937985376721599e+02
4.877763384524152812e+00
1.168668181527240391e+00
6.925347679433054016e-02
3.313897978238037889e-01
9.191137899023725311e+01
5.796002024506137218e+00
4.161052497569558278e-02
6.217927505776099650e-02
8.265194738604393632e-02
1.065076455015356860e-01
1.763894030700393148e-02
1.775324578950981333e+02
5.478093111658279390e+00
1.058811169193368817e+00
7.560687815088562580e-02
1.474178102058794737e+00
1.184372230053575379e+02
8.179710920238095540e+00
2.073751483553561495e-02
6.749651608665512004e-02
6.103105000625127369e-02
1.143032223933674735e-01
2.124203098393118161e-02
2.250729447928547984e+02
6.286888258004727170e+00
1.100522632395005029e+00
6.187540207188146901e-02
2.330145861692458631e+00
9.115898632913250310e+01
9.644443281746568175e+00
3.147393576337087495e-02
7.843733116291347340e-02
7.317200192423582716e-02
1.397847215555099998e-01
2.540318469905211707e-02
1.845528625998854579e+02
6.799595215952332516e+00
1.121592345910758404e+00
9.102570034154415513e-02
5.176993010867362299e-01
7.666644729505473776e+01
4.410822675056162545e+00
3.499822378493037262e-02
8.087560230863137523e-02
7.534198952406552519e-02
7.968266654816054395e-02
2.797654770591943493e-02
1.738670951732601964e+02
8.009236486177588432e+00
1.077112631041552637e+00
7.011605221109255826e-02
2.297108267649773605e+00
8.722667235593895896e+01
5.054227723177140419e+00
8.257118213808960216e-02
1.088170807166758819e-01
9.963997736234797564e-02
1.629161638996364792e-01
3.434384349392249902e-02
3.384460747769282989e+02
8.831328408189788703e+00
1.124791320092917823e+00
9.222533860033244046e-02
2.811314441287639632e+00
7.548611718326786502e+01
5.595642412449262970e+00
5.291929287519944042e-02
9.482193460020142683e-02
6.222874055390089504e-02
2.004480029781725847e-01
1.636630604769003308e-02
3.217903976585928945e+02
1.009199351597293770e+01
1.115941359363153973e+00
3.887039012808549826e-02
9.847383309115903538e-01
4.019142846329631169e+01
5.772533642603163706e+00
3.938355722059583286e-02
3.667087599870666459e-02
1.081293570529033160e-01
1.326163233361802585e-01
1.858278377701398296e-02
1.000000000000000222e+00
8.917260255565293559e-01
9.586619408699167399e-01
1.201792106804026455e-01
1.632759818758866333e+00
6.934398568737277913e+01
5.038730091192570093e+00
6.625744900498609091e-02
6.163815543027510030e-02
1.066308631375800786e-01
9.747144766937831939e-02
2.261335059607165118e-02
1.000000000000000222e+00
1.280049435546621428e+00
9.542345640730273137e-01
4.546740837877982777e-02
1.752585266338430037e+00
6.288023929541827073e+01
8.039578091897796597e+00
4.804789528026209844e-02
1.835999701304731960e-02
6.630246225990028830e-02
7.046057546218527368e-02
2.373906521717095153e-02
1.000000000000000222e+00
1.149050598084183861e+00
7.962277344960003722e-01
8.442838291779126980e-02
3.119007978753122412e+00
8.044381220634839735e+01
7.599889134994653794e+00
4.100466956332149415e-02
5.820164722620257969e-02
7.549362146709315269e-02
1.257324695986180296e-01
2.109501320519679979e-02
1.000000000000000222e+00
1.722745810388279120e+00
8.247077324758822492e-01
4.852760625099206138e-02
2.592124029002204733e+00
8.925826604107186313e+01
5.528639413720023654e+00
4.269829247971849290e-02
7.972625137186069300e-02
4.145429073115214358e-02
1.121592659788931828e-01
1.855092785022123894e-02
1.000000000000000222e+00
1.453500565259240096e+00
9.535554927016592908e-01
1.035511961358759336e-01
1.508545654626814114e+00
5.009228390738380199e+01
5.129077749276137688e+00
3.329102028933698249e-02
4.993865818001726881e-02
7.109316509482839497e-02
6.462589851705669020e-02
2.368633622646202849e-02
1.000000000000000222e+00
2.335871790321808028e+00
7.788480510340275442e-01
1.135903017499643591e-01
2.555292918436636196e+00
7.686610320704330945e+01
5.061971741614200937e+00
3.262746807140559646e-02
5.538058236427464281e-02
8.619597882211042783e-02
8.433738221590621198e-02
2.034653934460302696e-02
1.000000000000000222e+00
1.112570475397293368e+00
9.082702948358815087e-01
7.678102636090959610e-02
5.258725118305144219e-01
8.751545566829122436e+01
6.127813681154349545e+00
5.050370536608025235e-02
4.993082775938684215e-02
5.411548699475651064e-02
5.125027243645016023e-02
2.011068076928079762e-02
1.000000000000000222e+00
1.931740828118346354e+00
1.045472828277155042e+00
1.059727215284559793e-01
2.063043870013433256e+00
4.909917383275413982e+01
3.025773196227701689e+00
2.911149942155429396e-02
1.261000412668041547e-02
6.958353187758725689e-02
1.311445020731938360e-01
3.014607317515978838e-02
1.000000000000000222e+00
1.322804561001680757e+00
8.564148505780969645e-01
3.199013191725885719e-02
2.293451188213073255e+00
6.724415540145776049e+01
5.580545758804265510e+00
5.356382842247228021e-02
5.004019888837733104e-02
8.648826631350026162e-02
1.515783935890691325e-01
1.805586981694455237e-02
1.000000000000000222e+00
1.819107256974148656e+00
8.864556299239952919e-01
8.872985191519799919e-02
2.848397508542958256e+00
7.732794300619049466e+01
3.455509549616503140e+00
6.663107844904019028e-02
7.188609876045970459e-02
5.916552805903529944e-02
3.293367867491977380e-02
2.123491869276590907e-02
1.000000000000000222e+00
1.650418406050560671e+00
1.014478089242167425e+00
6.167916524634960845e-02
1.454419078189805647e+00
6.441557663753280849e+01
4.859664804324130394e+00
6.730557064421420488e-02
6.193167596669213459e-02
1.020391707072854093e-01
1.134987801722386891e-01
1.949505593982584981e-02
1.000000000000000222e+00
1.764869546475480444e+00
9.985373113723846616e-01
5.160398914759537631e-02
4.725954242097707425e-01
7.674209460709084851e+01
5.652191602556323247e+00
7.632584592425588343e-02
4.667030299886909539e-02
7.392567729279653221e-02
1.329152408664491247e-01
1.995677066528404528e-02
1.000000000000000222e+00
1.195273336024658573e+00
1.045186428706029735e+00
3.690189350657827744e-02
1.304886251818705878e+00
5.962647528672790287e+01
4.728585954424645799e+00
4.195057666110946215e-02
8.329665256970504583e-02
5.995471463360139280e-02
9.712605567460674827e-02
2.765696184099386556e-02
1.000000000000000222e+00
1.794281968806596073e+00
9.665219905332828043e-01
6.252304768467054075e-02
1.157359274091214862e+00
7.627542223814933209e+01
1.589621854765565612e+00
6.890226131403554000e-02
1.639554930556341716e-01
8.175923690147042511e-02
6.234877386221415740e-02
1.345708216322997509e-02
1.000000000000000222e+00
1.973927939090295958e+00
9.673969471127382702e-01
1.167407231621268443e-01
1.048696686743971762e+00
7.967114662920867829e+01
6.164770768204959062e+00
3.941776706711253020e-02
7.013316173479407223e-02
4.163311487573687769e-02
7.735220684954209613e-02
1.706455200875718961e-02
1.000000000000000222e+00
2.065409103050550588e+00
9.306647196460329230e-01
8.165653882411712250e-02
2.837070273069824733e+00
8.413955687203161915e+01
6.064216393481735246e+00
7.815457135038061942e-02
9.218258987090204026e-02
7.667536412679550051e-02
8.720942547860525973e-02
3.230521700864167484e-02
1.000000000000000222e+00
1.382872456857374033e+00
9.588518630828822831e-01
1.219764225403855845e-01
1.743790027825277811e+00
6.888168137510460554e+01
2.447297260227402127e+00
3.597594590350472465e-02
1.089674165493881297e-01
1.110236253248686467e-01
1.727157827129455481e-01
1.875599967534613555e-02
1.000000000000000222e+00
3.508053364812705244e+00
9.043878685968896880e-01
6.545188815071933952e-02
2.380008389662202184e+00
1.210119421368929551e+02
8.334800506150518373e+00
2.114231693759830930e-02
5.624459777710163338e-02
6.532970251167391496e-02
1.769898809442449206e-01
3.315238470841253005e-02
1.000000000000000222e+00
2.170389023912694615e+00
9.749875774824074970e-01
6.621038879184674986e-02
1.248945738943496586e+00
1.022854781994065974e+02
6.210124375644263672e+00
4.739452827394555895e-02
3.250566827143197557e-02
5.356073457141730110e-02
1.494806717046826272e-01
2.302950994371351714e-02
1.000000000000000222e+00
2.164243085504760078e+00
9.704283017137735889e-01
1.150487308498038264e-01
1.295473726674756021e+00
8.344253608320488524e+01
5.298074004950212412e+00
3.421506825342553876e-02
6.251640088253962446e-02
6.454707787736935209e-02
1.878640147340072120e-01
1.990061079887121484e-02
1.000000000000000222e+00
2.732869650256280813e+00
8.921574388558677349e-01
5.567645721529605046e-02
1.653050604644399790e+00
6.825142180518950852e+01
5.329560562244583188e+00
4.340420096743772410e-02
5.590842847971733143e-02
9.087759713726957511e-02
1.740069376118647260e-01
2.110395062664231422e-02
1.000000000000000222e+00
5.597517378993973836e+00
1.032844269637726464e+00
1.048379272904020887e-01
1.227712247004240753e+00
7.076441551181606826e+01
5.584304256418554324e+00
4.144547379014521665e-02
7.387571410790345905e-02
6.992459946238427371e-02
1.047762912882906489e-01
3.738356734154790750e-02
1.000000000000000222e+00
3.936861748190198629e+00
1.191776054934565732e+00
5.201325591303040952e-02
1.158201885650670615e+00
4.626155458629360595e+01
4.635051824089026162e+00
1.385411958448323766e-02
4.921116067301278818e-02
1.223186833347008201e-01
7.492528807687137693e-02
3.306657902558315237e-02
1.000000000000000222e+00
3.199070680761489260e+00
1.029849022619305776e+00
1.224725271520843428e-02
1.675672915120465012e+00
6.638617144591142960e+01
5.533894108408174084e+00
4.727233464807967245e-02
1.157595690016925277e-01
5.669366086556807544e-02
8.376763428573445747e-02
3.410060460976768043e-02
1.000000000000000222e+00
4.934067404014685465e+00
9.359324215001223468e-01
1.164409569545295647e-01
3.040030265248423458e+00
6.447490760053707959e+01
4.690787068208020827e+00
3.165240771825968830e-02
6.646857108949337511e-02
8.526757127899260713e-02
3.238045843875955038e-02
2.062117660153739429e-02
1.000000000000000222e+00
6.667197245919595616e+00
8.875883540858572340e-01
1.104213382090990514e-01
1.952471355412684240e+00
8.916726723972668367e+01
5.657340872474525106e+00
7.794475835190180224e-02
3.073994323025315903e-02
1.224399995712518036e-01
1.070923179682344434e-01
3.374583806941925529e-02
1.000000000000000222e+00
7.108006450008752530e+00
9.691840938128879479e-01
4.878727986583804993e-02
3.235403077275857520e+00
8.668567407464985308e+01
2.114011806602992483e+00
8.443212891250569119e-02
1.122428007085951585e-01
8.014741737004116295e-02
6.372195563752643122e-02
4.605190074816190027e-02
1.000000000000000222e+00
6.488395158518604156e+00
8.833536188765348518e-01
9.741486504024066129e-02
2.588805072155072384e+00
8.121387512484949411e+01
2.476922098816031870e+00
5.550666812560815094e-02
7.499569433844777144e-02
8.672088334646388397e-02
2.097619169177001031e-01
2.900913649822404669e-02
1.000000000000000222e+00
9.242023863487055735e+00
9.955497914577094987e-01
4.792350639328443046e-02
1.958441254016366928e+00
1.081578888214466616e+02
4.726867198718072594e+00
5.142344528769974416e-02
8.819594553845511165e-02
7.635057911729396796e-02
1.971650756050343234e-01
3.178385442550816370e-02
1.000000000000000222e+00
8.796891755364734777e+00
5.653686068935829256e-01
1.062950603259005256e-01
1.449499901564375470e+00
1.943571211453079783e+01
4.557186753267240320e+00
1.562913627358941682e-01
5.194409320294542803e-02
1.061934472936435919e-01
9.443882056146546411e-02
4.416410300933648614e-02
1.000000000000000222e+00
4.222495856334730746e+01
5.040350900807604173e-01
1.392149107605396563e-01
2.168639670737652736e+00
3.387687662825398149e+01
4.912739642268056706e+00
5.462712812007719521e-02
1.395619734159581071e-01
1.022591344334300434e-01
9.934826939803076407e-02
2.377007865893750529e-02
1.000000000000000222e+00
3.606799641114057664e+01
4.368776255275356735e-01
9.805050482225204089e-02
1.476963523931410505e+00
2.922952487063285787e+01
2.275117276882261841e+00
1.142413597421121363e-01
1.147511478221137776e-01
8.161466847261451829e-02
1.341588035440266780e-01
3.957017285384778482e-02
1.000000000000000222e+00
6.460958613473718515e+01
4.914727305228017706e-01
3.857707262207021870e-02
2.253956986848816957e+00
3.229954797585224213e+01
9.635553666097959047e-01
8.385058779635985726e-02
7.132559586620808301e-02
9.308255754915302493e-02
1.651751542735927988e-02
2.520671702236539427e-02
1.000000000000000222e+00
6.125372094445364723e+01
4.161264566730660253e-01
9.304899818212512830e-02
1.903584464937628118e+00
2.857337420090497915e+01
5.564674707978986667e+00
7.000198243490296512e-02
3.247627067025082859e-02
6.837167387451215106e-02
1.501605533364591960e-01
4.139995463837512629e-02
1.000000000000000222e+00
4.824726907099976358e+01
3.983163077758773429e-01
6.043930239107245944e-02
1.858811437382320131e+00
5.915435586278373847e+01
4.324544612550014766e-01
5.393017936909753202e-02
6.124849929802778092e-02
1.266618287474633731e-01
8.445924040427395252e-02
5.493783142680822712e-02
1.000000000000000222e+00
4.441785473962418962e+01
4.235073755703127052e-01
6.801065560959607126e-02
1.923913649271223214e+00
1.457214956449438326e+01
1.601094450700980998e+00
9.535589012696354949e-02
6.660731856485783975e-02
1.426243495436185782e-01
1.332986388600965189e-01
1.559260688600572209e-02
1.000000000000000222e+00
4.115314629493596499e+01
4.611069833950672825e-01
7.801351994683829172e-02
2.257285150975707033e+00
3.983458712233811383e+01
1.372495542519945433e+00
6.449861317458320531e-02
9.697264271601446772e-02
7.569446199678364628e-02
8.336268082839899674e-02
3.710567100294048792e-02
1.000000000000000222e+00
4.396327690593791004e+01
4.380880983879008039e-01
3.084750455913202669e-02
2.660991300912556756e+00
1.925770313520042265e+01
7.947016273157192501e+00
3.420230068224191372e-02
1.062317340947786272e-02
1.254890540910288121e-01
4.504082798741185917e-02
4.163632590673723571e-02
1.000000000000000222e+00
6.408468898934965807e+01
5.155631428185238896e-01
9.864550794292936686e-02
7.501564384760998072e-01
2.055642276100079258e+01
3.606063575123624521e+00
7.922680803559660478e-02
9.983419266959929483e-02
1.255955639861453810e-01
9.162356475708548220e-02
3.581455676460176818e-02
1.000000000000000222e+00
5.668559831520058623e+01
4.474142355656833825e-01
1.178325536061915618e-01
1.839173168695725114e+00
2.830742692157438611e+01
6.990386279029353611e-01
6.997854307983313038e-02
8.498332543905491587e-02
1.304051495989370368e-01
7.898550412094491879e-02
1.813192629988580329e-02
1.000000000000000222e+00
6.467443865669390846e+01
6.177258108148194760e-01
1.043720125681509431e-01
1.342818964867581899e+00
2.252558649433357374e+01
2.783134664992766624e-03
4.790612250784217346e-02
6.778860516914823886e-02
1.779163333963754978e-01
7.417895840374037764e-02
3.426165874326573407e-02
1.000000000000000222e+00
5.426313249152983786e+01
3.869859625646509538e-01
5.503295973661540691e-02
2.002257257239805632e+00
3.093301349396875466e+01
1.048456247483751547e+00
6.407332624553212230e-02
1.283516793659233990e-01
1.309538624091074188e-01
1.087210114413872386e-01
4.256828867623130286e-02
1.000000000000000222e+00
6.773371598315797826e+01
6.691932940259252005e-01
4.142908058587339154e-02
1.663197632858137487e+00
2.836538567818040946e+01
6.225488390880001610e+00
7.316454844589759254e-02
7.953441805615042715e-02
1.109980861849565043e-01
5.151213240735160598e-02
3.558490728226004762e-02
1.000000000000000222e+00
1.944869029932339544e+01
4.720891403025080368e-01
2.945950439345312866e-02
1.215867373011501495e+00
3.510228476523544572e+01
1.777034478387860439e+00
1.357820283370818060e-01
7.762812054382672855e-02
8.168541076174114235e-02
1.702942557240257060e-01
1.311558002594082062e-02
1.000000000000000222e+00
6.050113649422789308e+01
4.806056472119588086e-01
9.905447805668710082e-02
1.117049963953807179e+00
4.800091262453618413e+01
7.579916713659555771e-01
8.084539697389796220e-02
3.508796197001321643e-02
4.943320498945006497e-02
9.334836731430169732e-02
4.030813278580458459e-02
1.000000000000000222e+00
4.684130803841377144e+01
4.723700512489992787e-01
7.177868550700498840e-02
1.718648142663501632e+00
2.064806507839498195e+01
6.697270717433535525e-01
6.312658658802113021e-02
4.992700328745510591e-02
1.205672388013723229e-01
2.283575659053849460e-01
1.851611115709639321e-02
1.000000000000000222e+00
6.058305553052129966e+01
3.747212849495843989e-01
9.326590334486721534e-02
3.382274047761736124e+00
3.616722364514796340e+01
9.499160364068373053e-01
5.659191269084910131e-02
7.620942757292452352e-02
1.370825025776789552e-01
2.102242361197529663e-01
4.525956312980879831e-02
1.000000000000000222e+00
4.224760680312477490e+01
6.112285227486228267e-01
7.033291102550391638e-02
1.440929387416706176e+00
1.852368668099489923e+01
2.848138759376046991e+00
7.185892816713075615e-02
1.525239722927248208e-02
9.883583949025220861e-02
1.449974377020047112e-01
2.794586365610178189e-02
1.000000000000000222e+00
6.392396224620709688e+01
5.054866095505187173e-01
8.851906826559489960e-02
5.183168383004550517e-01
4.274520919486631954e+01
1.048381467687416579e+00
5.213118632434269456e-02
1.356493261918426951e-01
1.135494372798880464e-01
1.519035492234680762e-01
3.127340839661115618e-02
1.000000000000000222e+00
6.588035764365167779e+01
3.541595138421930189e-01
5.546389576286947509e-02
2.311791139330410250e+00
2.204671119169986682e+01
1.094153122418863644e+00
5.275839654767707637e-02
7.926083187365280669e-02
1.440190588338496613e-01
1.920667612980634931e-01
2.545169913842719109e-02
1.000000000000000222e+00
6.768139700916027834e+01
6.008241151817786951e-01
4.759654897523909328e-02
1.134136647674522047e+00
1.623135184732559111e+01
2.011860899421058058e+00
6.053728987540640816e-02
1.655169557117363854e-01
8.637868472866257197e-02
8.508502888739018222e-02
3.337417003709264307e-02
1.000000000000000222e+00
6.377656974348033003e+01
5.311358826417200696e-01
3.943270851494892065e-02
7.361014898189798261e-01
2.377671257816147232e+01
1.161723451748401283e-02
4.576156392290623570e-02
1.214430079305661714e-01
1.167564095652736250e-01
8.579508913906981615e-02
3.477426305557399649e-02
1.000000000000000222e+00
8.083264917330878063e+01
6.037247528360784043e-01
5.369736780862314346e-02
1.357741362325883605e+00
9.188386958893994816e+00
5.190172007621712602e+00
8.273773286228507107e-02
5.300725464496188616e-02
1.478965049127312359e-01
5.107542069510140337e-02
2.854783871723183888e-02
1.000000000000000222e+00
6.521160111213664834e+01
5.006349026305719763e-01
1.010909504391181296e-01
9.494723324589799951e-01
1.660777022179264861e+01
7.186275701331745758e+00
7.550943941479666688e-02
1.279014072782266032e-01
1.636804753083050401e-01
1.034138790503088129e-01
3.033432808632145414e-02
1.000000000000000222e+00
7.411023186365950721e+01
5.374480593301238507e-01
1.178840623622445793e-01
3.021958794723259567e-01
5.202833748387345025e+01
1.554423339674670945e+00
4.901593062963671699e-02
1.068663215929114702e-01
1.503421757011939586e-01
1.333032832106043897e-01
2.624481665977248038e-02
1.000000000000000222e+00
5.660372774327986178e+01
5.226989404417496932e-01
4.897939894671169553e-02
4.551120926917469611e-01
3.031891906185078867e+01
7.440862666587462655e-03
1.149166519058053559e-01
1.685575518265406969e-01
7.968570799809134020e-02
1.691257302552410524e-01
8.935051557551476620e-03
1.000000000000000222e+00
8.679936943254770654e+01
2.722001685404170090e-01
7.321431747310813698e-02
1.789846122970655928e+00
3.504885951296797231e+01
6.705314135271394527e+00
5.144464163334694362e-02
7.768453910325286149e-02
8.145717107858792272e-02
8.111491293445276252e-02
2.771502532274057809e-02
1.000000000000000222e+00
1.022476036059571953e+02
4.074169348600312213e-01
1.311016196808419687e-01
1.301209779433948110e+00
3.753737542055097975e+01
6.705500457421867289e+00
4.407203584501270116e-02
2.283792128625190820e-01
1.074273782085447965e-01
1.200228965864450908e-01
2.604187489554747256e-02
1.000000000000000222e+00
5.316644515928185655e+01
4.709545651232938113e-01
4.564293166308316246e-02
1.981992704863070998e+00
4.475763440148671890e+01
2.880896441235199834e+00
5.395846925160263652e-02
2.118861130333531406e-01
1.173997263952397674e-01
1.594827644662196245e-02
3.253537379517279504e-02
1.000000000000000222e+00
6.462711447175014712e+01
