2.107919160961826965e-01
1.903631010117802502e-01
2.023642700275203685e-03
5.240866408673780086e+01
1.441509315376024425e+01
3.035319882433996225e-02
3.074272521618165444e-02
3.754073766487990571e-02
5.467368904708906326e-04
7.883381463542643585e-07
2.768848917209648652e-01
4.375736791077230320e-02
2.423481230563479527e-01
2.302515637913111202e-01
5.936298267184675001e-03
9.376000685030358284e+01
1.614101603597567092e+01
3.833853411170271702e-02
3.992451139804039512e-02
5.199812383804591071e-02
4.824357004541630130e-04
1.623138314513862318e-05
2.808539095304099509e-01
4.750662540225170094e-02
1.852269794753043375e-01
2.134064348297192437e-01
1.319364412066077741e-01
6.637154432217016620e+01
1.108587044259551924e+01
3.886334085393399612e-02
3.245325098063510383e-02
3.903663382238005408e-02
5.653180493665159586e-04
3.914035744474770425e-07
2.324689349649457226e-01
6.304408369354647101e-02
2.326587973056463976e-01
2.274211043849562186e-01
2.522094067562754768e-03
6.940653523704203565e+01
1.419141361579458405e+01
3.509830009758080349e-02
2.208458154182010164e-02
3.913802699562195925e-02
2.281595974515276178e-03
9.204005238195313131e-06
2.645254319626629269e-01
4.832896576135790878e-02
2.230883331502286071e-01
1.839745093229719908e-01
3.651119405800164197e-02
8.559928282545600098e+01
1.467640466635035779e+01
3.439274766268786421e-02
4.394933845768351360e-02
4.447933266372582767e-02
1.176635054241902947e-03
2.354878842915509429e-06
3.030075182118864285e-01
5.610630361931769755e-02
2.217973352277623211e-01
1.845204428333648838e-01
5.425874947217941904e-03
6.766755681185246374e+01
1.432212354440311586e+01
3.105368128959447999e-02
1.928422019963922651e-02
3.770812865134547109e-02
3.048365100929262272e-03
7.172459315274788766e-06
3.063496715595418474e-01
3.753031216478072696e-02
2.444542046021792037e-01
1.422743344378287200e-01
5.070852011295308914e-04
7.375699581881916345e+01
1.444723160537727047e+01
4.217811887237223750e-02
1.719519718510078080e-02
4.014168338946955128e-02
6.303610105044086674e-05
4.109019109235434218e-07
2.891450338377110629e-01
4.277100101652705350e-02
2.410592105604123236e-01
1.934193845488796637e-01
1.469184717991689872e-03
6.268307794784694664e+01
1.661972654775523495e+01
3.536860005693358289e-02
1.987042873387745087e-02
4.277262346139582699e-02
2.970547423741697144e-03
9.585506571055676930e-07
3.312000478685883098e-01
5.737460901766120586e-02
2.179457888312633651e-01
2.782417763611894634e-01
1.595350848473776418e-04
5.074670425539217433e+01
1.584349577988006175e+01
4.165557155941876366e-02
3.199771001055817105e-02
4.790882421244264944e-02
2.385663092806996136e-03
5.501631452250376730e-07
3.151206620296032046e-01
5.423652304585750705e-02
2.415756397475298800e-01
2.233698302905919308e-01
4.840836197513193897e-04
7.776120399171108488e+01
1.170893159665257244e+01
2.645772984648004506e-02
2.687801740518770688e-02
3.484850046503211451e-02
4.982679710042048349e-02
4.409520876428020686e-07
2.168861284834539827e-01
4.413412474789753931e-02
2.482241073943979026e-01
1.261807864430608550e-01
9.091628247239982212e-04
5.777106266602081774e+01
1.565931244392069388e+01
2.758959028155021434e-02
1.024938502574056741e-02
4.893356536246137173e-02
1.845614453677957810e-03
2.261241936843550926e-06
2.693470689440342070e-01
4.215231971078128165e-02
1.857907094227343736e-01
2.093413915086830002e-01
1.050301977066252137e-03
5.291969544182942542e+01
1.503549419265813292e+01
4.064305939308533039e-02
3.870456498994431088e-02
4.321967082478270911e-02
7.534658632199212535e-04
5.608443790582570610e-07
2.671499510218028339e-01
4.454203671264304193e-02
2.585405421633494849e-01
1.935592360808462975e-01
7.609940814335791441e-04
6.963420478738628105e+01
1.586539821992226251e+01
2.791849332709733442e-02
2.918075523118490028e-02
4.238269497156738758e-02
1.840397979687779866e-04
1.060427746035707206e-06
2.541988360801241131e-01
4.732970485426155061e-02
3.042151312287482701e-01
2.029502062865881085e-01
5.642420207093786118e-03
7.623177939974800665e+01
1.430230396498808432e+01
3.398574312706333783e-02
2.047509043402128207e-02
4.709537689484626088e-02
1.698558626269856039e-03
1.705419704358675379e-06
3.410812198635859716e-01
4.302869787531433260e-02
1.902661214301121229e-01
2.235560828409671186e-01
7.883269183432227564e-04
7.989570230751557744e+01
1.532275100651066957e+01
3.421543945330889069e-02
4.980444482299756226e-02
4.752576003885210232e-02
5.297093744114346426e-04
1.152866364088404159e-06
3.203221314673170839e-01
4.723712454015870782e-02
2.415390472305178893e-01
2.084651339416362936e-01
2.466524559231005401e-02
6.603152160476085442e+01
1.370569578094965912e+01
4.005762937952701136e-02
3.087850311210576029e-02
3.913761986515396085e-02
3.928170949930619225e-04
4.550825775568474007e-06
3.739628444314493372e-01
4.858924042392976511e-02
2.170933764738142979e-01
2.301945388912123858e-01
7.576358833795285904e-04
4.736905578072386191e+01
1.589580878075317827e+01
3.250579183225699859e-02
4.961714169915711764e-02
4.054473038013181596e-02
4.530457373940875872e-04
8.511434252347378901e-07
2.949783863851342391e-01
5.103486956361150823e-02
2.345710089606007354e-01
1.790081843005756901e-01
1.137151329324408763e-03
8.287774522839195868e+01
1.216682556537781856e+01
3.714923108744720009e-02
2.508789342368340086e-02
5.089237410942678425e-02
2.042280509061264546e-03
2.225820161645396023e-06
3.229804419793239068e-01
6.009915508363457975e-02
2.334305672498981632e-01
2.300929136220160598e-01
2.668709323874466754e-03
6.577795359028067423e+01
1.438394168771963777e+01
3.629838991855321995e-02
2.683163727334593462e-02
4.240201958704475221e-02
7.108252795281308489e-03
2.291399405167731638e-06
2.774138514841488767e-01
5.174016077523823504e-02
2.552183304639300543e-01
2.186248527157820809e-01
8.552208128933809321e-04
7.385450192584907825e+01
1.529381345552882721e+01
3.983544609683595250e-02
3.243400953758444893e-02
4.098998839824669060e-02
1.145259081379143389e-02
2.458976172058285234e-06
2.597305158819381843e-01
5.602540307927448421e-02
2.917893936014024914e-01
2.095786430383820564e-01
3.715351908766128738e-03
7.185769641836341748e+01
1.445237777517256816e+01
4.638809110697050125e-02
4.232592780382423564e-02
4.611512578262034340e-02
1.262120972685205206e-03
9.010883347689622287e-06
2.605372175080901131e-01
5.999017182319173191e-02
2.663164440617371009e-01
2.183320387526683226e-01
6.440625546807942844e-04
6.667727010905754526e+01
1.394253003220091358e+01
4.020158226337068597e-02
1.357267099599000944e-02
4.659934376502555819e-02
9.986713785477621674e-04
5.137137162410607516e-07
3.250002196558351431e-01
5.480147733313441710e-02
2.243605195587639323e-01
2.389799151481611927e-01
1.481266519320853211e-03
6.099870024832075899e+01
1.480995036803627940e+01
3.400375556013007783e-02
2.883381473614483187e-02
5.974574427837127388e-02
5.210322771598123806e-03
4.723699695345547891e-05
3.027258038978652976e-01
4.896814233420486440e-02
2.484383212709622146e-01
1.950035980036819716e-01
6.722547155716779256e-04
7.618821827495325749e+01
1.313513154213697298e+01
4.002496604976861494e-02
1.614057920627694903e-02
4.872888243771069522e-02
3.495267233869487830e-03
5.849358232504350222e-05
3.583820499557480166e-01
6.018538298722897473e-02
2.451540860315245818e-01
1.788425028528036198e-01
8.368304685770535647e-04
6.818594180971851415e+01
1.293220225178844807e+01
3.524092790954998222e-02
2.890070546547399838e-02
5.240745364775631354e-02
1.047579246936583466e-03
2.066573996436476938e-04
2.845934394323441086e-01
6.505634416917205343e-02
2.282861041562624094e-01
2.086930918220830100e-01
4.182099360447627361e-03
7.395848662554782038e+01
1.633052441763605245e+01
3.959097546876196722e-02
4.962823183062829713e-02
5.247551480798191836e-02
2.759654081909141202e-03
1.512349589481875883e-06
3.767889757256187577e-01
5.333172293721916146e-02
2.726071747675187784e-01
1.996004186220436960e-01
3.184873184770143587e-03
7.167915052277197674e+01
1.526906597537366572e+01
3.899923721139750277e-02
3.568935957114639096e-02
5.145667840688237377e-02
1.134783189396374077e-02
2.895623680469564777e-06
3.052720417390016872e-01
6.489040120671793477e-02
1.638754157603285466e-01
2.598301435557731076e-01
5.024312516561445924e-03
6.758208822149953221e+01
1.427788795277428235e+01
3.775427656197315879e-02
1.510493231347426364e-02
4.635702666757897383e-02
9.629567311054656326e-03
9.099268379395723656e-06
2.686545494060412209e-01
4.774671315140922856e-02
3.211172004800716406e-01
1.808347874793453380e-01
1.385444263396286464e-02
6.703672896238859380e+01
1.861334371436720048e+01
5.304596299620209510e-02
7.248067388197360073e-02
5.633581530843730090e-02
4.445275578923990611e-02
3.296623372035530737e-05
2.790492195822730781e-01
6.899298517301491462e-02
2.405840355736196812e-01
1.814348450701323834e-01
4.541674136072195063e-03
7.689360029050504863e+01
1.686425668133648870e+01
3.712218656612983197e-02
4.903639060221220286e-02
5.589179983630070125e-02
1.060705043428964095e-03
7.171549048066926894e-04
2.480264995843500797e-01
7.890336452199010753e-02
2.077819650268944718e-01
1.372106478286905518e-01
7.423254013206396487e-04
4.844834964398442878e+01
1.226642952997891811e+01
2.429584777978375382e-02
2.431559066898962909e-02
3.039972380734090249e-02
6.302109099177367240e-04
1.514720555969394058e-06
2.761118717392110899e-01
2.875081167433793730e-02
2.163428816952737144e-01
1.687237034075518560e-01
9.341974429107127720e-04
8.161593326788754155e+01
1.116455471342595018e+01
2.791474980570034584e-02
2.158620380409929235e-02
3.659319631829690417e-02
1.842064718604774021e-03
4.367679871398088922e-07
2.795171106394861438e-01
2.497962383644384068e-02
1.464354569018021524e-01
1.729660000245884233e-01
4.490627521084795178e-04
6.137624899363228081e+01
9.583337985091578304e+00
2.676753326500311628e-02
1.583037625378299132e-02
3.967886627445881692e-02
2.444724125935437541e-03
1.585336432293778456e-06
2.322918766317087214e-01
3.164244673426976767e-02
2.260859303637858808e-01
1.795587477334504301e-01
5.061630065866156401e-03
5.862633763512742036e+01
1.069212806160523144e+01
1.875473324569435288e-02
2.123873070427485799e-02
3.397162221666252119e-02
2.477348781276860357e-03
1.164656781162036633e-06
2.634766597726194703e-01
2.182658349990971788e-02
2.019768094192409824e-01
1.633125317210581684e-01
5.142772126743061674e-03
6.638470081442750370e+01
1.130139864932969118e+01
2.896211513859591261e-02
3.074803962018693437e-02
4.153225899046185388e-02
3.817187755958248354e-03
3.398212664209011007e-06
3.033384346885182881e-01
2.882279036540481496e-02
2.146398387519754536e-01
1.553930987397938446e-01
1.389797123678647092e-02
4.978070966273197229e+01
1.131122516765761965e+01
2.792357281380916309e-02
1.591732638304339809e-02
3.575289890790146058e-02
5.270388158760167321e-03
2.300070942603491550e-05
3.053433118561948989e-01
2.757407528846072056e-02
2.297117969587869346e-01
1.471198453811078943e-01
2.621848003480948576e-03
6.547476415390298143e+01
1.089781491022376692e+01
2.565929424836956019e-02
1.255252919150127294e-02
3.755794030746349016e-02
1.810556728062848175e-02
4.160739323635188160e-07
2.860996134035653782e-01
2.762278123378899067e-02
2.206689805871597798e-01
1.641529693534159728e-01
9.141953235172805897e-04
5.069235396382391201e+01
1.379360096632472299e+01
2.781445230737276605e-02
2.390524058257282106e-02
3.705425044897576320e-02
1.667716808152510267e-03
1.233338834505639451e-06
3.323315606299717118e-01
2.539180321076605143e-02
1.831203569337475356e-01
1.878802902068511804e-01
2.166038928352714485e-03
4.353158216195033248e+01
1.374181053452314138e+01
1.917139968928260538e-02
1.574821136381481315e-02
3.759647505780265575e-02
2.273349839021205840e-03
1.115032743712913324e-06
3.162024659067289578e-01
2.950725640706968605e-02
2.363393855627716755e-01
1.582978120269532551e-01
1.611976089696198810e-03
6.341087623684251184e+01
1.026749385107281043e+01
2.153671809894279823e-02
7.018173680264432404e-03
3.350839867440299352e-02
5.716679538964946575e-04
1.147267394125772215e-06
2.174970420455800690e-01
2.983660725800046237e-02
2.400918231177297524e-01
1.080740856247396492e-01
3.277133795337536389e-04
4.385391996124321423e+01
1.298942490396027338e+01
2.766403275807998580e-02
2.478638579766466454e-02
3.470385023700797017e-02
4.762209980292540605e-03
1.624248443486599377e-06
2.711009817146951550e-01
2.858612102417167067e-02
1.698168774518853674e-01
1.485876638449164788e-01
2.301512803571261531e-03
4.499522574378448070e+01
1.052191539814453058e+01
2.160986459570726770e-02
5.604255382691294279e-03
3.388104927384928688e-02
2.958652494781842325e-04
2.438552175982586260e-06
2.691283786335282868e-01
2.848538186851658563e-02
2.231460065954007366e-01
1.591086218267534214e-01
5.208584351023374907e-03
6.285606255466088754e+01
1.249907677275424156e+01
2.213187493881989265e-02
1.734376510369440086e-02
3.092759124907586143e-02
8.476377650603561477e-04
5.580949722808860514e-07
2.528162823286912997e-01
2.825190720366718700e-02
2.624640121770486778e-01
1.742467130442556245e-01
7.724256799239347972e-03
6.727740055410622233e+01
1.185455923551674218e+01
2.555401175163055094e-02
1.673211597155804115e-02
3.515735132594585005e-02
1.914808948824219762e-03
3.832612182369371467e-06
3.394214756323345461e-01
3.121625388452722513e-02
1.666268027686348963e-01
1.709058015098623151e-01
9.231243224315994252e-04
6.398949826488708226e+01
1.180819887489180253e+01
2.152126238948399300e-02
1.499422532784647037e-02
3.764385731061416218e-02
5.217310343471050389e-03
1.298826577728438503e-06
3.181517328584358983e-01
3.580145874425049585e-02
2.301093271967083187e-01
1.528871937168316264e-01
5.878473730438297899e-03
5.148155421798789888e+01
9.383620936715770355e+00
2.251270636358925284e-02
7.716903777510086479e-03
3.448094784618025571e-02
1.136784941554063941e-03
4.438978794634439331e-05
3.748137434834539761e-01
3.263198863621309675e-02
1.930276397231555918e-01
1.906262234504982056e-01
2.884715827637846213e-03
4.421291663635355462e+01
1.244328686145580853e+01
2.228790438976464838e-02
3.841302647031542145e-02
3.640070242385456956e-02
7.295275226645246344e-03
2.802377111527725806e-06
2.943758711853774468e-01
3.067805362638214087e-02
2.281642179976973162e-01
1.466831221889104697e-01
4.062119829841301898e-03
6.110177121728535354e+01
8.256750123961083432e+00
2.289359044477763325e-02
1.557526480385404942e-02
3.617008244347828805e-02
4.001196579921316963e-03
8.432724130177836084e-06
3.224229095407407653e-01
3.259563391566334262e-02
2.099557444677559170e-01
1.773852238887776434e-01
7.247324426398060737e-02
6.707595702578893793e+01
1.027161456813433382e+01
2.612856433128607145e-02
1.648435130939479229e-02
2.849723722664204359e-02
3.829036319282895767e-03
5.196346891633402415e-06
2.778900672169932196e-01
3.472771293718267260e-02
2.352206735724917952e-01
1.526719351123692059e-01
4.541679092152482331e-04
6.353861335195367843e+01
1.265407965482478758e+01
2.748656044450830879e-02
2.269480581781721865e-02
3.638508777419241502e-02
1.009160344879268855e-03
2.701642837888637894e-06
2.603952388730121914e-01
3.485680179894266179e-02
2.796038637955535755e-01
1.733671791648846994e-01
3.895041279575609666e-02
6.841684791892474493e+01
1.154615487860305656e+01
2.874678274133288247e-02
3.725993174752869480e-02
4.815998895133685037e-02
1.811838188528495409e-03
1.527278152477761226e-06
2.600055833614718370e-01
3.388349917905941755e-02
2.508280284461261167e-01
1.582454248479541470e-01
2.986022693953628571e-03
6.084379372434572275e+01
1.178768480489460657e+01
2.498246579205898321e-02
2.407089323787816454e-02
3.347136904265159141e-02
8.174710276090731836e-03
4.177897188598028785e-06
3.266785581863415056e-01
2.936798571843049141e-02
2.136345426638393274e-01
1.711515179415630805e-01
3.768895086395970644e-03
4.977677546786414098e+01
1.323287948033517303e+01
3.037470455136771427e-02
3.325007466985892279e-02
4.140225315975874093e-02
2.120673437336483003e-03
1.324229406335580804e-06
3.048470453494919186e-01
2.764150042920338751e-02
2.371750882732039101e-01
1.828546115686590645e-01
2.790771301963764373e-03
6.093828443366719938e+01
1.132096504508646007e+01
2.707656516959185133e-02
5.233384634417574677e-02
3.048424341868846352e-02
8.271514507020186896e-03
2.766896333076466607e-06
3.573844061838620800e-01
3.532036020394784676e-02
2.118600742711735097e-01
1.246783625312442578e-01
3.305621639505162274e-03
5.298749893883437068e+01
1.025714314011269579e+01
2.736236248345697702e-02
1.601239367893063023e-02
4.416895164653639183e-02
2.102940043988435481e-03
9.395755211974943450e-04
2.842719465569591430e-01
3.023059034438096981e-02
2.286752367254145657e-01
1.570479046460375727e-01
8.543126072510957153e-03
6.568901035978826997e+01
1.141102636731068465e+01
2.458173822961821214e-02
3.901642472222285885e-02
4.087034368346673108e-02
6.209089564508766222e-03
2.199627473859926930e-05
3.756094132968687549e-01
3.448847416795473853e-02
2.633751626039230742e-01
1.614163154351753449e-01
1.054067231115767174e-02
5.042299092206318534e+01
1.118503548376515866e+01
2.877189359983983383e-02
1.687923094698515550e-02
3.377109790640776127e-02
1.195945472521731633e-02
5.839149685264764977e-06
3.041927935177102249e-01
2.640787673471319333e-02
1.596445628623913704e-01
1.734570319390324189e-01
1.495999920823117436e-03
5.803286868453095337e+01
1.136915904243909381e+01
2.564272998611866888e-02
4.499989932466476328e-02
4.366737947234258788e-02
1.204900638239833968e-02
1.559728817125772684e-05
2.702223505504824375e-01
3.488717427245418418e-02
2.845674664067652793e-01
1.795387785262503866e-01
1.774016333018231875e-02
5.572684903952236368e+01
1.426119933612663182e+01
3.097942661946294363e-02
2.391677917320500502e-02
3.132009032165319895e-02
1.769907795617353674e-02
2.506404839690012231e-06
2.787351962501626312e-01
2.909409181544150499e-02
2.230327048715991800e-01
1.317500261488406266e-01
4.100571726793592053e-02
5.779948455444811373e+01
1.226543787067769387e+01
3.154645121436736033e-02
2.384806097602115704e-02
3.665200761286820097e-02
3.354336080221590605e-02
1.404205169394867074e-05
2.449590913293618055e-01
3.249468950646085957e-02
1.978461824060179508e-01
1.194857197103180863e-01
1.321009758036848641e-02
3.674807974909766983e+01
9.390667983992365464e+00
2.136414444099739990e-02
1.358984177395846336e-02
3.672704772761527237e-02
6.622519921156535920e-03
3.265865928369361852e-06
2.761117058028663140e-01
2.549873630577456293e-02
2.051542351183937574e-01
1.485791457817457750e-01
5.339263468958552888e-03
6.742394023639405987e+01
9.832067799472612890e+00
2.546900908939251501e-02
1.599364179332882219e-02
3.412055258263172602e-02
1.894385425203058346e-02
4.923707500020446854e-05
2.802535354148559255e-01
2.335578256406403361e-02
1.523450644070246107e-01
1.345739250543734611e-01
1.065640659912360164e-02
4.643958207955036954e+01
7.269450887985921206e+00
2.549591383286244073e-02
2.441509941038841336e-02
2.590097377764669084e-02
5.442509867189977701e-03
1.103700437097939786e-06
2.313975936994010496e-01
1.992781726676665088e-02
2.062076738747432858e-01
1.620798268251996410e-01
1.692195358078596099e-02
5.897327740630854720e+01
8.974986353199810196e+00
2.631859974939409694e-02
1.167673166905064917e-02
2.738719165974890998e-02
3.581683157369647263e-03
1.600134507965423020e-06
2.639517152518739973e-01
2.035604189874358136e-02
1.900727412104953606e-01
1.540118382765653660e-01
2.254408329340780795e-02
6.069704131047001994e+01
1.020067129453407162e+01
2.203809108432644784e-02
2.466425286672183775e-02
3.602928317066381170e-02
7.400506803121832677e-02
5.287246245624757848e-06
3.023402780316177818e-01
2.413087614552078541e-02
2.010901105972106861e-01
1.317242980966968346e-01
1.013340614014487072e-02
5.025421395974606753e+01
1.007644598072804065e+01
2.376774972996727880e-02
2.027555107396199555e-02
3.394309797879747209e-02
3.795999583787233733e-02
3.797965080819592740e-06
3.061483252894619533e-01
2.478182122360715264e-02
2.201675806162301519e-01
1.464838202899930719e-01
3.910272485029066616e-03
5.205675032510812628e+01
8.362736956006138200e+00
2.460798601839998129e-02
3.605010666165576333e-02
2.692760671134802192e-02
1.780825513939877230e-02
1.430899903276751224e-05
2.866442966380143842e-01
1.822438670561382645e-02
2.217845039811109087e-01
1.856937952731931019e-01
1.994996505032543832e-02
4.912615900370914090e+01
1.162647761209053066e+01
3.021354271157805985e-02
1.456020137803612849e-02
4.155926350319234103e-02
4.625998060828243053e-02
1.271895910186782164e-04
3.317243988979176050e-01
2.586300876840182464e-02
1.905918483910874484e-01
1.592889297029659312e-01
3.697820237101161721e-03
3.364601667910948635e+01
1.077703668921424551e+01
2.477005174042283542e-02
3.820524104995336873e-02
3.573797601687089126e-02
9.609021697287318739e-03
3.789005533953867470e-04
3.161889746620558106e-01
1.922622697507566855e-02
2.157348320154178489e-01
1.380800187163402637e-01
2.552360405223693188e-03
5.133818655213041637e+01
8.041266465749504988e+00
2.547970198209160639e-02
3.453174743661916596e-02
3.171624039088800223e-02
2.474052927177860378e-02
1.670345493380325758e-05
2.189492518456359893e-01
1.809796363383854231e-02
2.230708437781730724e-01
1.093255376164745246e-01
1.275273019545948138e-03
4.346604443551782992e+01
8.629123791964779855e+00
2.786420937183184052e-02
1.624858773048291558e-02
4.206729845756145003e-02
3.948462640645935412e-03
4.463170183520262715e-06
2.716075417176705420e-01
2.466821465021455662e-02
1.630631089738820705e-01
1.469356613199539474e-01
1.127483005934405615e-03
4.708641314491928398e+01
9.774125905392864411e+00
2.427921523764105943e-02
4.849449713163291042e-02
3.463775118623974719e-02
3.813303090354990682e-02
1.529952827163694206e-04
2.685764676481005586e-01
2.484555586200393879e-02
2.220383398431405586e-01
1.435286477908058744e-01
4.155292977690970557e-02
5.728166657354754676e+01
1.170620518512383335e+01
2.474517206369887534e-02
2.159291393922994906e-02
3.596085829190488747e-02
5.168662275526449829e-02
1.019576176321446468e-05
2.542248804434560916e-01
2.766056930352628687e-02
2.367430738989051153e-01
1.251505905339480862e-01
2.478508802043538975e-02
5.501788798482581910e+01
9.789255998158191474e+00
2.594100280958730811e-02
1.727484499711914520e-02
3.456059512134890266e-02
5.475286668187825251e-02
1.977634419612555455e-03
3.412272783179090552e-01
2.357317903477816612e-02
1.570460915187648354e-01
2.000042954553532537e-01
9.921785135770463254e-03
6.010016254978242500e+01
9.298564640927271086e+00
2.619200432695299383e-02
2.727268905195541840e-02
2.574347485279463929e-02
1.060151980414603123e-02
7.857994012978559235e-06
3.193634245024178919e-01
2.109614458467418824e-02
2.260346890857160285e-01
1.618303478158016062e-01
1.227229113542573601e-02
4.784366989337783593e+01
8.970864691983850392e+00
3.350574232397247887e-02
1.935212609373564846e-02
2.740981021847414129e-02
2.824531076129431495e-02
1.834775509774356869e-06
3.743900111260884400e-01
2.330820992094138552e-02
1.681609638036667131e-01
1.422192263531922019e-01
2.480194164458567226e-03
3.644934198919439439e+01
9.487460715719921112e+00
2.156291830956705985e-02
1.807788218518696297e-02
4.638396233535614643e-02
5.651769741788359967e-03
3.276112248365707561e-06
2.946915977330205050e-01
2.004721836476184432e-02
2.235941373892694761e-01
1.122020028591734636e-01
4.338059129957898621e-03
5.575857835373830795e+01
7.466298722715870362e+00
2.697573083300978600e-02
2.693907517186006767e-02
4.075131560097369765e-02
4.555294126734491487e-03
5.318555755993419624e-06
3.232099899652465802e-01
2.464818865014253846e-02
1.913064147061619702e-01
1.370777277739670119e-01
3.493682828708383203e-02
5.144888726225391196e+01
9.322841671916242134e+00
2.335194875905781051e-02
2.233165366693996498e-02
4.676823413721465511e-02
4.356561425144045430e-02
8.435031091477989104e-06
2.772645835078697552e-01
2.671529014107856467e-02
2.202624252242089131e-01
1.189582127982507787e-01
1.305059483771012219e-02
6.043540400543669477e+01
1.154817182932868747e+01
2.737977853063910602e-02
1.292074937546848316e-02
2.997018102322488234e-02
1.322480746492875336e-02
4.102204818823453019e-06
2.611367133179881006e-01
2.184643463101393346e-02
2.506706240274461650e-01
1.551742652546703738e-01
1.640213652899760038e-02
5.495193307200884902e+01
1.047711353405152579e+01
2.526319668429571202e-02
3.188270775223845527e-02
3.817214582463795275e-02
1.181094695212474115e-02
7.461639123088859254e-05
2.589152792839749528e-01
2.417043412071919264e-02
2.254340933772877864e-01
1.272995616632537907e-01
6.351162551328483341e-02
5.049517123076036995e+01
8.430623741017106099e+00
2.999994369097279054e-02
1.358683387758569464e-02
3.939657005875768503e-02
4.645956311439394110e-02
7.144503183307132621e-06
3.266657189920117443e-01
1.992245892088024065e-02
2.047621382377836918e-01
1.896355735820220989e-01
8.512449293896487065e-03
5.044206157029410065e+01
1.144435455353510989e+01
3.101913480006533372e-02
1.820283729412354098e-02
3.143301759685785540e-02
2.583831543987659060e-02
1.403624025721885827e-05
3.051302063489685912e-01
2.120875654403333102e-02
2.318597109279932067e-01
1.471235284577438185e-01
5.589572411441090516e-02
5.018040849489541699e+01
9.319696355633631413e+00
2.840722817249722448e-02
1.821689235696752340e-02
3.038328003392885487e-02
1.093507456028946362e-02
1.636819193072653615e-06
3.576479547833614214e-01
2.192761303241704332e-02
2.041494101899929692e-01
1.680668564435333634e-01
2.527691864061747812e-02
4.835760903311582126e+01
9.439950883620845445e+00
2.506732901113369744e-02
1.960990063711521778e-02
4.541855343864730638e-02
1.169657855367883803e-01
7.818052486202975738e-06
2.850997845002399833e-01
2.570833965238267585e-02
2.511337203626088366e-01
1.737611572741997734e-01
6.077653473117022170e-02
7.829297692510425577e+01
1.149531357630979755e+01
3.457610600272347651e-02
3.221262241712170848e-02
4.760623912687567821e-02
8.541472933556519889e-03
1.703806460605971086e-05
3.749610665068647264e-01
2.628189400502438378e-02
2.449731645274509650e-01
1.549968526261532864e-01
7.447399749197637642e-02
4.522984906967986518e+01
8.698801259221855986e+00
3.258095099163449415e-02
2.279805180830891259e-02
3.991048241626996701e-02
8.364928504233893128e-03
2.950503117004707617e-04
3.045523064826508031e-01
2.721615565903948500e-02
1.473198491500958829e-01
1.577241739115224917e-01
3.598582374506702208e-02
4.982492816711840788e+01
1.086003402262043238e+01
3.483553494571871995e-02
2.747810252109625026e-02
4.049740875365524795e-02
3.821875535574858346e-02
1.416098612266174575e-03
2.706120617970265707e-01
2.758339429532759637e-02
2.831406566493426258e-01
1.196700022164050720e-01
1.032081207577074944e-01
5.274760294946594996e+01
1.293995398217751713e+01
3.414820868011254895e-02
3.660338644898452481e-02
4.498758919733714806e-02
1.592685086750310341e-02
1.567555342652033460e-05
2.781618464357963894e-01
2.426830174651039423e-02
2.230752596763396767e-01
1.503946063285388213e-01
3.405941715938728964e-02
5.951300880967343687e+01
1.140650071978326707e+01
3.576072052449489475e-02
3.614175338257227116e-02
3.023691334894132096e-02
2.693489596168718164e-02
4.790841002929103793e-04
2.452771378026346871e-01
2.732139174671914181e-02
1.957248047489233145e-01
1.374305851300125503e-01
2.266129598063493580e-02
3.407984342520424548e+01
9.148181590857129564e+00
2.492315624793542753e-02
3.630460650318846627e-02
4.110193176403751508e-02
2.254948900637475384e-02
2.328024764428987832e-05
2.767672731599509772e-01
2.468153836727412370e-02
2.069175054901578603e-01
1.323113117646128878e-01
3.203527941792741474e-02
5.821367033742095032e+01
1.018797241081599836e+01
3.110163031453453547e-02
5.853074093522581123e-02
3.563190910941547995e-02
3.073412117897448420e-02
1.170114927204698543e-05
2.804278983867946606e-01
2.599404997593334626e-02
1.500107099908172537e-01
1.623727007189075533e-01
2.609601418396562816e-02
4.101010048387497164e+01
5.895141149738594599e+00
3.180127029428312518e-02
3.126720774940234399e-02
4.027346506261277048e-02
2.024359760580527606e-02
7.303679401022825184e-06
2.323397657448406928e-01
2.532992836619791729e-02
2.206164237571723308e-01
1.760968278359464068e-01
1.208863000047542130e-01
4.408798955522910035e+01
8.596863463232507385e+00
2.844731835615607260e-02
4.032332886318828330e-02
4.059008353638262484e-02
3.807916873058175139e-02
7.445006607862998473e-06
2.640964216876461879e-01
2.686326980855682084e-02
1.819587415737576319e-01
1.357835175703724639e-01
2.058731656508759333e-01
5.548696670692547173e+01
8.648193046981051069e+00
1.918598750605227804e-02
4.346070205950035292e-02
3.811557837299497237e-02
3.006576319584295179e-02
1.701158412444644984e-03
3.034823949908463936e-01
2.043374135233097175e-02
2.011552062870534674e-01
1.632134350240312393e-01
1.029394987013782653e-01
4.812509941923156020e+01
8.302384586870978467e+00
3.306422682298726379e-02
2.054095541251615628e-02
3.480104541496296944e-02
4.202006059525192905e-02
2.129452300424702362e-04
3.052210922821408934e-01
2.118948733365289688e-02
2.150321630246708193e-01
1.561863520083931478e-01
2.137903965410916166e-02
5.192736904332075909e+01
9.724203165680071592e+00
2.909921701044451345e-02
2.911319901867604268e-02
3.424444047999833374e-02
3.948781699830995751e-02
2.245096006062222149e-04
2.864532676469024874e-01
2.296056627351747079e-02
2.136638996870768858e-01
1.732919239568332104e-01
5.098743441994702669e-02
6.642857045392783277e+01
1.042353021596636076e+01
2.565786436101514037e-02
1.888409946253775257e-02
4.345419731692507642e-02
4.978742491961584554e-02
1.551808133256721257e-04
3.323026822526940482e-01
2.072504746058513939e-02
1.837677713623762643e-01
1.469503652816049610e-01
6.354136044991072485e-02
4.094206401398216855e+01
1.153863216044630668e+01
3.012556782779969924e-02
3.712737227719500183e-02
3.693455853983428072e-02
6.761682931246770778e-02
1.013019208491043981e-05
3.164750412657791889e-01
2.202279629616261947e-02
2.177396682634457070e-01
1.592528971486226186e-01
1.664952869538337960e-02
5.127005798389890145e+01
5.792540883014919650e+00
2.354132153311884815e-02
4.128472497979050054e-02
3.815497157720604271e-02
8.205461741989443503e-02
1.164517358571709980e-03
2.180678149531662391e-01
2.295600645538954654e-02
2.254586307684413871e-01
1.512017070772057048e-01
1.342564238060522941e-01
3.363886077277848585e+01
8.896630716525569582e+00
3.179193380689698811e-02
3.788435857917576283e-02
4.325716161325401932e-02
2.447446971346592393e-02
6.909628860514096952e-05
2.709669238021067961e-01
1.995763954459502110e-02
1.621417112186618326e-01
1.627692056046024793e-01
1.202282872127341806e-01
4.687846643179052819e+01
8.715561342522128996e+00
2.405620599681181776e-02
4.914435880204762186e-02
3.202540010528218128e-02
1.265613261905917594e-02
3.353965103299068584e-05
2.692306865719928388e-01
2.588549401873382894e-02
2.122590281051270900e-01
1.468178207818333636e-01
1.832433234684527068e-01
5.372799108944348490e+01
1.000229285276383351e+01
2.227353725216575653e-02
1.788589650328182082e-02
4.104087038246335278e-02
7.314614371115879532e-02
4.131955913787038504e-05
2.531689037973380851e-01
2.008717992747496503e-02
2.162876816443858319e-01
1.515999402573925126e-01
2.074457885143944288e-02
4.534216807408484584e+01
9.209308507664374588e+00
2.943579610150715009e-02
2.656598204493434978e-02
4.459603534617010562e-02
1.265163939424071016e-01
2.915018480201030321e-04
3.407267547296466970e-01
1.908825570436159177e-02
1.644812509171560411e-01
1.706958445337810049e-01
8.894059815054679297e-02
6.104524034188876414e+01
8.985113146927128369e+00
2.391554708154569955e-02
1.838395737433849708e-02
3.723715060622078549e-02
1.462711358054686293e-02
3.017762892901752216e-04
3.190235236084942860e-01
2.598451907405579034e-02
2.323336154676855225e-01
1.458448415303024714e-01
1.143570622515484476e-02
3.990494802865638491e+01
8.879100971235192929e+00
2.859511163460066313e-02
6.134234001986609702e-02
3.846649726503654360e-02
5.235426668250505594e-02
1.204381862282976258e-05
3.746648358445326954e-01
2.514786353312164699e-02
1.782435384371741094e-01
1.660063508326544979e-01
1.581537500114888195e-01
3.513004731761218835e+01
1.081037715325506632e+01
3.110827552785178085e-02
1.905560737035615071e-02
4.607916455622820123e-02
1.715650349640982994e-02
1.245875653825087055e-05
2.937936463244633645e-01
2.155400686822922171e-02
2.243066797778234811e-01
1.713166130837888712e-01
3.915063894451962373e-02
5.808067789070604192e+01
8.646274024444355888e+00
3.416594515421864098e-02
4.539479110702261677e-02
3.838212583327653415e-02
3.172237610335566782e-02
1.924113955586268182e-03
3.232500974613392586e-01
3.347876733730015958e-02
1.975036050293529077e-01
1.423418443988452020e-01
5.235413666533650368e-02
5.025687477859379726e+01
1.078030379542895112e+01
3.146092464641608855e-02
5.602347161550389615e-02
3.755032753129068646e-02
6.739056045911402670e-02
1.018443441437213992e-03
2.776366893931067614e-01
2.657842637984837719e-02
2.057987395411556841e-01
1.340125462721151739e-01
7.420380783123631252e-02
4.927664901621346161e+01
9.595367888878735485e+00
3.203070974329416676e-02
4.720104494053332933e-02
4.490569936949349861e-02
5.976303167269782224e-02
1.863464402761022456e-03
2.614291664121113912e-01
2.078255941533366583e-02
2.460799979663904347e-01
1.804168255669383603e-01
2.731290833402325591e-01
5.909073970348767091e+01
9.210891296004493967e+00
3.574196611055698719e-02
5.520896464678905907e-02
4.329916079716230465e-02
3.410446615133395226e-02
8.857220334596736181e-05
2.593910653779986641e-01
3.093735925222841979e-02
2.224803589287069061e-01
1.954813035687342215e-01
6.492343175525309984e-02
4.496546729947908716e+01
9.867638042993982950e+00
3.037452832146635140e-02
2.805579196996748834e-02
4.836171944831813008e-02
4.985884010311564252e-02
1.825670561851914109e-03
3.261723588453763201e-01
2.522681607253425551e-02
2.122483368672070103e-01
1.932458563684190112e-01
6.758733317348200598e-02
4.237328899594557896e+01
1.149721857842906303e+01
3.433874790522985915e-02
6.492379038804957370e-02
3.660229555862029582e-02
3.655026636984213401e-02
1.942537326319973510e-05
3.050003126817752985e-01
2.882961366380399834e-02
2.373653931695925701e-01
1.703530834899678603e-01
6.377909433861539412e-02
3.732240769823506810e+01
8.428724014664364717e+00
2.980879701031805690e-02
3.968767141070618509e-02
4.315037146622429515e-02
8.168679900584753517e-02
4.317470984062449701e-04
3.579379772165730555e-01
2.724722210673166667e-02
2.307165365590223283e-01
1.886210119586443634e-01
5.398146608263747898e-02
6.233920159396001992e+01
8.524610162268368541e+00
3.532483702695778799e-02
5.883215416410338128e-02
4.665631452248470562e-02
6.041266886582302015e-02
1.367919902249043265e-03
2.847671535286328548e-01
2.524497793916694391e-02
2.352159500964348671e-01
2.022373780910952656e-01
6.444028977818838655e-02
7.119567943820435119e+01
1.013046541680473389e+01
2.921525834794371640e-02
3.653675068389622416e-02
5.087341532742314931e-02
4.195961525127930858e-02
4.213517565752410154e-03
3.749251502789118229e-01
3.098122758814950486e-02
2.251595202671733964e-01
2.176736869520849438e-01
2.520122455971223197e-01
5.511441967735557057e+01
1.146956832501202150e+01
3.589543653449642907e-02
4.076469461697088820e-02
4.129900287865125030e-02
9.846527279694136658e-02
2.594844423849265269e-04
3.049801170194437194e-01
2.554797811374881836e-02
1.646886235437946266e-01
1.680568366723075024e-01
4.136921202914023432e-01
5.284002614599570791e+01
1.025099663360180635e+01
3.526098799230683450e-02
4.330079303000856222e-02
5.059119081652255212e-02
8.889678481538657029e-02
1.565351915991160128e-05
2.687545646443199598e-01
2.564161445236412540e-02
2.684166983669012962e-01
1.821479964568291643e-01
2.740135798206395634e-01
5.848822995240276157e+01
9.434443143606880966e+00
3.521123716138969961e-02
5.924460188067118271e-02
4.362749521010300668e-02
7.011040961115358461e-02
1.024431444414474043e-04
2.775126499699980820e-01
2.718712002315564966e-02
2.397521561196807038e-01
1.715095515631445688e-01
4.582169309318325640e-02
5.503354025654400061e+01
1.307737668317687429e+01
3.474816209601018502e-02
5.097095782655604312e-02
5.142998505675090010e-02
1.258633924488034572e-01
5.679955361570061204e-04
2.461692974322504945e-01
3.300311699032514728e-02
2.137679805393911114e-01
1.310240265885683486e-01
6.524920832642282509e-01
4.533603205341871956e+01
9.772461189457361641e+00
3.275079999809694942e-02
8.550635602963094217e-02
4.866781459643752111e-02
1.644067294046199501e-01
5.234381170624672133e-03
2.766879413467322468e-01
2.219617274310030364e-02
2.231783059391273250e-01
1.706440151506955771e-01
5.881621748216896428e-01
6.412200946265731716e+01
1.053810743015008100e+01
3.982166724606214098e-02
5.098550745054290789e-02
5.076026847775005207e-02
1.096530436163441896e-01
2.038621564788334600e-03
2.796531951793056470e-01
3.101484530350732613e-02
1.824845654908879566e-01
1.381155045068911957e-01
3.285312797109241068e-01
4.252156002949534042e+01
8.679655288029412219e+00
3.437532310678625969e-02
1.072382429942250609e-01
5.231441488243441379e-02
1.335402338489837526e-01
4.509481047818253777e-03
2.328574848173477763e-01
3.569149454002170513e-02
1.966640385103116673e-01
1.601162268382216591e-01
3.525228239241608164e-02
5.273531864285462234e+01
9.484149709705420150e+00
3.211509284398130631e-02
5.787705510509422169e-02
4.370587940001420535e-02
7.131559702288374492e-02
9.994054484685677055e-04
2.647942488387644566e-01
2.585371971571371816e-02
1.578310367883092591e-01
1.827579660271472228e-01
4.886463542772447877e-01
5.490711152962674646e+01
1.099986777716105024e+01
3.613416143151609167e-02
7.044812155268684317e-02
4.538373735726231734e-02
1.180960697503581625e-01
2.073456455489685463e-03
3.034321047843964170e-01
2.894558551638691524e-02
1.901352545540149208e-01
2.064482035544616956e-01
3.045381380318930020e-01
5.273529966441699202e+01
9.110515068432615493e+00
3.182509229285799407e-02
5.186039696168018298e-02
5.870992636932858416e-02
4.392012573133036168e-02
4.693103571320703972e-03
3.057000306629070185e-01
3.216584427984314765e-02
2.335806087336385617e-01
1.726794733798927006e-01
2.632910360555844598e-01
5.092256867755606464e+01
1.144184146491264364e+01
3.286439726675990242e-02
4.924965308832399830e-02
5.141514950226658970e-02
7.003611860305952730e-02
2.349815485500758843e-03
2.864427915700580862e-01
2.724695568158728293e-02
2.021769449959078258e-01
1.685222391935204678e-01
5.700023079270863935e-01
5.611871620140291839e+01
1.140251040151507489e+01
3.520044512093839506e-02
4.677928261103913438e-02
5.094630553866603268e-02
7.536473607038757239e-02
2.747267803977883685e-03
3.325981765960656644e-01
3.220439520334555245e-02
1.809814641121554324e-01
1.688306085452059013e-01
2.607857112811994837e-01
4.154753691569840157e+01
1.060763645525072718e+01
4.203137711266936166e-02
1.043676032038927809e-01
4.685508375761707894e-02
1.229507288002232718e-01
9.202582192762281130e-04
3.168689857030522750e-01
3.494954883333362128e-02
2.122385259703886418e-01
1.371580202171056861e-01
2.267446559057899325e-01
5.364071961081816653e+01
9.636536179476438591e+00
3.426037595464322127e-02
6.116428278758263143e-02
4.434253096888657319e-02
1.089077884894160270e-01
8.151737297275546239e-05
2.187199219187983268e-01
3.225862684041225920e-02
2.275504804009789717e-01
1.525571029066736806e-01
3.702809022944804074e-01
5.118269894507398732e+01
9.712341462050471108e+00
3.861615592796863172e-02
5.591795682975197329e-02
4.073786001980004429e-02
1.053359149366521613e-01
8.446074900393184953e-03
2.712390431863280771e-01
3.386535442505217430e-02
1.702988790897567439e-01
1.837263037062784321e-01
3.367365779254558600e-01
4.604679426274498866e+01
1.119642956633448883e+01
3.275040323101259532e-02
4.285237069398663973e-02
4.694276067214309817e-02
9.813130541589501488e-02
4.809893637200543179e-03
2.702560935010180354e-01
2.418240673822901268e-02
2.248354657883735452e-01
1.798557398525218454e-01
7.857048976480373037e-01
4.755046731936445070e+01
9.819934259235347795e+00
4.001149401586406862e-02
7.410665543595590377e-02
4.148399329099547450e-02
1.802446542538496330e-02
7.030828661335749435e-03
2.527498925507117855e-01
2.647333800803559900e-02
2.307883884525188667e-01
1.783250701524032311e-01
3.605902050895500310e-01
5.955358248674043153e+01
9.374323876157603763e+00
3.802122389528924534e-02
6.815834567813919276e-02
4.440487495230908965e-02
1.149466692944045160e-01
5.030392423721341717e-03
3.417793061676346889e-01
3.796204886586756339e-02
1.539509319443660151e-01
1.589989691469908262e-01
7.799801570130991679e-02
6.063627941760836393e+01
1.071924699907023815e+01
4.487771920452620494e-02
5.763450400781421068e-02
5.617033591384049118e-02
1.230870027031449876e-01
2.051247896646303667e-04
3.191299225953813101e-01
2.761868450576925385e-02
2.277602131228858573e-01
1.513355558067849826e-01
9.069545085709742605e-01
4.577891389706665848e+01
1.088298237112134537e+01
4.141783979405225247e-02
6.253278156870763216e-02
5.791302337419694524e-02
7.060095208564931557e-02
1.159314442444782248e-04
3.725432534546765373e-01
2.627991064082751960e-02
1.563310091805289459e-01
1.813278719707699382e-01
3.189080368256072551e-01
4.300817640906988260e+01
1.134778363326141637e+01
4.101172445748897666e-02
6.605522961393366088e-02
4.601706950541260138e-02
1.139382638684686838e-01
3.200323675032288890e-03
2.943839574236286061e-01
3.751125134226444835e-02
1.979484636016367871e-01
1.914459389685780888e-01
5.638171006531605967e-01
5.435148801615791569e+01
9.884035414570378819e+00
2.965270038819600718e-02
7.918886228491303636e-02
5.135032727910351230e-02
2.918461736902872028e-02
2.847566618303070795e-03
3.225706784880012501e-01
3.135929359728696630e-02
2.065637514726681445e-01
1.766715058912618486e-01
4.833745943675430423e-01
5.406501321080573064e+01
1.232674650811704709e+01
4.293565342992480133e-02
1.066603455681020829e-01
5.541596124664140838e-02
1.251053911907145377e-01
2.584454729088377697e-03
2.765852111467131946e-01
3.615036077483563953e-02
2.202423936072950283e-01
1.464258184349910008e-01
6.715218255945616388e-01
6.129028453432208323e+01
1.147924345681149383e+01
4.143988382808170418e-02
4.332870952702067013e-02
3.389035233047010820e-02
1.025323930738489681e-01
3.713871561507050157e-03
2.606048473197781767e-01
3.610441647938175680e-02
2.745674146380523428e-01
1.689784979829643818e-01
4.916896366062570300e-01
6.396828935469914512e+01
1.316075681324119984e+01
4.151690853098931322e-02
4.807757390182117174e-02
4.964165300248562368e-02
1.281910261095175196e-01
4.901822111634300885e-03
2.600474574975544795e-01
3.833072392141832763e-02
2.355382868337665692e-01
1.595429252593170144e-01
7.507837595342963244e-01
5.500832752339811549e+01
1.062631653820057664e+01
4.921552171500659378e-02
1.084806127802305786e-01
4.595796475269459808e-02
5.952912888494820559e-02
8.487218037476611590e-03
3.260676665927924045e-01
3.897431726016312159e-02
2.201597235924639684e-01
1.903034374917142724e-01
5.433129634803108843e-01
4.767189666106325063e+01
1.040675628235953276e+01
4.285090408288815683e-02
7.848921900958695519e-02
6.266442159859388072e-02
1.223854131194270362e-01
1.444825513822155672e-03
3.057359800829175245e-01
3.524752542348792012e-02
2.243916316532692801e-01
1.432752011826219640e-01
1.243222052889039198e-01
5.447151214075357473e+01
9.744859765474910063e+00
3.230985383573823505e-02
8.518151629590230145e-02
5.639963205552526310e-02
4.951240951987064681e-02
6.548126885091449384e-03
3.579202763020425948e-01
4.085230919390236970e-02
2.377728202508280486e-01
1.994996344109971342e-01
7.109381363915093788e-01
5.417762811917857135e+01
1.027076395151004284e+01
3.872616262715008334e-02
1.275373010991753819e-01
3.919762659288223566e-02
1.082584977610828170e-01
2.429729047106306532e-03
2.859198644039253612e-01
3.857185041095689132e-02
2.671798305653432237e-01
1.698836382954952429e-01
5.768765297116139612e-01
6.903202068339246011e+01
1.117232206959117313e+01
4.331132965374078631e-02
3.688361156095569526e-02
4.295120884696727176e-02
1.364749022205372364e-01
1.054404911555210586e-02
3.751817490768221131e-01
3.687564697945854703e-02
2.327975602291196544e-01
1.713272318561338547e-01
5.739522493478161902e-01
5.909652217790467432e+01
1.129229529719333769e+01
3.616900214304587247e-02
8.875177703329671652e-02
4.931343962413430732e-02
1.535147179918675830e-01
5.646270969061082355e-03
3.046866468762579605e-01
4.294202802330326918e-02
1.828990069481675196e-01
1.894299948320165849e-01
5.690367738356035821e-01
6.121656415822456410e+01
1.101945519188261891e+01
4.188062870768385210e-02
1.231253370085968052e-01
5.794573449779107099e-02
1.384608619916287697e-01
3.913278565850492399e-03
2.684408241693489461e-01
4.072533759583554097e-02
3.034218778845587106e-01
1.970084842385144419e-01
4.759524396470378726e-01
5.550574434097931942e+01
1.372952755668801217e+01
3.761288468711697364e-02
8.725069966401641230e-02
5.958917549689865534e-02
1.133180741139595410e-01
5.223550567536911111e-03
2.784921632902007671e-01
4.030709134293324059e-02
2.162146018324046515e-01
1.664381378943577405e-01
2.289796206168273063e-01
6.232587079572316213e+01
1.389437875275232770e+01
5.087926738016944339e-02
1.174296331789726200e-01
5.683041430632194968e-02
1.361619845470788681e-01
4.645492294063252245e-03
2.448559563442284093e-01
4.885072421777916785e-02
1.981954165533758583e-01
1.476607636240219457e-01
2.401133203057203847e-01
4.137669322131209526e+01
9.153211373311151533e+00
2.924184847213037730e-02
9.439766166415322624e-02
4.531950968288214754e-02
8.557149444154862894e-02
2.829444146738344870e-06
2.769808110176558702e-01
2.648211186668205167e-02
2.046422045460541128e-01
1.688130566352493978e-01
4.759282316138422897e-01
6.084318656415962323e+01
8.475956757344263792e+00
3.226733539383740829e-02
6.214910716657349316e-02
3.290431427443349377e-02
8.986280463106782745e-02
3.098796615167503325e-03
2.789091505250964054e-01
3.218436671257996623e-02
1.574872824743436261e-01
1.227213133696881536e-01
6.308731288902562351e-02
5.115135268504333510e+01
9.305175712017829781e+00
2.488958917269708943e-02
5.740379317634273365e-02
4.325907885397769354e-02
8.347723361964201616e-02
2.674877390684791360e-03
2.314970429949799458e-01
3.716374491257710966e-02
2.201917140941130613e-01
1.663437533709413441e-01
2.563329314881877541e-01
5.579841602363163133e+01
9.062112091804445768e+00
2.604083666068224626e-02
7.999823711014417138e-02
3.891767826813508080e-02
6.053532664821455189e-02
7.173652563131276833e-03
2.640188420512120659e-01
3.077361191302700749e-02
1.973641432498877690e-01
1.732434927985504469e-01
4.492481028432609436e-01
4.941501078669332969e+01
8.164844114802267683e+00
2.717697586265909945e-02
5.436727147717178993e-02
4.504145800876119959e-02
4.711295325784400218e-02
4.146910324554495438e-03
3.054042219281292159e-01
2.872646742400160672e-02
2.245653966910385602e-01
1.447166994637009985e-01
2.644496931177860444e-01
4.944862082946963966e+01
9.023413435006146344e+00
4.023991625401496242e-02
8.975067804566053131e-02
4.085259056440601610e-02
8.741104551936439149e-02
2.215259747568195086e-03
3.050672387621053416e-01
2.734351396655974528e-02
2.397336576604008063e-01
1.322867000147455729e-01
2.109610433302363738e-02
3.817920639368018954e+01
7.884263895038452041e+00
2.706744381520240217e-02
1.789845377911631133e-02
4.401823627817610246e-02
1.121525500991875229e-01
4.569084843499563765e-03
2.870918421674341081e-01
2.145660074203837794e-02
2.152798138663817307e-01
1.513315461318047728e-01
3.660716662841139724e-01
5.738115914605069889e+01
9.897706473687051698e+00
3.765836703125542001e-02
8.808626977726197183e-02
3.748660804055558432e-02
1.755348091261174914e-01
2.995481064093463101e-03
3.322377077200996398e-01
3.083037166334634191e-02
1.866044680772637743e-01
1.509098009382373318e-01
8.328785361813030308e-01
3.902662316334069459e+01
9.648583729360995065e+00
4.128870200969989024e-02
9.457639044804566630e-02
3.097257003941260994e-02
6.434110492978158125e-02
5.104666344128695049e-03
3.179345957765722930e-01
2.428427741589970351e-02
2.089009950789225134e-01
1.492827654975636964e-01
3.827519573664573960e-01
4.437613286210275021e+01
8.400782615683231924e+00
3.934644450851036701e-02
6.338333836055051740e-02
4.767931341078158330e-02
7.627869036564638439e-02
5.121891817617856175e-03
2.173190735689738140e-01
2.972228700793571807e-02
2.206516242567208852e-01
1.536513234568707698e-01
4.040225156614357105e-01
5.414175687459280795e+01
1.029569484544236779e+01
2.836199860210884827e-02
8.446806970551253013e-02
4.854475933632509260e-02
1.205228251205084228e-01
4.330006754246748350e-03
2.721619380059795978e-01
3.030612361166704766e-02
1.729426646005766954e-01
1.636667985245272017e-01
3.499232558409157146e-01
5.043645313605495772e+01
1.044131827263548473e+01
2.705536241514587201e-02
9.387327219425389835e-02
5.802372567739615822e-02
4.428683878187482381e-02
4.593384723961436641e-03
2.691634496578272362e-01
2.447977031652685126e-02
2.121681216351692378e-01
1.395462338325723084e-01
3.409164317161640367e-01
4.769743684409188234e+01
8.864891409734527272e+00
2.510545294403460428e-02
1.152049523204254911e-01
4.124975067976311555e-02
1.170711612020446379e-01
1.124077455773647705e-02
2.529953198513383295e-01
2.607118775954744838e-02
2.199075793795766398e-01
1.960225693380469869e-01
2.386739944530257562e-01
4.597444399972655305e+01
1.063982755006779435e+01
2.301630317053257602e-02
6.881551414847092429e-02
4.010327659567651526e-02
9.438939979441315908e-02
4.846649904313173572e-03
3.407488106741452527e-01
2.730751285278864779e-02
1.602077855061355138e-01
1.773480272276777570e-01
5.608594963611651663e-01
4.738459290914826738e+01
1.082183560844437409e+01
3.696877293957442911e-02
3.413381956406913442e-02
5.038635304375372465e-02
1.227448760568895930e-01
2.991593441558363081e-03
3.214827547556152743e-01
3.452165342687526367e-02
2.454659907627254056e-01
1.665110004518227937e-01
3.412573125491931147e-01
4.136109172467143935e+01
1.086286664870586272e+01
3.069678408076156190e-02
6.143020286035719146e-02
5.356946081325074382e-02
1.002288212389229882e-01
6.317799814642429714e-03
3.744652936432674717e-01
3.776779946810312344e-02
1.659008621895135260e-01
1.620362152421704893e-01
4.870719560727737041e-01
3.891442855403963108e+01
1.123487825558233233e+01
3.755298660229621638e-02
3.997600519374221173e-02
4.918932331722390694e-02
1.088513613563992094e-01
5.905859153429364981e-03
2.936590193377973113e-01
2.729603579147868095e-02
2.430804758458068593e-01
1.864176075606117089e-01
5.148510193020250369e-01
6.503988138653392070e+01
8.859045070123327648e+00
3.810860468710228904e-02
5.362458511796199673e-02
4.709453552981573282e-02
7.699819134673409338e-02
3.558674163433250826e-03
3.225037439831606179e-01
2.532479619213588370e-02
2.020508595015723385e-01
1.584783389102560336e-01
2.417243459338432043e-01
6.016767872197458189e+01
9.619446391368288829e+00
4.079657596882505649e-02
4.825540284553176545e-02
4.614760053319034300e-02
1.282464434924680263e-01
3.317360490949997336e-03
2.785249758803068354e-01
3.189746056902821592e-02
2.201582546106880534e-01
1.469157205261178434e-01
7.000710585015602616e-01
5.498838705826928219e+01
1.148091875848108501e+01
3.770614551285327021e-02
1.061066128168158956e-01
5.477486097728090364e-02
1.052710964470111449e-01
7.103110841703989646e-03
2.613579427146865974e-01
3.948228844116202785e-02
2.383401718365843469e-01
1.629279519382166586e-01
1.319977845675230688e+00
6.236174528991690380e+01
1.086467123320602113e+01
4.367790720569759283e-02
8.167377140049103534e-02
5.328602687960833778e-02
1.294622925032420935e-01
8.677318818416386581e-03
2.595802928912955276e-01
3.099607493963666208e-02
2.081123365829197491e-01
1.930089678018233890e-01
7.186930872457288899e-01
5.976851253136231179e+01
9.820140920509594196e+00
3.380270608014583622e-02
7.280416142162535187e-02
4.826181818129531009e-02
9.980983493799316930e-02
4.364282919650797933e-03
3.264561717080732284e-01
3.334567851845159775e-02
1.995358434160863781e-01
1.705953951540550850e-01
1.436451866531641142e-01
4.519254090479267916e+01
9.218174480222074862e+00
3.549678069656539425e-02
1.158582522714339397e-01
4.626235680096495162e-02
9.590612785988213151e-02
6.234896173858492027e-03
3.081072189832279040e-01
3.659073044472643810e-02
2.289346907991607616e-01
1.988333599686682718e-01
6.402770679852864966e-01
5.210169329854794285e+01
8.429448261540617438e+00
3.835903715109312273e-02
1.219369708084932641e-01
5.086934333432073518e-02
1.595571881985250184e-01
7.355964020371974499e-03
3.573915096276538139e-01
4.047120220479220876e-02
2.135792916664591701e-01
1.550060138681932931e-01
6.726359735783559168e-01
5.702436427420151688e+01
1.139349275847628462e+01
3.103463271720494077e-02
1.004840537394297156e-01
6.742379873874228269e-02
1.677275972869654019e-01
3.718301861214938584e-03
2.852022468475096106e-01
4.103873196189362915e-02
2.141145774473449115e-01
1.621237234076481348e-01
4.979930528339553408e-01
5.951615042466934113e+01
1.109714480596549713e+01
3.943856088870662663e-02
9.515341923202585983e-02
3.908275553022810822e-02
1.072006516435387580e-01
1.239927981153812926e-02
3.776847076030287464e-01
5.251284809759585587e-02
2.573910769360704398e-01
1.549783238008199393e-01
9.231993791989820952e-01
4.521347430233581122e+01
1.211596586939109699e+01
4.836227917542929716e-02
1.091189953164161675e-01
4.927765222743069051e-02
2.167529235669005960e-01
8.519119570669119942e-03
3.060057502529715534e-01
4.526642617790824219e-02
1.650206330270764243e-01
2.322289432316266278e-01
9.585760183256322176e-01
6.076764218454356836e+01
1.219310756199853074e+01
3.913727044731665078e-02
8.796754166740788916e-02
5.985022873193355381e-02
1.184113729406775783e-01
1.779274177257613582e-02
2.678801936044886700e-01
4.888028603972668223e-02
2.980739369326583788e-01
1.942687802142918641e-01
1.041752744836180522e+00
6.780265519510062688e+01
1.343687566936467270e+01
3.543506963253726522e-02
9.927525399406801621e-02
5.809896720630176176e-02
1.684389192693252768e-01
1.600884988652704136e-02
2.778472688180187999e-01
7.290394751478468383e-02
2.424584107796498023e-01
1.826556965269383048e-01
1.221775882994707851e+00
8.172519823886182166e+01
1.089856411520563739e+01
3.931435745575283941e-02
1.024716456788964392e-01
4.843586119906129195e-02
1.614901221904815332e-01
1.356348969818548661e-02
2.454299045985131877e-01
5.130688382884446980e-02
2.066141924373477712e-01
1.380175533226926099e-01
1.275851189976441036e-01
3.537941340887780939e+01
8.612410577555332125e+00
3.076618285613825013e-02
8.497630856848567560e-02
3.476079087406142715e-02
1.091541578475869190e-01
2.908337796385838340e-03
2.696277627641298635e-01
3.550964287614023079e-02
2.006813606760499413e-01
1.472051318840943146e-01
6.308783076592814343e-01
4.835224893245275268e+01
8.771085533307113380e+00
2.982233265308869424e-02
3.846877430886911503e-02
3.793462568326048945e-02
1.052129812891587635e-01
1.804844380307033804e-03
2.811820087756052855e-01
3.223250601278086075e-02
1.779002105219445184e-01
1.217212208736228318e-01
3.353045149119763257e-01
5.010723287344281829e+01
9.640790887177505653e+00
3.990640632588113301e-02
7.678834703797048078e-02
3.786273301908615885e-02
1.162905392047220293e-01
3.455476978879217561e-03
2.400914010359110340e-01
2.653545282448394396e-02
2.190581441320071932e-01
1.358802727599743299e-01
2.517459160803325879e-02
4.322391002081825206e+01
9.280878109288044797e+00
3.358413720537858915e-02
3.396978019531832205e-02
4.376226567498956582e-02
1.003250929593114404e-01
1.396454718344341140e-03
2.648398906342767645e-01
3.367797760264992085e-02
1.704027989716708769e-01
1.283609614982516856e-01
2.531636243986234991e-01
6.102361990729401242e+01
9.559668009060818150e+00
3.352838395977705138e-02
9.753852501241055961e-02
4.582073621270107977e-02
7.137517619771488464e-02
3.952705553778690373e-03
2.895478455846848820e-01
3.151215976424033560e-02
2.049960101493940867e-01
1.481664482192548427e-01
2.698083139333940506e-01
4.704387854954585180e+01
8.456427395072239506e+00
3.969636899217253434e-02
5.377686872375092575e-02
3.906634951198194317e-02
7.060946848819266153e-02
3.020684995648115212e-03
3.247898924641992036e-01
4.041114653303500004e-02
2.204162703866745787e-01
1.699379821690304437e-01
7.111564475569012722e-02
3.238260351504690249e+01
6.854761630189263322e+00
3.483915877543460743e-02
4.186952175924411879e-02
3.570880231941422206e-02
3.665081242049303412e-02
4.794187101171258104e-03
2.858459593927126785e-01
3.718959712398151735e-02
2.119261872790713930e-01
1.457705073521033956e-01
4.087987217788503491e-01
4.434543033922879118e+01
8.167538263874233095e+00
3.279756482917251664e-02
6.010676307685542535e-02
5.161991695611056058e-02
1.457005271024118254e-01
4.581535479486552320e-03
3.292206981643426844e-01
3.240112494244080238e-02
1.986167903293834525e-01
1.338651391845607219e-01
3.502984969536028226e-01
3.665810777177215130e+01
8.495904745485894694e+00
4.075694238352944171e-02
6.575142851532932153e-02
4.443767300931423386e-02
7.823871618986716348e-02
5.313806806553028270e-03
3.086435408971902605e-01
3.416367111274058038e-02
2.231818737028002098e-01
1.475764223832157218e-01
7.329492728042915628e-01
5.222253948146507696e+01
7.801607428349221607e+00
3.497990751265068338e-02
5.305973190839546189e-02
4.624661815149701261e-02
1.503070349565708286e-01
5.087946699319036148e-03
2.089424396433119946e-01
4.689854521628616241e-02
2.067158669295565687e-01
1.124849216979855460e-01
4.561380349647131127e-01
4.436608089777189434e+01
9.163829518341342961e+00
3.234802150450521996e-02
6.918293279027576403e-02
4.188467366937827924e-02
1.071266943593482540e-01
4.512228255015101989e-03
2.585960424153270765e-01
4.368518693328736491e-02
1.806848346436960573e-01
1.482105066755876610e-01
2.193854249271934287e-01
4.663237556930597094e+01
1.157155903755577064e+01
3.158134228514374725e-02
1.109346532483734965e-01
4.300247238712027326e-02
7.408504109170345464e-02
5.972332715494685536e-03
2.503714237809012699e-01
3.169927787533679403e-02
1.894391144579782305e-01
1.391466207529657162e-01
5.775365673373886732e-01
5.220613951425605848e+01
9.030710742073047470e+00
4.032044424797870397e-02
3.060304128359139092e-02
3.748738330280765307e-02
1.231051243590626926e-01
7.942864280059077492e-03
2.662969389097317174e-01
4.823894651342552908e-02
2.379491568986013827e-01
1.668536079323938437e-01
3.298609848901700170e-01
4.394837440448311128e+01
9.205058214462431110e+00
3.849270433282695608e-02
9.187034358943499401e-02
5.649243102484195755e-02
6.353104504108327000e-02
6.260072521389782249e-03
3.492973930379104641e-01
3.644198069143202851e-02
1.622777542468321343e-01
1.171478304242477009e-01
3.402184475255566332e-01
5.461425686875451646e+01
1.074670679634995274e+01
3.240511959433724221e-02
5.400991371667914626e-02
4.287142267998666351e-02
1.424549613624411237e-01
5.849927663546521106e-03
3.287895615446871922e-01
4.217103030349676762e-02
2.208660602736073619e-01
1.435988747579462210e-01
6.676214233858314140e-01
4.968390213825521329e+01
9.613291299383499577e+00
4.415659459385674196e-02
6.930468171260138754e-02
4.073515641543746374e-02
1.095536551389473257e-01
6.829476426660386831e-03
3.876155367612919567e-01
4.830488755282953683e-02
1.597282018856241992e-01
1.662549620391224336e-01
6.033507604870390617e-01
4.455544760841856089e+01
7.431006260476967107e+00
3.593248892224486929e-02
8.976780382681487369e-02
6.235505103247526021e-02
1.398828975330494162e-01
3.638279608582008912e-03
3.007930761939111575e-01
4.091162923222342596e-02
2.281317975269133991e-01
1.805580485606005647e-01
3.573764662752576537e-01
3.929713723409327741e+01
8.369676692602785906e+00
5.111512850028950700e-02
8.653236448546965109e-02
4.924189711404589054e-02
2.207120963930855606e-01
5.587360519106075382e-03
3.570545046137963419e-01
5.609215688871838079e-02
2.025845163741905597e-01
1.874589890088356470e-01
1.115045197106274033e+00
5.232404093696585790e+01
9.419713128839568128e+00
4.970117530673155704e-02
6.476727218257989638e-02
4.455672732483291487e-02
1.248152026804278114e-01
7.844139706203071688e-03
2.756818946709181373e-01
5.273220933119919518e-02
2.352254158259626526e-01
1.724937558033338425e-01
1.061799113094430869e+00
5.331811982910929970e+01
9.815700813131797986e+00
4.619422184600266434e-02
8.199080342004447242e-02
3.568731559206383963e-02
1.097926531964727309e-01
3.345736698587251610e-03
2.915294082542161380e-01
5.370907038894397884e-02
2.360234131671945235e-01
2.023836400242911282e-01
7.391766298931971013e-01
5.102034284221070237e+01
8.214462452951767801e+00
4.250482517734387178e-02
1.075684952175218617e-01
5.387043362608923830e-02
1.097437727336367380e-01
1.203276800074833466e-02
2.585335423065066585e-01
5.054796338064340006e-02
2.229986136954371090e-01
1.431537972793166247e-01
7.697792526161754134e-01
4.893468196796290925e+01
1.122369409125904660e+01
5.262746328164621262e-02
1.019750359652478039e-01
5.958881133685774850e-02
1.066742722617689959e-01
4.942852954651529018e-03
3.234333665949506997e-01
6.296183776598458792e-02
2.443800949891912766e-01
1.848204990086586841e-01
1.523666546677613365e+00
6.175040472079718512e+01
1.062910139497151540e+01
3.414041045042496419e-02
6.245051147853410145e-02
5.682382855165643565e-02
1.576191242185066288e-01
7.077690038673888073e-03
3.075535782163540399e-01
4.528703037772037476e-02
2.205970088950719998e-01
1.534926659325452081e-01
1.657338716183696770e+00
6.016517789653589432e+01
1.007520398486838076e+01
4.442692055373410887e-02
1.023132670420036777e-01
4.542928563585930946e-02
2.367885828879750798e-01
1.574779386220076516e-02
3.264255060274252607e-01
4.799683258738215996e-02
2.245286898372278461e-01
1.730682176295736119e-01
1.133147254041958485e+00
6.515960339148250569e+01
1.108566594845109776e+01
4.677624958534500055e-02
1.440592904404115748e-01
4.408944361662902461e-02
9.998851600924818506e-02
1.262576147449046178e-02
2.895297543238071203e-01
6.196371164961434613e-02
2.225942840717906046e-01
1.640533290691172652e-01
1.029170545252026781e+00
6.428025709281072864e+01
1.309008641106607307e+01
4.073415990700139655e-02
9.447633955497253266e-02
5.448364199817936487e-02
1.752529630567310481e-01
1.243740019118354245e-02
3.871722955916238607e-01
6.439826122093260385e-02
2.100489840861530233e-01
1.634083467007332868e-01
8.520722497037730436e-01
5.849275194458869009e+01
1.184155680419901735e+01
5.485353542072807925e-02
9.420690329978995137e-02
5.674516406844203747e-02
1.660400700042587163e-01
1.587808177922194960e-02
3.238562342612517631e-01
6.151471502614078157e-02
1.919744474082991925e-01
1.084716259037045438e-01
6.829531839407463334e-01
7.438224305911980139e+01
1.168403060706392615e+01
4.414211329949314921e-02
1.139199727733322953e-01
6.871800649048327714e-02
1.303616427733661209e-01
1.477791254960528732e-02
2.728990143146425851e-01
6.360894324960883472e-02
3.203744255721757139e-01
1.957770949693282414e-01
8.247749222309711525e-01
6.133256987675185457e+01
1.244775259523731670e+01
6.006466883225150544e-02
1.168962672254205831e-01
5.334688797689540740e-02
1.635650988767568259e-01
2.200772849827233035e-02
2.407514142030892645e-01
9.235279488163053441e-02
2.610310871984012904e-01
1.899781789320007797e-01
1.527583433139958702e+00
7.610808527723726513e+01
9.526899206502763562e+00
5.499486504615164195e-02
9.696239322397748328e-02
8.071882418056695874e-02
1.688844869492210077e-01
1.825346261469366210e-02
2.921823427694705821e-01
9.343051264102730791e-02
2.008904951819746598e-01
1.737013484596341695e-01
6.392505545341028439e-01
4.589730234575682033e+01
1.245960295846842136e+01
3.805112959025445940e-02
7.038016635557046985e-02
5.646605916829711830e-02
1.498991850434044093e-01
1.129160115525346640e-02
1.842010204107212701e+01
6.558949826121318605e-02
2.400149231527072269e-01
1.230899011039527507e-01
7.362758165489590167e-01
5.767449114311089886e+01
1.061302628897617772e+01
5.046089471433636009e-02
9.533749214789738469e-02
4.694746493537323845e-02
1.567884611502603220e-01
1.027133249496059442e-02
1.240424352981142597e+01
7.978425408055196677e-02
1.616425216641475815e-01
1.551840343658100752e-01
9.731849214568558670e-01
5.633164988781926041e+01
9.809678800655499131e+00
4.385064107159020175e-02
8.396311970137652902e-02
4.294263821309485946e-02
1.860917513690977521e-01
1.600518831774817505e-02
1.617038908426082955e+01
6.677080756369331571e-02
2.230916420519152565e-01
1.409332553846525671e-01
8.533093782476539602e-01
4.808992233206837597e+01
1.149221804523907409e+01
3.770813031245904418e-02
9.103251225044800554e-02
4.411889752429532657e-02
1.471837006849323337e-01
1.230619088427416068e-02
1.174141848258530807e+01
7.159570343992245622e-02
1.862218474510416444e-01
2.035958839644531893e-01
7.053498671540925358e-01
6.443426897667646358e+01
1.099546851642076462e+01
2.998673399734561387e-02
3.005928486369631100e-02
4.900620665556162936e-02
2.452670297983753078e-01
1.050292746367478477e-02
1.728297487390415199e+01
7.350633521839711193e-02
1.955998324432056679e-01
1.399583957703785242e-01
3.320039646688126012e-01
5.374758506532786129e+01
1.039581209315649346e+01
5.830460710503004851e-02
5.886683747594591287e-02
7.062832172325210489e-02
2.693812376719385004e-01
9.288114777291030244e-03
1.639190833090739119e+01
1.029454665950599035e-01
2.205496094427256970e-01
1.571056738864820002e-01
6.801180180966026612e-01
5.245512907379729484e+01
8.245900971163798943e+00
3.562565289224299547e-02
6.681438485505533653e-02
5.548208149627088109e-02
1.788248437746195463e-01
1.637128072947909366e-02
1.447772900093206339e+01
8.015617411743239384e-02
1.969282413832742218e-01
1.524710573052223961e-01
1.049080362935335131e+00
4.853874703865098894e+01
9.163994056022479739e+00
4.629398126526903384e-02
1.077589819398409587e-01
4.123656603877640797e-02
1.529535993286310624e-01
1.270123069205183163e-02
1.542058172152170670e+01
7.579750937534242283e-02
1.627210682278215914e-01
1.553170128284442897e-01
1.029651805265065612e+00
5.463824553580847976e+01
9.253281460254006774e+00
4.604440060991723399e-02
9.421698268565403822e-02
4.507131712342660884e-02
2.184308473749383417e-01
1.123390420102796453e-02
1.624230597343029459e+01
8.910835157679028451e-02
2.082795535930272168e-01
1.809117157519209984e-01
7.904573350364907380e-01
5.258014910679607112e+01
9.018014678437996423e+00
4.328828078089493048e-02
1.274026567512057950e-01
5.139927204290678509e-02
1.391536455836659414e-01
7.573895811508954412e-03
1.806707065166477477e+01
6.511408910184356136e-02
2.342744033534159276e-01
1.226462912751730416e-01
6.058778607654289328e-01
6.407780835514472528e+01
9.751150376525274055e+00
3.762512937322121803e-02
1.319084046153451983e-01
5.427712936217691381e-02
2.219792900691548165e-01
1.310653642376246979e-02
1.140657591325035547e+01
7.402032255618513912e-02
1.854498357064858771e-01
1.452364344296835919e-01
7.674690352676316607e-01
6.123720331481307255e+01
9.152843252774122362e+00
5.543539073099466169e-02
1.110169687020282070e-01
3.386876845365720951e-02
1.944086109342611779e-01
1.638974550063258470e-02
1.359469760377672642e+01
1.207705135680038344e-01
2.270092047873885632e-01
1.607887638829280375e-01
5.924097503996744729e-01
6.342118253810591000e+01
1.102085527261320053e+01
3.143915739017012767e-02
1.258888647866888144e-01
4.986645425921440444e-02
1.742440828522986707e-01
1.369036211648852301e-02
1.747209139652333221e+01
1.017084523704275961e-01
2.250109390110980045e-01
1.678591438117278123e-01
5.876767147744175190e-01
5.299589232007707551e+01
1.036481434956100678e+01
5.181771279266212532e-02
6.370720733659136770e-02
4.737105244020411998e-02
1.686995344012530151e-01
1.360025425759568522e-02
1.981900465817805923e+01
1.014798710092696815e-01
1.668690233786689070e-01
1.448641659375541069e-01
9.392821655337842968e-01
6.084002530757714311e+01
9.270003912027849680e+00
3.796011402937897461e-02
1.715464385687453241e-01
6.327965386162917594e-02
7.753131593697792923e-02
1.592013279674203696e-02
1.999537143292546304e+01
9.132002090999473409e-02
2.769792203689468990e-01
1.651252013733618962e-01
7.576393197344253316e-01
5.637226748731109893e+01
1.013710978856771838e+01
5.002708785708247230e-02
1.196762361335150099e-01
3.768142894738990556e-02
1.401611286974260850e-01
1.267912722068640155e-02
1.802169765887678565e+01
1.479521323972142754e-01
1.818528000899452546e-01
1.549928744715333429e-01
7.149332508626549121e-01
5.476563351947699942e+01
1.135602409454368100e+01
4.067758585771674706e-02
1.141863289740386589e-01
4.103543304094272454e-02
1.912186612339911440e-01
1.652796887778299958e-02
1.834241897619991235e+01
1.081193376587274851e-01
2.438432178049623755e-01
1.917774841707231559e-01
1.141849746151616829e+00
6.516072452905572732e+01
9.833529257375291266e+00
5.017161916779937225e-02
1.089212750329866669e-01
5.533102574492457237e-02
1.440334357710165714e-01
1.707300425918177947e-02
1.855486019267655351e+01
1.036226196669892546e-01
2.310004560100884508e-01
1.816650660948413709e-01
9.618837352856037803e-01
6.545936444426266121e+01
9.141620247830847035e+00
5.517603200217927745e-02
1.363403673014679240e-01
4.992402821631668208e-02
1.893797916156074179e-01
1.588686712122200709e-02
1.749884673957775405e+01
1.114489620886403298e-01
2.417828968812864299e-01
1.752471369401461254e-01
9.696946756453410643e-01
7.819850550968055813e+01
8.825150524619049364e+00
6.009289634975863853e-02
1.039459580920300830e-01
8.067454242647169316e-02
2.059732898534808176e-01
2.218095756386965003e-02
2.257522079517506697e+01
1.157843308996586856e-01
2.694316693865968504e-01
1.309242094871216344e-01
2.265027247197092919e+00
7.522922611626634648e+01
1.223482411326183339e+01
4.797681089394255360e-02
1.399640540011076184e-01
7.955367886632330743e-02
2.058824719060554920e-01
1.749755510042430920e-02
1.330990148630748848e+01
1.082367372106489839e-01
2.788239635319262888e-01
1.372294177088707323e-01
1.358350943951119216e+00
7.327708883241017190e+01
1.241023807966950621e+01
5.806913736341971777e-02
1.273174906790781602e-01
8.688399612323581545e-02
2.411426202989744305e-01
2.548800837253470744e-02
1.608014258903354587e+01
1.224487955541959106e-01
2.595982663909143229e-01
1.438593198242567872e-01
1.168949782645266167e+00
8.275859141637702976e+01
1.314201921913796944e+01
6.019415363434605509e-02
1.239007328531007701e-01
6.460917578970881703e-02
2.230264371907343113e-01
3.304101641495867103e-02
2.326904246853885638e+01
1.306191692792010584e-01
2.560699890196380113e-01
2.336824151383576909e-01
1.492229945818016157e+00
6.608808841883256946e+01
8.158103556448843108e+00
5.236064452737813901e-02
1.517781310418699348e-01
7.286172851198921552e-02
2.272201046198252805e-01
2.696910519815740731e-02
2.008683085406298119e+01
1.267914250883334648e-01
2.432598037013171677e-01
1.591123853864255255e-01
1.098751725135384438e+00
6.502215147110787541e+01
1.277303856106527746e+01
5.344918295346728909e-02
1.635488455980135813e-01
5.738732153790894464e-02
2.247287336064704155e-01
2.099117309469467757e-02
2.887837439594968458e+01
1.299623005591977465e-01
2.830024456286373002e-01
1.683975333644339434e-01
1.056775698494333282e+00
8.356100165210588671e+01
1.124390503899508609e+01
7.891084051786054210e-02
1.176731871822170872e-01
5.665687070917335005e-02
2.093111325826741698e-01
2.476606728791006656e-02
2.840915029969455574e+01
2.177975616915680535e-01
2.669249142794410945e-01
2.326130063379091006e-01
1.632602612326713221e+00
8.709838893649870784e+01
1.387993731859494417e+01
6.013730376321476528e-02
2.251203896827428108e-01
6.056482755876080315e-02
1.848900657125717439e-01
1.903511304186856004e-02
3.489153504840825804e+01
1.077204783213910888e-01
2.606420144895120750e-01
1.685371651165722684e-01
1.264272528186645150e+00
8.622365562869538280e+01
1.291741982525040910e+01
4.659466505696387151e-02
5.537407855468332724e-02
5.584806272077602607e-02
2.780498171092989357e-01
2.781754172474006082e-02
2.727060530488617118e+01
2.095845683684138538e-01
3.775787883530998812e-01
1.944715968200716461e-01
1.586329829757854082e+00
8.738635425135882429e+01
1.263055661044329625e+01
3.228797338285888108e-02
1.917159034839511500e-01
8.143448867200397956e-02
3.639791780849598313e-01
2.602622797005242281e-02
3.295445640098314044e+01
1.743581430689798983e-01
2.555297459834175999e-01
1.870683431097406590e-01
2.842345520795103386e+00
9.190961623436150774e+01
1.081730392262853080e+01
6.398680790143887465e-02
1.864337778719393768e-01
1.079410186962666690e-01
1.424670744477735396e-01
3.293595330909440677e-02
2.046845374206492707e+01
1.450015596003270679e-01
2.508237796548125620e-01
1.210850636076406944e-01
1.521787107186164167e+00
7.547010521260631322e+01
1.069219645932339446e+01
6.566986186171196171e-02
1.643343396607942208e-01
7.848802654209348362e-02
1.333673942131278489e-01
2.218129702653341001e-02
4.398063483141003189e+02
2.773373436649114177e-01
2.271416515873113107e-01
1.438006184250163466e-01
2.243206792163634500e+00
7.455378331995225949e+01
1.192139101119988887e+01
4.186916249608271107e-02
1.129404164119673232e-01
5.775137778083432039e-02
1.887246067141210015e-01
1.514536213881393333e-02
4.099077084352491056e+02
3.684723236772513566e-01
2.186078006107642080e-01
1.358392768071897683e-01
1.657359594217214127e+00
6.650377414909755203e+01
1.005744441376993770e+01
4.053915850217806871e-02
1.531497944693120672e-01
7.223788549321184804e-02
1.978226778229889016e-01
2.373893365584266515e-02
3.962988436758845978e+02
3.220023552477367934e-01
2.735907996927688379e-01
1.451813451569859414e-01
1.542572451559262259e+00
6.631594885191111644e+01
9.709573129116487067e+00
7.381988541070123866e-02
6.054959644290161536e-02
8.496583626343506834e-02
1.918800534498211197e-01
2.772654408219075994e-02
3.941514855499072496e+02
2.347118616177583106e-01
2.316379693775938720e-01
1.054364357880430564e-01
2.674871890386099516e+00
7.161100499307657685e+01
1.201193951939379723e+01
6.178200900253799643e-02
1.364434082302355689e-01
7.824456714488708942e-02
1.857304766922081574e-01
2.827202968138260719e-02
4.213392171515179143e+02
3.385021985311724158e-01
2.837972128700749219e-01
1.322301768159442059e-01
2.196513252470262856e+00
7.043543897526647868e+01
9.659427018446956836e+00
5.319152586188859166e-02
1.151141054017621873e-01
6.699542462302926493e-02
2.484835066401885895e-01
2.450051216864681386e-02
3.585939431023619477e+02
3.071221079630969686e-01
2.826191987665411243e-01
1.466729851227790704e-01
1.775778694063787411e+00
7.152843586181634805e+01
8.379257470394623653e+00
4.887166641985003779e-02
9.374250376742269963e-02
7.331630095882639420e-02
2.088996090761582325e-01
2.289938570769880014e-02
4.645255987947907101e+02
2.484147461999534068e-01
2.116047695218235547e-01
1.797386096862128857e-01
2.019108900030987197e+00
6.961064330181396542e+01
8.679054999730986708e+00
4.645072695451697015e-02
1.912096746424134797e-01
7.160839140922545254e-02
1.399112688253986159e-01
8.806868279392201029e-03
3.977636480167241757e+02
2.702724861252034372e-01
2.690646926841474551e-01
1.258171445652008225e-01
2.484169626217515692e+00
6.899880776612096156e+01
8.537487267973398630e+00
4.212721149075821653e-02
9.804653943133492811e-02
8.301353762007140924e-02
2.220027227952848792e-01
2.097031637941002349e-02
4.294156771557792354e+02
3.277511593157244052e-01
1.826546529439149469e-01
1.135392750941442708e-01
2.346478046875378531e+00
7.210114651225629245e+01
9.830418645247709364e+00
5.223032389629321537e-02
1.513844274675100743e-01
7.843926487063353215e-02
1.767909521341453905e-01
1.928129702437586176e-02
3.847326007359602613e+02
3.256724631664680847e-01
2.751067744435776730e-01
1.349668851255920732e-01
2.588079447362755747e+00
7.076203854684966643e+01
8.369364211497664741e+00
5.261593796402777579e-02
1.126715229180765138e-01
7.754787729215804892e-02
2.817801458798043224e-01
2.554782275197648236e-02
3.846997177217068611e+02
3.401694644700224424e-01
2.255256697303590074e-01
1.547819483163364318e-01
1.803114588234032034e+00
6.790634476828455490e+01
1.042682589591042053e+01
5.081991157508355256e-02
1.493838372498576816e-01
5.573996932026355905e-02
2.345838555953881632e-01
2.763400721449381370e-02
4.245501981551710742e+02
4.303287240761587418e-01
2.002184605415325558e-01
1.361183950651314034e-01
2.511944304834400121e+00
8.490080471450657740e+01
1.013446233996263679e+01
5.625432547664248328e-02
1.356186711617838880e-01
7.504173466563603123e-02
1.724185557646675249e-01
2.299618437526186263e-02
4.481107450815209745e+02
3.557988239246260287e-01
2.996300548783725759e-01
1.437299833854167042e-01
2.164917869591929556e+00
7.357671325792729533e+01
1.262384362901108226e+01
5.624964304796398890e-02
9.202796591358078371e-02
7.176143864743035616e-02
1.458980320036922240e-01
2.157695167828835997e-02
3.562332021646742533e+02
4.162672733280997628e-01
2.141721701907452757e-01
1.458364833102001878e-01
1.657233143204371872e+00
7.928049059794696518e+01
8.382694903917426998e+00
5.338429974863145161e-02
1.774753155129618343e-01
7.960382956170540536e-02
1.432414486962703404e-01
2.621518442989595465e-02
3.444489119543538891e+02
3.284406960354293026e-01
2.631032832720039960e-01
1.197428958191015247e-01
2.087874859227612401e+00
7.745854067594950720e+01
1.039376547927822259e+01
6.723045951224723704e-02
1.425446283528341851e-01
1.088570531300834393e-01
2.286246803438417852e-01
3.156737968848860598e-02
3.240240623956166814e+02
4.194145674386780542e-01
2.264657291458573307e-01
1.428660398009140298e-01
3.217246439744545050e+00
7.830218828916272855e+01
8.476596281425633705e+00
7.067258946762423888e-02
1.158818439948280932e-01
6.824134575273615999e-02
2.625024188353109467e-01
2.322106898702687786e-02
4.286342309645609703e+02
2.882472766091349059e-01
2.958232648084103134e-01
8.814569518189184494e-02
3.548800694058611871e+00
1.140186567287522621e+02
1.053329766755661900e+01
4.815189141734763784e-02
2.016190986503541560e-01
7.336439539545133726e-02
1.694117893748478820e-01
3.265353386546118036e-02
3.875282904701417124e+02
3.366101487185566010e-01
2.311253233010042429e-01
1.200420295397778558e-01
2.502460765020443567e+00
6.453639400093686618e+01
1.020475166761297459e+01
8.673619785450431552e-02
2.075027403992964481e-01
8.947312541165391986e-02
2.210100190721977498e-01
2.558621207762752647e-02
3.457379030879843640e+02
4.871865096151024588e-01
2.740933609134703075e-01
1.036162480740794728e-01
2.564061438767834655e+00
7.080732502904535863e+01
1.427692807021885635e+01
6.300267706558691783e-02
1.780107272570934096e-01
8.907227468620396160e-02
1.794353079886567559e-01
2.429157686648821673e-02
4.378518202840778031e+02
4.260823936121619360e-01
2.893380396695299783e-01
1.020084756131264814e-01
1.822130769418702334e+00
8.053325417266994179e+01
1.129387623732788803e+01
6.124022481812080310e-02
1.135780907846462573e-01
8.252451521982663574e-02
6.083322014153677570e-02
3.419151711683267314e-02
3.916493960246763208e+02
3.477250988054815251e-01
3.341581496723636246e-01
1.847207722966068277e-01
2.119396746490564087e+00
9.622285420473401985e+01
6.541466459039682491e+00
6.120369455359276484e-02
1.354872264768371415e-01
1.209720047868342724e-01
2.088292318601234487e-01
2.711582887887459617e-02
4.111954715852212985e+02
4.936100544916751653e-01
2.436063391214311480e-01
2.251359858599157604e-01
2.850373698440937797e+00
7.517348565730058851e+01
1.290350653765738720e+01
6.005288185003744561e-02
1.662489551241714270e-01
8.850411069009134213e-02
2.299714110641420395e-01
2.557270216937093665e-02
3.829286250566133845e+02
4.152468536368141838e-01
3.347722646250733125e-01
1.656598720733958030e-01
3.275921190176438458e+00
1.009194393967621295e+02
1.073232238227677371e+01
1.019587038620286268e-01
1.193981442420796318e-01
8.080439198992667160e-02
1.343720724487643681e-01
2.880995132511968843e-02
4.134697370606293134e+02
4.913742713265460416e-01
2.913010363167458650e-01
1.230157047490690186e-01
7.096409312405836944e-01
9.154613873500072430e+01
1.277130271374287140e+01
6.194980467010401115e-02
1.800822921836851553e-01
1.009242696326709682e-01
2.272549527553056892e-01
2.925589005550799024e-02
3.251420255433626494e+02
4.387680338022063586e-01
3.123554467829942061e-01
1.345024914873410860e-01
2.285368523278472175e+00
9.713873221607850894e+01
1.182627725951417830e+01
4.606583419195062201e-02
1.324342558297071093e-01
7.804145493559724867e-02
2.197447107097960373e-01
4.405558797829237788e-02
3.615618902042007790e+02
5.473955044359914979e-01
2.395408565135968004e-01
1.053355974501579556e-01
3.806179385221599709e+00
7.734129963572941335e+01
1.347235378374726267e+01
7.537815224825118732e-02
1.650759909411733950e-01
1.015329509098040622e-01
3.222026293331953783e-01
3.506808382611866642e-02
3.132223540104803874e+02
4.163205810632867876e-01
2.837814810976129754e-01
1.406637716233166968e-01
1.521341857139351106e+00
8.775627063779532477e+01
9.850161477995902359e+00
6.074036632475534464e-02
1.530290278175882313e-01
1.063752069094783814e-01
2.000843065490416905e-01
3.793016381716599744e-02
3.435373087579178559e+02
4.954736125486094989e-01
3.685403673054197804e-01
1.438503678771853589e-01
3.572197171629942325e+00
9.100986133127474886e+01
1.111913404021381702e+01
1.016196645145877181e-01
1.503392971705708459e-01
9.791131681486671401e-02
2.438368895852366935e-01
4.853696337103396291e-02
4.294837820288058197e+02
5.415166868844064618e-01
3.775012440271882652e-01
1.438211745277546139e-01
3.538835758862374892e+00
8.962444729881099192e+01
1.224862077513544278e+01
1.043802325955858618e-01
2.207643745561237436e-01
1.019147916444149704e-01
2.931194300768594219e-01
3.940856792163525274e-02
3.716467797244365556e+02
6.907908143222607489e-01
3.122175791322375771e-01
1.188474869319211119e-01
2.041191992456713233e+00
5.250703810075948041e+01
1.071635640034387649e+01
7.048705805438218452e-02
1.031475315377701901e-01
1.180393420558234069e-01
3.138584895314296408e-01
3.526930947344185385e-02
6.661338147750939243e-16
1.549781484999220416e+00
3.459444088151822361e-01
2.456583429003877384e-01
2.228215472785436191e+00
7.054650132149762953e+01
9.773906921820710636e+00
1.274815846296966371e-01
1.450796180896493093e-01
1.323864632080222759e-01
2.638818208755419059e-01
4.418501613087821162e-02
6.661338147750939243e-16
1.988612043452737232e+00
3.109575358496765585e-01
1.488672608507474460e-01
2.742786561623908881e+00
7.650495671974985612e+01
1.430635768877905001e+01
9.860563648983089458e-02
6.850620669225922221e-02
1.080515613812050579e-01
1.546428388834633350e-01
4.014134239424606287e-02
6.661338147750939243e-16
1.855743334716464021e+00
3.907510936598648787e-01
1.623665592739013952e-01
3.937283683630814934e+00
8.922607415526518082e+01
1.477334037644255638e+01
8.933446460601041084e-02
1.098479632815832219e-01
1.093994899583669578e-01
2.861582501683837543e-01
3.227818831089707824e-02
6.661338147750939243e-16
2.231198169347044402e+00
4.211148224094100612e-01
1.222434865938331200e-01
3.678476647013913858e+00
1.100083377452398707e+02
1.090947701341669074e+01
6.810395308863989583e-02
1.610278860995905670e-01
9.317580149867657480e-02
2.406784097406673151e-01
3.367945988993497480e-02
6.661338147750939243e-16
2.440968950034512641e+00
3.803687370224975717e-01
1.819677960584241971e-01
3.791274329137773069e+00
6.947054220256192991e+01
1.162061000497755359e+01
7.261254596778875248e-02
1.103977361204257629e-01
9.067048356311825652e-02
1.797396561097850398e-01
3.249215355246960063e-02
6.661338147750939243e-16
2.471715083329963480e+00
3.583277963853535031e-01
2.162499350778663287e-01
4.182027185500406752e+00
7.694322164375584805e+01
1.176762234451767952e+01
5.404647314217574106e-02
1.590439976998694049e-01
9.898263803122510363e-02
1.748168522083951293e-01
2.972594996724186797e-02
6.661338147750939243e-16
1.522481930904639791e+00
3.229778753376562617e-01
1.815345131156643477e-01
1.150894996002613579e+00
1.113363351180690444e+02
1.048545962615636640e+01
8.064271600742797808e-02
1.092734245475167204e-01
7.180174046198251059e-02
1.051155684834899490e-01
2.800682835764639264e-02
6.661338147750939243e-16
2.487149564177984828e+00
4.109554672982702050e-01
1.659780296940731870e-01
3.597863251464113787e+00
7.329506104142367917e+01
8.466238387930147269e+00
4.578331159398078137e-02
3.867424406097628997e-02
9.743627634759390033e-02
2.395680611995937848e-01
5.345425229495961994e-02
6.661338147750939243e-16
2.072167028144352052e+00
4.562777295030119862e-01
7.951558368219735495e-02
3.849153956920135400e+00
9.322852405002264220e+01
1.113302471928051318e+01
8.779309625062516054e-02
1.425581176919286652e-01
1.143848971178235557e-01
3.395615963158323813e-01
3.473725991309154632e-02
6.661338147750939243e-16
2.382595375787625702e+00
3.932784303795712755e-01
1.710589677292224664e-01
4.105608705836886863e+00
1.033681640938573167e+02
9.159979533273185481e+00
1.016806145396660366e-01
1.490114316738145317e-01
8.505952527558618970e-02
8.854491628553540217e-02
3.270792796961314447e-02
6.661338147750939243e-16
2.037680129020942310e+00
3.414331991342069439e-01
1.334092620649219019e-01
2.453626633104462940e+00
8.140357288580889872e+01
1.091885077719784114e+01
1.039047002481105347e-01
1.377572625840375875e-01
1.096421222196286571e-01
1.921033846644554233e-01
3.800406110129730258e-02
6.661338147750939243e-16
1.856902886873641467e+00
3.273193298896565628e-01
7.852211875567617627e-02
1.220651978099769108e+00
1.092824241793982338e+02
1.413511189306849580e+01
1.292823985023147659e-01
1.519962897992470918e-01
7.893838721456669649e-02
2.243191576365127504e-01
3.083062344735700705e-02
6.661338147750939243e-16
1.729077765181162407e+00
3.543111629710711252e-01
1.031615600127570309e-01
3.232149311981205919e+00
9.188534767517865021e+01
9.759930064037929398e+00
8.526432961894539475e-02
1.763924394568731624e-01
1.122588202822128872e-01
2.108672360138209023e-01
3.619054615318909041e-02
6.661338147750939243e-16
2.774931093516162850e+00
3.801565966752143977e-01
1.542929312020662747e-01
2.705655039153448183e+00
1.012011244993024661e+02
5.891605425451097666e+00
1.184917007370847042e-01
2.911537043355923449e-01
1.304414924430925826e-01
1.457073752245394149e-01
2.966484764534549345e-02
6.661338147750939243e-16
2.615962593718606843e+00
4.515779726844824649e-01
2.469463924183500914e-01
2.563667167153389492e+00
1.116693043850858231e+02
1.362446704933831043e+01
5.964197995385458334e-02
2.050584267439127251e-01
7.671739746722194830e-02
1.610043361386138683e-01
3.718106444916136760e-02
6.661338147750939243e-16
3.168160328965948125e+00
4.360868383878904186e-01
2.173727222597101327e-01
4.775420464362061246e+00
1.037084390209318627e+02
1.102082941590093590e+01
1.189487021313767601e-01
1.940212650547484541e-01
8.285280543312638357e-02
2.137903312026462888e-01
4.014871717500335946e-02
6.661338147750939243e-16
1.835785337875131429e+00
4.332404289867617941e-01
1.984201614423383719e-01
4.107871571740028926e+00
9.340740659648307087e+01
7.155559509624874970e+00
6.777413622200699483e-02
2.037123309575562258e-01
1.179597117058044375e-01
4.623892687226348608e-01
3.248086656291994390e-02
6.661338147750939243e-16
2.973590494730948830e+00
4.618541758684425735e-01
9.638246171388076267e-02
3.732841544663720867e+00
1.293350331628370782e+02
1.428600214372724508e+01
4.516002135766028491e-02
1.220795281144976263e-01
1.127111622921844053e-01
2.958098033795401038e-01
4.662367355063275903e-02
6.661338147750939243e-16
2.578756081510740650e+00
4.520422536229500299e-01
1.200072722433691563e-01
3.374620328713207940e+00
1.275800156311184850e+02
1.148553683099554767e+01
7.461704193798963936e-02
8.799685892455239022e-02
1.015686351352783623e-01
2.924862283243825911e-01
3.610430766694165683e-02
6.661338147750939243e-16
2.352435891445089133e+00
4.842185603129148252e-01
1.904820707579246986e-01
2.834339412094902588e+00
1.106975125540423193e+02
1.539121690444578761e+01
6.920754270496481952e-02
1.481237766757433072e-01
9.652755887597928852e-02
3.835348440938232684e-01
3.444005262252676502e-02
6.661338147750939243e-16
2.339579917071900272e+00
4.107549675121373589e-01
1.200592033859273350e-01
2.742742084019541338e+00
9.744692207922665261e+01
1.005879944537303672e+01
7.911960167407160183e-02
1.328334885552066025e-01
1.303101091824345470e-01
2.989331529407165955e-01
4.245608899917087398e-02
6.661338147750939243e-16
3.543486672048614228e+00
3.886124805618357270e-01
2.109602045916460500e-01
2.775794037738910092e+00
1.098562563789106576e+02
1.201954863795608652e+01
7.965224872517394361e-02
1.959394571600376056e-01
9.767856848315943641e-02
3.235419318999892546e-01
4.297344786977506242e-02
6.661338147750939243e-16
3.425456401092945136e+00
3.835122325213358718e-01
1.168160504920684878e-01
2.765390414007036224e+00
8.200433163129278569e+01
9.106558171154960135e+00
3.404209869687910284e-02
1.170514174796955242e-01
1.436673083675067131e-01
2.266341097702773422e-01
3.876609505256307930e-02
6.661338147750939243e-16
2.374287864187735853e+00
4.929784345007131030e-01
3.209729683306420528e-02
3.212457137019048670e+00
9.954853024466041234e+01
1.073919825636966330e+01
9.568030159215644426e-02
2.194859174554913694e-01
1.027863749613948524e-01
1.750327088981492030e-01
4.041618292743610896e-02
6.661338147750939243e-16
4.196330517530702409e+00
4.283494467649404669e-01
2.150952464012899912e-01
4.482574156675645405e+00
8.286138628254430216e+01
9.027362185524811622e+00
5.581972888297590668e-02
2.004637928381202139e-01
1.460887290863623067e-01
9.219771554413086490e-02
2.961720119371994558e-02
6.661338147750939243e-16
3.923479804047580455e+00
4.705553924732523430e-01
1.801374586739647732e-01
3.420135361210749902e+00
1.147546944754112843e+02
1.283342863598088179e+01
1.288237057642825645e-01
1.102805387243704222e-01
1.316668906033146569e-01
2.495734137743789716e-01
4.894814532553713737e-02
6.661338147750939243e-16
4.121456471056652582e+00
4.808465350676671690e-01
9.811797465667404516e-02
4.193595231554339442e+00
1.094481358072396517e+02
6.125209537655738501e+00
1.053330738297944824e-01
2.483142396475030156e-01
1.162490914641804429e-01
1.762173726444653254e-01
4.683574227827234926e-02
6.661338147750939243e-16
4.362317836893085499e+00
5.275800980792179073e-01
1.840988419048235625e-01
4.155025669478421335e+00
1.110123116017596345e+02
8.289691957919389509e+00
9.574207223345625184e-02
1.686707912552630750e-01
1.320023037202883442e-01
4.797443145240271600e-01
3.354640022503166397e-02
6.661338147750939243e-16
4.410741520151025163e+00
3.627803707107288278e-01
1.091975163391983583e-01
3.394889090119184161e+00
1.126257085662110029e+02
9.757603015020096748e+00
7.677525995130626835e-02
1.807284819691813149e-01
1.042639955376338246e-01
3.432305645948846018e-01
5.318848595610139313e-02
6.661338147750939243e-16
3.862397428577216463e+00
4.162351522858002140e-01
2.854783991011020650e-01
3.279132110289900037e+00
5.221022287084973357e+01
1.083530353487425124e+01
2.001399700916724755e-01
1.709405770446898454e-01
1.760590499396363917e-01
2.059270321966270578e-01
6.893511303743019014e-02
6.661338147750939243e-16
6.182272470934780273e+01
4.963799324432049409e-01
2.334611466958472215e-01
3.361654462282993361e+00
5.088579526553242971e+01
1.448709563304624837e+01
1.012087851303133390e-01
3.748509006003198918e-01
1.620714808820816755e-01
2.814603360408362565e-01
4.259157951136920139e-02
6.661338147750939243e-16
5.977498602036752118e+01
5.030295652265299733e-01
2.423205703324330107e-01
3.349251256809786970e+00
5.319011272394629231e+01
7.796245945344874251e+00
2.121235372558291088e-01
2.433629504401060850e-01
1.496535523424929459e-01
3.299023993250066455e-01
6.690885068096333321e-02
6.661338147750939243e-16
8.057113003641168802e+01
4.492348510258372118e-01
8.984439110182235178e-02
4.212286411382908824e+00
8.288884723182246717e+01
5.060510597646016073e+00
1.470575599655374599e-01
1.457429485369826361e-01
1.584673071426949686e-01
4.479402552908362534e-02
4.388638404967894202e-02
6.661338147750939243e-16
9.088443043967045298e+01
4.678877759106555567e-01
2.288077538870914585e-01
3.627518534623491941e+00
5.694697731604146185e+01
1.504174571738554889e+01
1.601492633400694310e-01
8.593755652982414117e-02
1.177130508192481967e-01
3.022129790874920063e-01
6.778244649044841419e-02
6.661338147750939243e-16
6.453548984041377423e+01
4.745689275546428054e-01
1.247358383988315805e-01
3.425769431687827105e+00
9.585517541403618225e+01
2.315377404024498986e+00
1.099620425281496172e-01
2.117137271361767270e-01
1.709218718262561776e-01
2.008510895251110484e-01
7.751781704683941010e-02
6.661338147750939243e-16
5.946555532405925959e+01
3.985841431706603211e-01
1.528941975128048081e-01
3.523315734828392998e+00
3.747575163864851078e+01
6.235507682337909863e+00
1.249943767864658967e-01
1.957526116433306873e-01
2.033592531959228789e-01
3.034940379875359362e-01
2.833964965591510843e-02
6.661338147750939243e-16
6.388726323729524381e+01
4.245982513023662253e-01
1.929482579663485409e-01
3.825292335904535879e+00
7.070752804564028793e+01
5.051267236617977829e+00
1.044276755268030155e-01
2.732834739360833765e-01
1.057963305214753430e-01
2.230649077445517880e-01
5.659715872423627669e-02
6.661338147750939243e-16
6.626739989738776160e+01
4.598585500686314664e-01
9.174846713727172198e-02
4.226812745232998658e+00
4.455688885093017859e+01
1.448991017085613819e+01
7.715915074952856001e-02
3.728081154538790548e-02
1.891684364702474475e-01
1.337572092748324226e-01
7.942317236261531299e-02
6.661338147750939243e-16
8.748141748303457632e+01
4.184400207072387912e-01
2.247339248361842901e-01
2.507066144005412500e+00
5.130767744786628271e+01
1.166783927784316255e+01
1.610735283849132893e-01
2.612512957217763554e-01
1.791600282524654364e-01
2.028528544949936563e-01
6.397884295301510538e-02
6.661338147750939243e-16
8.860095157223308604e+01
4.440013857682234555e-01
2.872896713708234517e-01
3.615797071467175439e+00
6.116604282703026740e+01
3.669083772863330761e+00
1.217952971277666691e-01
2.343013436857991627e-01
1.666481599498259303e-01
1.609804815096909925e-01
3.732696612387052110e-02
6.661338147750939243e-16
7.722572569145576438e+01
4.790596210730299065e-01
2.116383794946651853e-01
3.142617307282788097e+00
6.650714342072863872e+01
8.823225304674676625e-03
9.149647922254275367e-02
2.010488136139338966e-01
2.154015946311852725e-01
2.501781589964609531e-01
5.322357110818049658e-02
6.661338147750939243e-16
7.843841115112263651e+01
4.201407877867115448e-01
2.138657796391426891e-01
3.880038687145446197e+00
6.357216330679971605e+01
4.036140099132402348e+00
1.337756840026209926e-01
2.793399752888590659e-01
1.874549465566680839e-01
2.560837340174267895e-01
6.624721027683780350e-02
6.661338147750939243e-16
1.095221226988663972e+02
4.088506385061891901e-01
1.032121866679782812e-01
3.471572777397419873e+00
7.892957705682712799e+01
1.618725776279955753e+01
1.646867613405635644e-01
2.769431374734018791e-01
1.468452218791948538e-01
1.374079070462214669e-01
7.481659189485391492e-02
6.661338147750939243e-16
4.177295837723463734e+01
4.471011897069171459e-01
1.162622583623915268e-01
2.595333584087190726e+00
7.492679959952405966e+01
6.595865424520449771e+00
1.560573128725171455e-01
2.057879757445016666e-01
1.472242160729368143e-01
3.595120623146039196e-01
2.930280320760335344e-02
6.661338147750939243e-16
8.899220918770691924e+01
5.253413868773626483e-01
1.900070208058171617e-01
2.805247934905950036e+00
8.439769534585630595e+01
4.078263027246631367e+00
1.412646857402162504e-01
1.429212814825574773e-01
1.009323623041379209e-01
2.904032110342134598e-01
6.491462466166288137e-02
6.661338147750939243e-16
6.844343920057359298e+01
4.107231861785201055e-01
1.313049583781176477e-01
3.841054027636992441e+00
5.835877791423473582e+01
3.536588334174027626e+00
1.228220561485502127e-01
1.267936998510247604e-01
1.217749127984142782e-01
3.235423612683652195e-01
4.439737320347784261e-02
6.661338147750939243e-16
8.478932512334345972e+01
4.091436040684812148e-01
2.201771879399759546e-01
4.564634752205760648e+00
7.432284549922397332e+01
5.092584646942426296e+00
9.651671319148967532e-02
1.473229116866052457e-01
2.004283331626365849e-01
3.896936658085435323e-01
6.940414775760572752e-02
6.661338147750939243e-16
7.713247112426456908e+01
4.266093542023792207e-01
1.972576050775098899e-01
3.462511871552876652e+00
6.244096082749942411e+01
9.496810578249178292e+00
1.712287266110349981e-01
5.150793787950204428e-02
1.748482560807007591e-01
2.929477136852997043e-01
5.200101443244756899e-02
6.661338147750939243e-16
8.191458449047378565e+01
5.029353699706825553e-01
2.021746291859875810e-01
2.346425033904639967e+00
8.432753368143661987e+01
5.539736069529503482e+00
1.125535115106223588e-01
3.381609920487170240e-01
2.000913312102612640e-01
3.791363656002215143e-01
6.232333365591849472e-02
6.661338147750939243e-16
1.123375784313157766e+02
3.764232140428479534e-01
1.448506668189261382e-01
4.643304623057288971e+00
6.320427149210243556e+01
4.512054324135800876e+00
1.033016315795739631e-01
2.369159594751602538e-01
1.801638462845655819e-01
3.072699392675856123e-01
4.790992114108238303e-02
6.661338147750939243e-16
8.177749141793314891e+01
5.020322079472688825e-01
1.375505004668554354e-01
3.212197458711441467e+00
4.901159274748854244e+01
7.838723744202886756e+00
1.215089665849141548e-01
3.639478291386903930e-01
1.451460673467575568e-01
1.873536784273615863e-01
6.016555999195817572e-02
6.661338147750939243e-16
8.952098834138982397e+01
4.769273869294887724e-01
9.555587475425673938e-02
2.700400051648615296e+00
6.232355233397026240e+01
3.759192171519788045e-02
1.206156260509839290e-01
3.057061536527903023e-01
1.824570937365574685e-01
2.636860270083102864e-01
6.532864373875003905e-02
6.661338147750939243e-16
1.028407687010723066e+02
4.903961349118088897e-01
1.284109493675969771e-01
3.633131764884466097e+00
3.482102235906609877e+01
1.061568055513593656e+01
1.443059537672418680e-01
1.738925585994559875e-01
1.635107176767522652e-01
1.246980393810791510e-01
5.538221427682601949e-02
6.661338147750939243e-16
8.428202657564708034e+01
5.143864442008353466e-01
2.181045414898257762e-01
2.595047823862522307e+00
4.399100268259349633e+01
1.652304955803551323e+01
1.752919526848319420e-01
2.758939773114943428e-01
2.226136526462002552e-01
2.751718952360455162e-01
5.840957986413327502e-02
6.661338147750939243e-16
9.151257203472384560e+01
4.066050398991326031e-01
2.197325937690781938e-01
1.080975775976934061e+00
8.396390118643866174e+01
5.513876522919407108e+00
1.083585704905452585e-01
3.359774416710598621e-01
2.385910823793178370e-01
2.685553320138854838e-01
3.968154238092380659e-02
6.661338147750939243e-16
8.771030281912230464e+01
4.960534874452262599e-01
1.302829758871156818e-01
1.706727911281202603e+00
6.625001802233784076e+01
1.446541943395455131e-02
1.905296431524434453e-01
3.005091629221804950e-01
1.221340011055536412e-01
4.123099677107994188e-01
3.104610613973805833e-02
6.661338147750939243e-16
8.465298207414569731e+01
3.695572141415053857e-01
1.556561357046486738e-01
4.249368528440051307e+00
6.236738315853849457e+01
1.712754114761942503e+01
9.075538771993288401e-02
2.130099527686713512e-01
1.654028400332389903e-01
2.486823114005328461e-01
5.895992626821394689e-02
6.661338147750939243e-16
1.090029567946795197e+02
4.852177571028181147e-01
3.504171998257584741e-01
2.907833815939991240e+00
7.052349921343272854e+01
1.877182894815402037e+01
1.032258475212623899e-01
4.437076670634406694e-01
1.563042076015405402e-01
2.689270511258349261e-01
4.924301075329329258e-02
6.661338147750939243e-16
8.424767072709489923e+01
4.758320750556066514e-01
1.254287383728772964e-01
4.435085140945442816e+00
8.223952250572114053e+01
1.040889158736923292e+01
1.160606246912675860e-01
4.735040041196522664e-01
1.883932294218984282e-01
8.057497439125027583e-02
6.106222586346298636e-02
6.661338147750939243e-16
9.822867131649400108e+01
