2.225656821649947895e-02
4.516846237131402764e-02
4.848234426519502926e-02
8.333499439515053286e-02
1.843765254156266298e-01
3.301190902107236091e-01
5.984115618398927472e-01
1.083132505321943162e+00
1.850123809006443354e+00
3.667309396741174954e+00
6.679891387191581487e+00
1.019170625625335980e+01
1.782154463516165421e+01
2.818209892407716310e+01
3.961137755863145316e+01
5.330547856792662031e+01
7.050782841686550739e+01
8.110721924731409160e+01
9.239973404435897919e+01
1.000236351123433565e+02
1.297332460135616587e-02
2.397961756308441064e-02
3.192916478876896280e-02
5.644920138955313721e-02
1.155087753451918553e-01
1.956082990662834920e-01
3.805917488369129353e-01
6.114844384140079026e-01
1.138176107621052147e+00
2.400212921528269483e+00
4.380630834959378994e+00
6.774789340122656434e+00
1.267843813505333372e+01
2.193682491239944810e+01
3.174400843189012278e+01
4.468682122161659009e+01
6.371660022818742419e+01
7.463840462919105789e+01
8.762674107495446663e+01
9.631830833707881823e+01
6.554851094954473531e-03
1.370149337395524039e-02
9.228102285046344347e-03
-3.539823562514024177e-03
1.005571514722054111e-02
6.647157438835281373e-02
1.626480579228597734e-01
2.456800640612906150e-01
4.838723859889138001e-01
1.254598249560002099e+00
2.036072208735724143e+00
3.208910131520582354e+00
6.345848189050554922e+00
1.259188983177405063e+01
1.904661086360203726e+01
2.937472805750784133e+01
4.792077754268689915e+01
5.888905300364185535e+01
7.426795603855883598e+01
8.511484720397949388e+01
2.228516674377027575e-03
-4.108251311602179219e-03
4.330582709790379604e-03
8.677937553004054158e-03
7.875587012267554893e-03
3.941535837214383414e-02
6.052636584110569068e-02
9.380602239573451739e-02
1.671620747597678536e-01
5.755323229952962194e-01
8.727909843067557238e-01
1.342168255000529387e+00
2.697666315599911435e+00
6.140287010916676280e+00
9.484155196804609389e+00
1.605146395455369657e+01
3.014155461312714479e+01
3.950796589783007562e+01
5.489452673208329259e+01
6.708426588243506217e+01
1.917846442126806047e-03
1.813492574321444667e-03
4.741730345956172120e-03
-3.396322684080989134e-03
-4.739471757179203326e-03
3.242417497163629231e-02
2.374717991188067187e-02
4.764480724134113193e-02
9.000866597424360405e-02
3.389181502456874440e-01
4.796068533128934885e-01
6.919540322753024997e-01
1.449779850859038488e+00
3.544481360216384047e+00
5.487499553693655940e+00
9.727189854406519842e+00
1.992945717678118811e+01
2.735567876273013965e+01
4.061383152835720267e+01
5.208911244511455152e+01
7.282671199015204599e-03
2.668756029034087193e-03
9.755975636552761954e-03
1.607770461635695328e-02
8.901404487863450940e-03
1.016967732085699398e-02
4.941078696409088866e-02
8.363168065789279570e-02
1.306125781653776630e-01
3.303937626498313351e-01
6.528905773596701545e-01
1.069399720831604617e+00
2.217192218134703463e+00
4.707729771248096107e+00
7.708709357639295767e+00
1.297268312904471443e+01
2.439127893141340664e+01
3.299267343464512692e+01
4.727811889005754153e+01
5.943107070827239369e+01
4.740384586134357980e-02
4.594066172494734590e-02
5.622477630939456961e-02
7.754524469570647782e-02
8.279986986045251296e-02
1.441755562262040102e-01
2.127452254282930222e-01
2.697655633347088577e-01
4.516245196375971993e-01
8.819122574158323458e-01
1.686381355463000498e+00
2.921913522995838175e+00
5.346538180053308054e+00
9.381813324128012610e+00
1.511047795444719277e+01
2.350621317535808785e+01
3.597263728070567623e+01
4.766616962529415957e+01
6.270895054946493730e+01
7.469209916923037440e+01
8.510236204530841064e-02
6.990068062572887819e-02
1.447219904169253502e-01
1.219740574076443873e-01
1.567493986803705774e-01
1.880424337901499265e-01
2.026178828493677142e-01
7.027492930032536167e-02
2.308146507787515178e-01
4.920245009239023748e-01
6.719131131166105053e-01
1.149136126210860809e+00
2.042328786666673057e+00
4.119509555133289425e+00
6.102261984953067930e+00
1.190682819065242271e+01
1.937907790659378549e+01
2.887515895592025572e+01
4.325374724617995525e+01
5.676104161567813833e+01
2.077183643413943182e-01
3.623197119205965877e-01
5.389181003484253552e-01
1.811748398567880336e-01
3.260411776254031335e-01
3.289426239835597787e-01
1.145762190558991672e-01
4.588279642886905485e-01
4.216724590980558407e-01
2.642561373697154270e-01
5.041459062636380883e-01
4.880617040836378595e-01
8.334906152113288336e-01
7.804292300286664874e-01
1.587787933863714640e+00
1.578387995902291951e+00
4.373932246165652238e+00
5.922695139565989919e+00
1.169032376336673273e+01
1.729632052067809411e+01
4.045032230388926342e-01
3.348998756471888716e-01
5.481553463121349168e-01
7.848298022544333286e-01
5.337216488391891556e-01
3.632555024196238991e-01
3.783817700867052602e-01
3.614523950139835184e-01
6.033117000694671050e-01
4.932025487186484924e-01
2.329337021068874913e-01
5.187592997632060055e-01
4.578222094215720905e-01
7.133645988855761289e-01
6.663158138576483758e-01
9.263504200484942164e-01
7.435668125604957268e-01
8.437686764966463304e-01
1.014702900813108544e+00
9.905412643460845823e-01
-2.404513644137296069e-03
2.790312996839475201e-02
-2.245397106574159932e-02
1.751184451680000975e-01
1.703808325856380201e-01
6.902016281101179818e-01
2.806176004170754523e-01
7.727847301041015360e-01
9.615120781328392319e-01
5.859509339779458426e-01
1.178851123373217513e+00
8.074205902637413557e-01
5.430714064080711667e-01
6.037892775474040796e-01
4.015916031817732823e-01
3.377292006186076168e-01
1.067126324824243938e-01
5.797265063977647542e-02
3.007268071532860354e-01
2.221716708777705662e-01
