6.159227690769883759e-03
6.459486420422284186e-03
7.550379103930791348e-03
9.520511032399054524e-03
1.712003593505541377e-02
2.416210985864415683e-02
5.397292877285133489e-02
9.344818088594934735e-02
2.098416846686785298e-01
3.955379003447984099e-01
9.597635960371947439e-01
1.934392000329418160e+00
3.893995696414457974e+00
6.536093968218523287e+00
1.311649255878973008e+01
2.272629756698852432e+01
3.540995946087791424e+01
5.065409154366946609e+01
7.150959087944195858e+01
8.818763457431631991e+01
2.691832800489965885e-03
2.032186511982283453e-03
7.561049610110903013e-03
6.426071214196913024e-03
9.918545061559017398e-03
2.182446799839681331e-02
4.932547427575546123e-02
8.997873966258614076e-02
2.250152910196554223e-01
4.436436118422426023e-01
1.047995424509522211e+00
2.111152048272398218e+00
4.306496364988415593e+00
7.014846962227198723e+00
1.435411093314117537e+01
2.434386800594225519e+01
3.843116326427190188e+01
5.365997044842186625e+01
7.604484192149280375e+01
9.311132837190609735e+01
1.397495592600646623e-03
3.531821584962576300e-03
4.310428646236033265e-03
7.962635329633146325e-03
9.529756099933152369e-03
1.890767639132631683e-02
3.990480555140368119e-02
7.794756517819209640e-02
1.790479606093062503e-01
3.597475494614619795e-01
8.994199738142271139e-01
1.786114751661679323e+00
3.841454997605861177e+00
5.939692673345043694e+00
1.281614636248476202e+01
2.184474769206666522e+01
3.583539784569678943e+01
5.024319710984381260e+01
7.386090252681523793e+01
9.203575474947906798e+01
2.110063129593600303e-03
2.839123012210934341e-03
3.168850447251361779e-03
4.833486346584256639e-03
8.654851012965087201e-03
1.605625082269222792e-02
3.009538609677341395e-02
5.631794107521630177e-02
1.266092789417489206e-01
2.427047223287867039e-01
6.229600277044190504e-01
1.290675359573109526e+00
2.891193858058439758e+00
4.209844946110965935e+00
9.893242687081677644e+00
1.720396927123274367e+01
2.927523386650512904e+01
4.208551147470093667e+01
6.600654865493206103e+01
8.552542284659720906e+01
8.358767429142144583e-04
2.867782237978233617e-03
5.753645898302480952e-03
5.059737840744773195e-03
1.183561418522437701e-02
1.262699283660457736e-02
2.152814672984121672e-02
4.292970950333027669e-02
1.068806228380805440e-01
2.102336221761001156e-01
4.978577492181389674e-01
1.052068569844919033e+00
2.415231917133232376e+00
3.433205220827495019e+00
8.281274315892519056e+00
1.461081680399226279e+01
2.550624789720914976e+01
3.725242266470519326e+01
6.079455275797945291e+01
8.090109543180965090e+01
5.168646457416219316e-03
5.705994246969416962e-03
1.327229761389888546e-02
1.586448681037171474e-02
1.407495251275582039e-02
2.100111576139842076e-02
3.801890476072007641e-02
7.447361468539299978e-02
1.842285396379443885e-01
3.241010928812271819e-01
7.824290712999251163e-01
1.494950067073712141e+00
3.281141938891626086e+00
5.200962100338781369e+00
1.149310386251347538e+01
2.000411960987871751e+01
3.365930431471636552e+01
4.796289252153949434e+01
7.264052364752009794e+01
9.209146539432995837e+01
6.040269641639838677e-02
3.203380080249715323e-02
5.799844069765285048e-02
4.467156318082949468e-02
7.485838162982880184e-02
1.062354425514395184e-01
8.923255887977607492e-02
1.835572649135685519e-01
2.959383711335739631e-01
5.396882950370707199e-01
9.539964512834379073e-01
2.354534026633207322e+00
4.258778047604986128e+00
7.633878135880938665e+00
1.402117632844014672e+01
2.575822687486928331e+01
3.920704608055380191e+01
5.640671453775296840e+01
7.844827295024401792e+01
9.533115055025820084e+01
7.195266343058449865e-02
9.752194143645426250e-02
1.013707976514557213e-01
9.468845573678848215e-02
1.602744136667736408e-01
1.138510711962808786e-01
2.145962118182559719e-01
1.791136079139626358e-01
1.935035599158896891e-01
2.432125889012364539e-01
2.401337883562334186e-01
4.047165820038348683e-01
6.729217521452786066e-01
1.260731738256297030e+00
1.999679546879659986e+00
4.260193195094400309e+00
7.548105421625796119e+00
1.368980902575914271e+01
2.589910187689586252e+01
3.990015249264315855e+01
2.679565657233425324e-01
4.079948694535605047e-01
2.248525172813759798e-01
4.062072759208211759e-01
4.420304538893171098e-01
1.880039877303812668e-01
4.132438494003832785e-01
2.511409311885361983e-01
3.220201907785050777e-01
3.219294898299318586e-01
4.144820414698972555e-01
2.777798688681230033e-01
2.666855312738286576e-01
3.040468636894124166e-01
5.054076050532912978e-01
6.933238518818782836e-01
2.708933801928051777e-01
3.747341784690075839e-01
8.749983681871941199e-01
1.026873779671191755e+00
4.268277222528161219e-01
8.102708132818691178e-01
7.929275560005203394e-01
4.568963099659691940e-01
6.504942064646865862e-01
4.066321410609356479e-01
8.055013232719164806e-01
5.363953026989031203e-01
2.455984611789938377e-01
4.136631176055834413e-01
8.806095296932017202e-01
2.408733157508515799e-01
3.077946715050557946e-01
3.681921341354370547e-01
7.321130008520827515e-01
2.853093710600978494e-01
6.430917331248514612e-01
5.380724511481526084e-01
4.078493098073545098e-01
4.835180754852575480e-01
-2.980609544920298538e-06
2.580567177119519481e-06
4.669798914846978732e-05
-1.042436091324816591e-05
-1.373929238889104324e-04
-3.633660197147037230e-04
-7.577037596774971841e-05
1.553449778043614074e-05
5.230631057054325149e-04
1.264057673928391462e-03
4.284096708488504938e-05
-4.565059918377301047e-05
9.840627388939537516e-06
-4.385322037364858478e-05
1.631353834000037642e-05
-2.854708361610391876e-05
1.291773953346364600e-04
-1.218211906086707992e-04
1.121556910527488104e-04
1.383346180165290163e-03
