2.545835646741728131e-01
2.335440886341559608e-01
2.705212028870214794e-02
7.334986804970850471e+01
1.382162201580964656e+01
3.610342097838340619e-02
4.165353918900340652e-02
4.931368298576885995e-02
3.925324847883460491e-03
1.723207738597193575e-06
2.904160644765989563e-01
3.768425473906981266e-02
3.201680518375651929e-01
1.799378705377925047e-01
2.072276568958149648e-04
5.696157916200908744e+01
1.607322671994178265e+01
3.391424040016862568e-02
3.535567665433807238e-02
5.151881755802299040e-02
3.397475215255207383e-04
5.099227435143544047e-07
3.029782488162315324e-01
3.677260052104135146e-02
2.646315445648044773e-01
1.955540010009774177e-01
6.627667649792988360e-04
7.230198668656569794e+01
1.413599513412423825e+01
3.384976767038867795e-02
4.298953550300631254e-02
4.360170820422061555e-02
1.113677255862761950e-02
5.934630121370288499e-07
2.772603914320275198e-01
3.404749037532372319e-02
2.580702598811255855e-01
2.189253688085087968e-01
8.816575754438619322e-04
6.610523644150315192e+01
1.415639606314102572e+01
3.453969148737932177e-02
3.240514021400570793e-02
3.820609930307749397e-02
7.131614811587284452e-04
6.020117685668442255e-07
2.690852832161374497e-01
3.476768797915517212e-02
2.340304250566638544e-01
1.950667643829353537e-01
6.118273875094903252e-04
7.239809769766574732e+01
1.293938816604463149e+01
3.318549263067285121e-02
2.860337117811584395e-02
4.758404181629512231e-02
3.332984932286525096e-03
4.567557151784850248e-07
2.947279362314629281e-01
3.478589170159472610e-02
2.981106707982378867e-01
2.059703619200221325e-01
3.594469709485711918e-04
6.814655788570068751e+01
1.564065313919352640e+01
3.876648801072284795e-02
2.094076725752624241e-02
4.989946328919409729e-02
3.810929951330220989e-03
5.103382411723678440e-07
3.156450141201041504e-01
5.006907134981074259e-02
2.389868851469740263e-01
2.092447878995058186e-01
2.138735693891383269e-03
6.458976622917856503e+01
1.711655025958743792e+01
3.509964948826603537e-02
7.743041693914924639e-03
4.464057052500069317e-02
1.244505701023907460e-03
2.932096851118406021e-05
3.271231302515771322e-01
3.884177250841186479e-02
2.784155785629141011e-01
1.853619463033853443e-01
3.111895982124542655e-03
7.135270190596533268e+01
1.452636639683334252e+01
3.358393587774075040e-02
1.282072840940589632e-02
3.799190340664053422e-02
2.553660632240994390e-04
2.389176604677495253e-06
2.844686334880334733e-01
4.337095666072297157e-02
2.485562405748946713e-01
2.155460261398440547e-01
2.137947486244416977e-03
7.208569502676093066e+01
1.934915919349643687e+01
3.361337270602471339e-02
1.424724867456820740e-02
5.142662330552037059e-02
5.462505304359840594e-04
6.138304246267065363e-07
3.031965008197485822e-01
4.239464926397535499e-02
2.882919623688806610e-01
2.001497413061386066e-01
1.183696052518463894e-03
7.067450819127201100e+01
1.625204906128766424e+01
3.149102848407390326e-02
2.675367627009941907e-02
4.789494911981917458e-02
4.790719541686224987e-04
9.269048255859873467e-07
3.055780750313175087e-01
4.230958785467098943e-02
2.131762678863013127e-01
1.839639784529313593e-01
4.045134971469977088e-03
7.317418592155519264e+01
1.389615433231818109e+01
2.998145938730050961e-02
2.984389055865701093e-02
4.213836149004532294e-02
4.239444065203415782e-04
4.311254647931477617e-07
3.157054933803434826e-01
4.193461908834058421e-02
2.283610243413130014e-01
2.250743325211224666e-01
4.685071693627013861e-04
6.161788821090329549e+01
1.378447716709498394e+01
2.931327912461040297e-02
2.750343923385857245e-02
4.229021127805988184e-02
1.510248515724389685e-03
2.296986672293624105e-06
2.815127930901303865e-01
4.441275133321462287e-02
2.613818692505578967e-01
1.931042957940536375e-01
7.406881505309104163e-03
6.977289204984947446e+01
1.650832569352302315e+01
2.896549617430402984e-02
1.971287069632914057e-02
4.472994197815301221e-02
6.673122183938605964e-04
6.763560155465733776e-06
2.726420568788927579e-01
3.993113036107861363e-02
2.505276573339464963e-01
2.174548289885145369e-01
1.201890016973864968e-03
6.641855718161713185e+01
1.707318518927925055e+01
3.491151887770458512e-02
2.448176427564521460e-02
4.618592789685112970e-02
6.223154615389616924e-04
7.361034682206475440e-07
2.745262515160818984e-01
5.602306095443568279e-02
2.926189044955924135e-01
1.791674197663607748e-01
1.427483055839667749e-03
6.708125533898764559e+01
1.625390895093834587e+01
3.919698674813704847e-02
2.637871810576710579e-02
5.144729695024308214e-02
1.634820136636107096e-03
6.754148644324506062e-07
2.641873326047949333e-01
4.948841712304714868e-02
2.404823833479873552e-01
2.012954222276718275e-01
1.391080080428420485e-03
6.530142016418443518e+01
1.582044083276970703e+01
3.954218775103190281e-02
3.147397125592819866e-02
4.739108526384006731e-02
1.723245315264802097e-03
1.680157233600841127e-06
2.940444939772063337e-01
4.693088633755993638e-02
2.243210336190940568e-01
2.026582584713977064e-01
2.137474012083135158e-03
7.149392020175052664e+01
1.624639583706681023e+01
3.802337889110378455e-02
5.270017522322805598e-02
4.387425410892011740e-02
3.537089105516207522e-03
1.949857193012339025e-05
2.978456886128270087e-01
6.338541415009298075e-02
2.726763964201421864e-01
2.195724029475785155e-01
9.341927741773950467e-02
5.744676002182952601e+01
1.776146037287252355e+01
4.559549847310610110e-02
3.756297080528303578e-02
5.782728472340586956e-02
1.244515646196945984e-02
3.105491269299358537e-06
3.085955383021302123e-01
5.759058044293455247e-02
2.877584727948607757e-01
2.432610960767390418e-01
1.713152852200975273e-03
7.155555315874057953e+01
1.730212614329851206e+01
4.702840765362530095e-02
3.101882610476307256e-02
5.599098425557388209e-02
6.511470565265624344e-02
5.605629543305480893e-04
3.330314601143374298e-01
6.841443049538213639e-02
2.397718265574702301e-01
2.453697658988556185e-01
2.513668282066361392e-02
7.314916015208520150e+01
1.418281347622063926e+01
4.395612347559918476e-02
4.580483569278863409e-02
6.292746442558007358e-02
3.688857687426089216e-02
3.685087821564656018e-04
3.184801777529993605e-01
8.304384663676418754e-02
2.235834000040094749e-01
1.760696090372350919e-01
3.402941457067410001e-03
6.322193200661455847e+01
1.070613178935376730e+01
2.304158115578819332e-02
5.863869863846432606e-03
3.485291262540689966e-02
1.212916684108730769e-02
5.452207927247319276e-05
2.905356106355890256e-01
2.803614722259730949e-02
2.940175591472024563e-01
1.569753630136627720e-01
2.437016669940790525e-03
5.099212712353214982e+01
1.335748685148982062e+01
2.443500680655241036e-02
1.368446060229360980e-02
3.809752193820924171e-02
1.329016386377937162e-03
5.381176824256994913e-06
3.022199913002830418e-01
2.669838929047460563e-02
2.427388130122274112e-01
1.435186576617603627e-01
1.083724804001017341e-03
6.102520340164401347e+01
1.197883391344730342e+01
2.908208781528865555e-02
1.137637777597621906e-02
3.762169950299465437e-02
1.274891668289100492e-03
1.116763927760403030e-06
2.769895343271133181e-01
2.675788558272473167e-02
2.464314571023258627e-01
1.601226104015111562e-01
2.212626317646460873e-03
5.493935940229889070e+01
1.099298252114742347e+01
2.186205103102527303e-02
6.512984232087445056e-03
3.442282745899236801e-02
6.927420032827825633e-04
9.789517955590715749e-06
2.700220880325193695e-01
3.272014908182056814e-02
2.210327133817429901e-01
1.566655254701441735e-01
3.703595461597419532e-04
5.588314734047094845e+01
1.131985582341575913e+01
2.661625666174433427e-02
1.959704263150842396e-02
4.135918877388448239e-02
1.302146704889843663e-03
2.974368590032277929e-06
2.958660565298331657e-01
3.061178884633740729e-02
2.591997785385782849e-01
1.675353694663480608e-01
3.831391272760838185e-02
6.181347044110850675e+01
1.214996120870265983e+01
2.305491857890460891e-02
4.647534597431977194e-03
3.251593500858832725e-02
3.258707535200371444e-03
6.736957751666220601e-04
3.152684571195634722e-01
3.027020399926591554e-02
2.145128610815372205e-01
1.721022356320638935e-01
3.587769782710228863e-03
5.416700148262354020e+01
1.249438899513774182e+01
2.412676202937825282e-02
2.447035799147886589e-02
3.606031394369693666e-02
1.572896956622209588e-02
3.010019221920613486e-05
3.264850915916204799e-01
2.508339857547943474e-02
2.624038677560619481e-01
1.510659080287597156e-01
6.838253527647911341e-03
5.857203576019327329e+01
1.050132819830585085e+01
2.490729825787864685e-02
1.578177333607772709e-02
3.660298512332204462e-02
1.230083586195729632e-03
3.154288135308055263e-07
2.851075158833839551e-01
2.859580768321597424e-02
2.178677869344924911e-01
1.527200419246617924e-01
1.644915954452341430e-03
6.208892866823551770e+01
1.500682164610674185e+01
2.330616470797280612e-02
1.733034319981336183e-02
3.922904106146792025e-02
1.292166348399985051e-03
3.600846577267234426e-06
3.012509631855162517e-01
3.238874182731679013e-02
2.641628707867778036e-01
1.443311710213622256e-01
3.218707674762010928e-03
5.478500297544456288e+01
1.150736614375849420e+01
2.945553785391632692e-02
8.043844991234854261e-03
3.750823550519844646e-02
2.139167802899955700e-02
3.113072471453391411e-06
3.076712676243890665e-01
2.244786901988197331e-02
2.039352227026287878e-01
1.436147819398341796e-01
5.818253044754940866e-03
5.878436906326774647e+01
9.429234667644603718e+00
2.317757902799635547e-02
1.314304650089294542e-02
2.956629569993549436e-02
1.236307062568965708e-03
8.816424713350296570e-07
3.130992598543377858e-01
2.376525657567279265e-02
1.904512635563799516e-01
1.748041666748024470e-01
7.909438691328889506e-03
5.563265194929489610e+01
1.211693777135522510e+01
2.767680202484383914e-02
1.261946089898929868e-02
3.250901816884593093e-02
2.128048634272853429e-03
3.708129708219754120e-06
2.811062314518446570e-01
2.774609089006940463e-02
2.329420364922450137e-01
1.646876182880195050e-01
1.031809803174886042e-03
5.396008529669495601e+01
1.251793546667761170e+01
2.284338622143259126e-02
1.887122810247272159e-02
3.629259141421829066e-02
1.611796820792349080e-02
8.002456376648109141e-06
2.734199842744375331e-01
3.280454756481143014e-02
2.411078650106455445e-01
1.761785957073957742e-01
1.492230595849311286e-03
5.359984927022015455e+01
1.348143278365141207e+01
2.563817817948528532e-02
1.449086526776125795e-02
3.650787539204944365e-02
1.231799588470375989e-02
4.078987073678782818e-06
2.750138216736039420e-01
2.203742149491848962e-02
2.532684041770731365e-01
1.886935421120443379e-01
2.505555853007502328e-03
5.629063298446673258e+01
1.235577754568515019e+01
2.535916984119686302e-02
1.759057270504280762e-02
3.936802269326999948e-02
1.921614042605488890e-03
3.128160207906393583e-06
2.650322052289431629e-01
2.840142698684780184e-02
2.234787278283507928e-01
1.819954902756844017e-01
5.315021359829157424e-03
5.489922599744578235e+01
1.232810180884377438e+01
3.429233793631643323e-02
2.007670652846342205e-02
4.284714672590206330e-02
5.985166529261234762e-03
3.575428001209349629e-06
2.934664394365709139e-01
2.715537305012089009e-02
1.896186653948753742e-01
1.773598436410696311e-01
1.307624023077165291e-02
5.825594954557931970e+01
1.435319202062510335e+01
2.727352591290327366e-02
3.147050697390633284e-02
3.972198423007935325e-02
8.867373806383786750e-02
4.296884691890196843e-06
2.989683349655610778e-01
3.381659056251400813e-02
2.383113122819314200e-01
1.949849567875365508e-01
1.390990389365928670e-01
5.581335696773990662e+01
1.356480389217774629e+01
3.113379143931132784e-02
2.430270107494943502e-02
3.540874244123777548e-02
1.153123560552382285e-02
7.015629254602309706e-06
3.100803621418903311e-01
3.757632623247467857e-02
2.791277341769053955e-01
1.793923271828790633e-01
7.557168164340911064e-03
5.672295526837746138e+01
1.304509003762623109e+01
3.925318051434117245e-02
3.756391036159668212e-02
3.378727688979592941e-02
3.154864870913572095e-02
2.987459384949116333e-05
3.317809330534626233e-01
4.246818812122587355e-02
2.129823244358060030e-01
1.790672749564337640e-01
4.931739797473774084e-02
7.459899017303183655e+01
1.071794166870970066e+01
4.071668776578268867e-02
2.927667341271322082e-02
4.008836509946135662e-02
1.998254430388066508e-02
1.328402185424637028e-03
3.179950115497405805e-01
3.750159042455129127e-02
2.164856314246753066e-01
1.407739261190062430e-01
1.421100873687463663e-02
5.283203460394459228e+01
9.499434096018838147e+00
2.574653614354296960e-02
2.074233512017918321e-02
3.290509257258377590e-02
4.961260424284178600e-02
1.066234832097377787e-04
2.904210764682857993e-01
1.793250494230799741e-02
2.827135454246763602e-01
1.218946562880716261e-01
4.839408938445128802e-03
4.033798492709330930e+01
1.078394327694296706e+01
2.525778161868670948e-02
1.501325624906008939e-02
3.868453264753022453e-02
2.382537805439763345e-02
5.014268338010118703e-05
3.029973376043280098e-01
2.087977945791045023e-02
2.288610228903989741e-01
1.474410802211222615e-01
2.025228802646121193e-02
5.625471843683998685e+01
8.508092575884157682e+00
2.396607662040343631e-02
5.476632420221181144e-03
2.962410216393626325e-02
8.698522638819376068e-03
4.910804205502302951e-05
2.773678704497923309e-01
2.443644721631292593e-02
2.151954768475768387e-01
1.552876339500359193e-01
7.091814770556452950e-03
5.249090785304525753e+01
1.033932800352466153e+01
2.382080012399587568e-02
1.411173760114601758e-02
3.408613796433263704e-02
5.075098804551719106e-02
4.869992451028772886e-04
2.703720149697621533e-01
2.405736690112370360e-02
2.006951351838019704e-01
1.244334843302015853e-01
5.081143405623335906e-03
5.088690282006022869e+01
1.006694881097020833e+01
2.642918403509951150e-02
2.519323489600079277e-02
3.263338542538378462e-02
1.979661396939175894e-02
1.522279518654622050e-05
2.954329916850938487e-01
2.236723930382678027e-02
2.474327669167058763e-01
1.301562094722203966e-01
6.793762749657478520e-03
5.366748374213198503e+01
9.355055486001287335e+00
2.819714896880247401e-02
1.638343611696436303e-02
4.280292781824034803e-02
7.398143976945499578e-03
2.959557719423592249e-05
3.154579271219029590e-01
2.601068017164549079e-02
2.023486062204015445e-01
1.523881530870724033e-01
1.390763409356560697e-02
5.217268218754261966e+01
1.134073531790409817e+01
2.354161245906146935e-02
1.263375247832401738e-02
2.793210652342412170e-02
2.252055326177717851e-02
3.168201612911202903e-05
3.272951086763604134e-01
2.462357293292423074e-02
2.577344310229618407e-01
1.480009503569478246e-01
1.053729759473656831e-02
4.919542388439496960e+01
7.818077200423289241e+00
2.467436789517918339e-02
2.109251624987751664e-02
3.022040448344984892e-02
8.842952544601054635e-03
4.856378306246058488e-06
2.848284343850241429e-01
2.295432053773931863e-02
2.038335770500706856e-01
1.799880125528075248e-01
4.775739211006396583e-03
5.623004953839774345e+01
1.164942249438067812e+01
2.900125046681923183e-02
2.013037746090768146e-02
3.792905133178964272e-02
2.451052580385213245e-02
1.396079455523869921e-04
3.013504524884135227e-01
2.618629165727335423e-02
2.438567113373322770e-01
1.280280775917091163e-01
1.099773103367816286e-02
4.628815102286304750e+01
9.079685522134852249e+00
2.472504781293120499e-02
2.272565286843944085e-02
3.696437356593990087e-02
1.419085685341498447e-02
1.387758491053539794e-04
3.077177444254332039e-01
2.074419359026304088e-02
1.931580790227285238e-01
1.451601672397701825e-01
1.995985176309462289e-02
5.318067190264013533e+01
7.160321381411860919e+00
2.753937156215478105e-02
2.040667769806155107e-02
3.086343893743760322e-02
8.921652476358864214e-03
1.879261867687335248e-04
3.126335584946299817e-01
1.756425524760068038e-02
1.891650983880993342e-01
1.516475246810020383e-01
1.612843178641466813e-02
4.661351439845817879e+01
9.627928093924555952e+00
2.272615135977692352e-02
2.420718542063239609e-02
3.794837707979687585e-02
2.447314759067758042e-02
5.636869374043232151e-05
2.809064481197598440e-01
2.150348435457644786e-02
2.419834495367701455e-01
1.660242414256838661e-01
4.017968839390955414e-03
4.770954085650411969e+01
9.912966069266108349e+00
2.932471455169789396e-02
3.633822833807963393e-02
3.652989473195843856e-02
9.562475744285177728e-03
3.542828886753564294e-06
2.734112760816067578e-01
2.355401602272552686e-02
2.247044912117189264e-01
1.375178549534414874e-01
2.408959477936775673e-02
4.858423641502816537e+01
1.144435402217747466e+01
2.277494660346061212e-02
2.596242122358432755e-02
3.438280616363512815e-02
1.221764455352749613e-02
1.112277048266073270e-03
2.746723733831610281e-01
2.265339189337611803e-02
2.557101908221656728e-01
1.242066149105647971e-01
1.775391140583340230e-02
5.357042847822403786e+01
1.052637020517190081e+01
2.683923958825917833e-02
1.193950595440911033e-02
3.195957162624334796e-02
2.470720337126968563e-02
3.379018729519025189e-06
2.644128525070504887e-01
1.992708002155148608e-02
2.161852082012028775e-01
1.432334197288034627e-01
6.907561007138456055e-03
4.948051471668603796e+01
1.008616935118289071e+01
2.912112287831506580e-02
2.166673268976931216e-02
3.831777918169081143e-02
1.380778891713184756e-02
1.909099132026973987e-05
2.932281556240140530e-01
2.647530518229115545e-02
1.891603047713869556e-01
1.241784985999482976e-01
1.195201761647404597e-02
5.464542660577738786e+01
1.156657335260874220e+01
2.476471046397359099e-02
3.519675746290635426e-02
3.380341632719521122e-02
3.792236191216708657e-02
9.053500899087442379e-06
2.988473108193057670e-01
3.625947166229585850e-02
2.173020840831860756e-01
1.851939934190562353e-01
5.860251847948901721e-02
4.562824935820365368e+01
1.045555820688051263e+01
3.274336461687191169e-02
3.411746775017523992e-02
4.112099453927687415e-02
6.056926336154060814e-02
5.253065306879834003e-05
3.108826313938271579e-01
3.099347516483114823e-02
2.616156672297524910e-01
1.784257242557882595e-01
2.503954410919109752e-02
5.720521480531314751e+01
1.215151328342050618e+01
4.179278848066094593e-02
3.859969634505782538e-02
4.394328555477915177e-02
5.310003196662497343e-02
1.099297872893097683e-05
3.326528979160092714e-01
3.464234586958638007e-02
2.191674366211272262e-01
1.559903767267707964e-01
1.065740262136036787e-01
5.272064576408418191e+01
1.100300833319415084e+01
3.660965541963591419e-02
3.179953050564323508e-02
3.951162609050170443e-02
5.676151202412419577e-02
3.950425396952078795e-05
3.172922773349554637e-01
3.329572008443595910e-02
2.108726524424018867e-01
1.426495195442440966e-01
1.721422713104452107e-01
5.390637947819173803e+01
8.060129450736523538e+00
2.962534237227978928e-02
2.421685654317130842e-02
3.690170345348406378e-02
5.514270793624394262e-02
1.332847016083220652e-04
2.904026172912705928e-01
1.965991970824729207e-02
2.807748950584003644e-01
1.277776991894560010e-01
2.390230398163447137e-02
3.801423471879353144e+01
8.656419427588502913e+00
3.067611169653331610e-02
3.019245450775645545e-02
3.916352110952807386e-02
3.753357132536842139e-02
1.761162570593635744e-04
3.032395091268333398e-01
2.228519817926599700e-02
2.144703020489404643e-01
1.288245603757316449e-01
6.435417463558509854e-02
4.758625830135031265e+01
7.884445878739457569e+00
2.805792953468988840e-02
2.000288577170113158e-02
3.921342147287009555e-02
1.232694655133354487e-02
2.164147940735151995e-04
2.771483215333030437e-01
2.350943471271957005e-02
2.171589948759936883e-01
1.480667247718269741e-01
3.098376312043465627e-02
4.422619480375387013e+01
8.730272126442814695e+00
2.766373536708391367e-02
4.273870320444581039e-02
4.053520931449797193e-02
6.062891649096738972e-02
1.208787850907496711e-04
2.702457400486280581e-01
2.525419809456422998e-02
1.912776582531934555e-01
1.370819211931958992e-01
3.895277984466415100e-02
4.970010817900902111e+01
8.863712331023029023e+00
2.890122584887063958e-02
4.543489150725130155e-02
3.826026679371683642e-02
1.935180287360430129e-02
8.607730498191903381e-04
2.966721846708418875e-01
2.486897014435865763e-02
2.291578164781779281e-01
1.794374518576297428e-01
2.319114827738559259e-01
5.298700661585164795e+01
8.994194378369474663e+00
2.747703067478489067e-02
3.506552821810076520e-02
3.563548996824497661e-02
3.659819949505135894e-02
4.156615551223891475e-06
3.161141429896756061e-01
2.896535074604136145e-02
1.964060460669981023e-01
1.192399259639244369e-01
3.022356570438888487e-02
4.712476533309167337e+01
9.883503449960725717e+00
3.121729696247259669e-02
4.309373097659908308e-02
3.539056194203032968e-02
9.099800388307308086e-02
5.160229528019259537e-05
3.271886242046131432e-01
2.360476609269506268e-02
2.601162887345656038e-01
1.472610503037967977e-01
5.854789541829258370e-02
4.382159419023768976e+01
9.800559878046463780e+00
3.177306529264169871e-02
6.016402815236526064e-02
3.563445358638830246e-02
1.691567576256501268e-02
5.040782416630262136e-04
2.841421041647273493e-01
2.614206744141521835e-02
1.743227260884331054e-01
1.169978956881242704e-01
2.285462315082579521e-01
5.320265960312813291e+01
1.120981519684541894e+01
2.577556176547241007e-02
2.255933103319135782e-02
3.904793604935091755e-02
2.157290998915909266e-02
1.817334307512396052e-05
3.017393782470719765e-01
2.702876825195811919e-02
2.386635925929423974e-01
1.349536049026884843e-01
8.425489895535419327e-02
5.349671398076507245e+01
8.083425826933417824e+00
3.837636657669458995e-02
3.956155867464901388e-02
3.667968069336340065e-02
6.516611666762547883e-02
3.048438307887420631e-04
3.072139473717415692e-01
2.697277731755313296e-02
1.981435517428387638e-01
1.417189730392959535e-01
1.436834602496799840e-01
4.932394678365748319e+01
9.860299466613842156e+00
2.530061122976758406e-02
2.953640110549159148e-02
3.483594362715464882e-02
9.683888685179986577e-02
3.992009189724030028e-04
3.125494061212057972e-01
2.428016488951825064e-02
1.826268329410261904e-01
1.464999749192547052e-01
9.324106384398130054e-02
4.574869096213770092e+01
9.485785677740976141e+00
3.138790414666274564e-02
2.929686561395388605e-02
4.042122657095389288e-02
4.225506126966780546e-02
7.470675639651194180e-04
2.810585336356895558e-01
2.934544578448597743e-02
2.386071181937458319e-01
1.498459050357709432e-01
2.020161002232143399e-01
4.899101875999156164e+01
1.062218060173021605e+01
3.287983596877785269e-02
3.524697271414922728e-02
3.791908664162976783e-02
7.620546215961598868e-02
3.529160040154861251e-05
2.742686749904696963e-01
2.890220887129211352e-02
2.188195271464619673e-01
1.424368007417808335e-01
1.559289840291655238e-01
5.246052780946197913e+01
1.131030734724200215e+01
2.641226558523747728e-02
4.594252979275255389e-02
4.165060494967454813e-02
4.809724344963423048e-02
1.021343551666321859e-03
2.742986607424008905e-01
3.086352010001780499e-02
2.499252702190189745e-01
1.631600856907728103e-01
7.066284687232018968e-02
5.192908911552371620e+01
8.628941463082687946e+00
3.365154486856308802e-02
4.688970046580172302e-02
4.119630001149329063e-02
3.177876792654427823e-02
3.131627205598915063e-04
2.645898803297694890e-01
3.087180332407287245e-02
2.154904977565698931e-01
1.413430037882851820e-01
2.496105602785258365e-02
4.476859069764173427e+01
1.033465526525685974e+01
3.417884166398114931e-02
6.729914372223191887e-02
4.110259140647338355e-02
6.840061965571427038e-02
6.439463245680598241e-05
2.934978197744213535e-01
2.821755794323217714e-02
1.879070945169430407e-01
1.607161719419750445e-01
6.561585298809970157e-02
4.811191011388240213e+01
9.466754152040520509e+00
3.251256278085393192e-02
4.892488799144837502e-02
4.210550960052530239e-02
5.581641665253033596e-02
1.197669852343521691e-04
2.990482600504539290e-01
3.165377217255019998e-02
2.141841545132615876e-01
1.829316964463145734e-01
1.385789478398757879e-01
4.296377349401368662e+01
1.030021494981567365e+01
3.043627746517802227e-02
4.410760060177073422e-02
4.892108889523157089e-02
5.796255400815369246e-02
4.723570825486197479e-03
3.092402787938916542e-01
3.563980856942610548e-02
2.530661824142103056e-01
1.824348918023451227e-01
2.645995408876246624e-01
5.318104805325069151e+01
9.616296627168871680e+00
2.964916526587317927e-02
6.757202067133676049e-02
4.284938745844334151e-02
5.101302449094170105e-02
4.045903822657029303e-03
3.325859767202549166e-01
3.528366200854392981e-02
2.405242176514041097e-01
1.743547064713793782e-01
3.293535041659322316e-01
6.551005443938052508e+01
1.109101325670772731e+01
4.209554074538252033e-02
5.143019277300468761e-02
5.146916102743867572e-02
1.409303075892570367e-01
3.353134123375299362e-03
3.183176066621643541e-01
4.433973514338105520e-02
2.062737474480972333e-01
1.841249993016601250e-01
3.421704975133166293e-01
5.764054078183533392e+01
9.245529957054808179e+00
3.274221692500817182e-02
5.062011927221480440e-02
5.379140365772547283e-02
1.290525812125615512e-01
1.411720499360625538e-03
2.905124058091879680e-01
3.043701476734453695e-02
2.712846531249699100e-01
1.573881095908385153e-01
2.585559545626731071e-01
4.421639472000543947e+01
1.057835105507574092e+01
3.327026497167165364e-02
6.250803720881099868e-02
4.651892486650500286e-02
1.059088574473166094e-01
1.130188200884470803e-03
3.029059115479851294e-01
2.759438210129763064e-02
2.215265302510573964e-01
1.739338499591869536e-01
1.669779329011458757e-01
5.636984507434141989e+01
1.033525801580416292e+01
3.199505187565807734e-02
5.272346239042186716e-02
5.299584927948818025e-02
7.094517922365983775e-02
3.139256675972481106e-03
2.775938201444386744e-01
3.361353327903384564e-02
2.219782531804050385e-01
1.705826563311429733e-01
2.257566105751285523e-01
5.185912526554435686e+01
9.443635222055394962e+00
3.134512040909509523e-02
4.302931284150544183e-02
3.874431050650662539e-02
6.680873963229852497e-02
3.452901395117132562e-03
2.710805751465932278e-01
3.683318025818765884e-02
2.030503666334299018e-01
1.448173402907838581e-01
1.085895866160298123e-01
5.692033860569407011e+01
9.602242706576129549e+00
3.613050057834624185e-02
6.172708928195247413e-02
4.587185015946133176e-02
9.752430743592674367e-02
2.606829329416887175e-03
2.955601917594926631e-01
3.644355404682016186e-02
2.213575644628277272e-01
1.722482820158764971e-01
4.539884903081993217e-01
4.925388400539808487e+01
9.175663859012113122e+00
3.004977033334490719e-02
4.640151752818055808e-02
4.545983333221607914e-02
8.826476197730850903e-02
4.230209806897830202e-03
3.148354103194029863e-01
4.341821557550620825e-02
1.925194138190916837e-01
1.448867129122031749e-01
4.982553638864808399e-01
4.662033621339011091e+01
1.056262720530026833e+01
3.039169586484627775e-02
9.035820200002782354e-02
4.522160671911406443e-02
8.070585542824795788e-02
3.513641633999065993e-03
3.263708080990947447e-01
3.612246826688218782e-02
2.600486666464109087e-01
1.526215026934365782e-01
2.599777511285056852e-01
4.359791128305293739e+01
9.256584597459601937e+00
3.548029469151616627e-02
5.484247762950898719e-02
4.621736379454213089e-02
8.234737310458731252e-02
1.223331483642426049e-03
2.847498970925231854e-01
4.278200628754640772e-02
1.904484625499888728e-01
1.772937756982779500e-01
5.533469431993636167e-01
5.417757165561295807e+01
9.980227124315844023e+00
3.684461310468823553e-02
7.001662741317332683e-02
5.173104637556411728e-02
5.880730689471703326e-02
1.481666816229011219e-03
3.017301244876705035e-01
4.385939503747909168e-02
2.396593009234805893e-01
1.429396555415662906e-01
4.502632152290242384e-01
4.808330280279599833e+01
9.938229821721092705e+00
2.883728350267114257e-02
6.988550215994077108e-02
4.869717642938655583e-02
1.086696261423054505e-01
2.360937197738431984e-03
3.083916145907260042e-01
3.964190473718723351e-02
1.927700496931572804e-01
1.566197194230489753e-01
4.901319716859396380e-01
5.971065294918440713e+01
9.610899472441017721e+00
3.025163879800798691e-02
7.034486070287253312e-02
4.254527213938435332e-02
6.228376769035031540e-02
3.729014443512639054e-03
3.124611812644468301e-01
4.143538107873737802e-02
1.951948803399411736e-01
1.744167746226833737e-01
5.263226775481094633e-01
5.852106637204209960e+01
1.070395810557931959e+01
2.981310558647054867e-02
5.809657318016156480e-02
4.312590738547073671e-02
7.826613079316314947e-02
2.209537636541500198e-03
2.814440869797999456e-01
4.473643911160350012e-02
2.365826992405517804e-01
1.788680730553562082e-01
5.147189138702311650e-01
4.756950261464442065e+01
1.194217761659454347e+01
2.920846882557870741e-02
8.187055202471187065e-02
4.637805096994708498e-02
7.501758724532420208e-02
2.889475120054099764e-04
2.736174577273162156e-01
4.451024116597836894e-02
2.154735354866055275e-01
1.494689274490577091e-01
1.634340099216392284e-01
4.697402573016923100e+01
1.055347198554893140e+01
3.870964446776230250e-02
6.664600804403483791e-02
5.483799691520264974e-02
8.179675704845253137e-02
2.775962197052890372e-03
2.747918806350727050e-01
3.399464797834699653e-02
2.465812184719684830e-01
1.768963906163763811e-01
1.021075566055101580e-01
5.944355609310130717e+01
1.124065085402782671e+01
3.478615365345683746e-02
5.055962908679249163e-02
4.742026671963178036e-02
5.303331945911267387e-02
1.911502480561679028e-03
2.643992842310815550e-01
4.176210940466937999e-02
2.347021353114098763e-01
1.542540952206650218e-01
4.248263904446631378e-01
4.825378484483642438e+01
1.114388034471503985e+01
3.868481566362829555e-02
6.059422566195010046e-02
4.252873695379639357e-02
1.287513056311595239e-01
4.899259184428581340e-03
2.941624794569276946e-01
4.745714547794416954e-02
1.962963388712683499e-01
1.659610160333591933e-01
1.750540394610209938e-01
5.155571740295464167e+01
9.762668973756902346e+00
3.909788722714103298e-02
7.346318915815586159e-02
4.425548956961629365e-02
1.105891177642130963e-01
3.393152671371440620e-03
2.994048166301561675e-01
4.165768221525589093e-02
2.266582351626891256e-01
1.794668544939900523e-01
6.125408015904127979e-01
5.244252907645817885e+01
1.099602631354124505e+01
4.178576206766467654e-02
5.937357258430629031e-02
5.827935522607476798e-02
1.144833165134219871e-01
4.434497115842131812e-03
3.097650091767695790e-01
5.531738874632580877e-02
2.360380721033462914e-01
1.890653967004896352e-01
7.211712075494741692e-01
5.689706154532674987e+01
1.116872591899218037e+01
3.808854738204409118e-02
7.177955505552285898e-02
5.351411801559775167e-02
1.251971561833230551e-01
8.001309384976357936e-03
3.328295529282497833e-01
6.060284918175096180e-02
2.201690537815184923e-01
1.871832557561377286e-01
3.170579084895105981e-01
6.608611515478946785e+01
1.203094939395572638e+01
4.471426806838460499e-02
9.678272573468452156e-02
6.174766473591101340e-02
1.477680578309133463e-01
5.811684928678687023e-03
3.177556927462275582e-01
6.483861664843533490e-02
1.948619394436640617e-01
1.331726290149999326e-01
3.781975159426408939e-01
4.901993080438426631e+01
9.504381080789016778e+00
3.766953134255472679e-02
5.030928499770559448e-02
4.751832873543678643e-02
5.139247737487322859e-02
2.742051771770378631e-03
2.908630345106485438e-01
4.025848484198410460e-02
2.643373027955585597e-01
1.589348383263043951e-01
2.101466168206887475e-01
4.411081215954378365e+01
9.135764821913239686e+00
2.869475310901005785e-02
6.927443609561884097e-02
4.759793191118670552e-02
5.932674568448805669e-02
1.703154250581189388e-03
3.023183652536673982e-01
3.681561851383714085e-02
2.178662544649281607e-01
1.359840582620774063e-01
3.683036995972515104e-01
5.677711180893979304e+01
7.230613203086325491e+00
3.235268163534937846e-02
5.411958668140039869e-02
3.883882567181428519e-02
8.455863658029598440e-02
1.583793247595484486e-03
2.766503095001278112e-01
3.693259336528401798e-02
2.282035113169385843e-01
1.475489038596627944e-01
6.088466659262137953e-02
4.582864959349500822e+01
8.927548452442842120e+00
3.417108147664204426e-02
4.876346629549792311e-02
4.633961806387219828e-02
8.865486127080073053e-02
4.390570313337129759e-05
2.692674339577904030e-01
5.034441964832125221e-02
1.981712031017309472e-01
1.514715385014069882e-01
1.649825190116900042e-01
5.261880116553444253e+01
1.042047020929718926e+01
2.917450342858046719e-02
3.675644809292494264e-02
4.541569470768817840e-02
9.392184266295279527e-02
2.806930417690985981e-03
2.947852289108366386e-01
4.839796838083106068e-02
2.192206104274124490e-01
1.609254375484036881e-01
3.168787343785516297e-01
5.455363105914862842e+01
9.680510338887929223e+00
2.446359204579861071e-02
7.333243375316816914e-02
5.430583532315212680e-02
6.971947453836832564e-02
3.611287445443035239e-03
3.141810424126667556e-01
5.393865257077277986e-02
1.993953311861369759e-01
1.503588745428386109e-01
1.484476051149226372e-01
5.462909363006451002e+01
9.349012466654587072e+00
3.618561464254303056e-02
8.007932767596040446e-02
4.788844071510736655e-02
5.238666069918213736e-02
1.935242070197394767e-03
3.262113590918273021e-01
6.022304379838779032e-02
2.481004738306571977e-01
1.609769334489915549e-01
2.988220845728163655e-02
5.185555128954317894e+01
9.122707132695596854e+00
3.000537892749497240e-02
5.879481312830114881e-02
5.030231473212948279e-02
8.345264739696811596e-02
4.971227911499583214e-03
2.849929520368776337e-01
5.236842256459605521e-02
1.820335003256023654e-01
1.397032746482506915e-01
2.243491396683338635e-01
5.161035280138815295e+01
1.048442833612639902e+01
2.824264384495606128e-02
6.125088361504767848e-02
4.500181463887630018e-02
5.913119320508573168e-02
2.507819751907156003e-03
3.020987312165978600e-01
5.744459289853273004e-02
2.252580422370372426e-01
1.717559345786084657e-01
3.999689613318916925e-01
4.880622381352524997e+01
8.408270813896344009e+00
3.120995759566645364e-02
3.048606962305510856e-02
4.344511820161591625e-02
5.920249285366191438e-02
4.300150527314148922e-03
3.071886147614434903e-01
6.102773342120996342e-02
2.007267218403905595e-01
1.509877209798020647e-01
4.235800643576259628e-01
4.590985447378638895e+01
8.098624347268414070e+00
3.810582922235432324e-02
6.651281565982483657e-02
4.065209173752613175e-02
8.421308878031275036e-02
2.721859040607290618e-03
3.126001667979742549e-01
6.275410258865503355e-02
1.822084313996399085e-01
1.649101470637508171e-01
5.011451440044022432e-01
5.023407904806779811e+01
8.790731403196101468e+00
3.031030625920376476e-02
5.809598365632667738e-02
4.453919982319756027e-02
6.257500451842482048e-02
3.034217384745991654e-03
2.817203887490220549e-01
4.743759306713603296e-02
2.283280697596790365e-01
1.464828540589633299e-01
4.382636555343921714e-01
4.993812392387687282e+01
1.016910734674479500e+01
3.024105361418183077e-02
5.850302291551650463e-02
4.614672146408847070e-02
1.474748077643614486e-01
2.490581199028363626e-03
2.739140708447321826e-01
7.248699761348341430e-02
2.088053811906610824e-01
1.601722612998184581e-01
3.255787213564040883e-01
4.534915360221180691e+01
9.088436914500780617e+00
3.481013529230361087e-02
4.540352878275179249e-02
4.705843493078989970e-02
1.295237499135635517e-01
3.587751663567765974e-03
2.741145473019005463e-01
5.467179917230585717e-02
2.511987335460597048e-01
1.490807821297890079e-01
1.929141348546217216e-01
5.121007033581838641e+01
8.641692762989062970e+00
3.109120153096379957e-02
5.942788050236949560e-02
4.039304718984447484e-02
1.061831415359626996e-01
5.929417209637456894e-03
2.646181970139515061e-01
7.317405597459372690e-02
2.315224237587532041e-01
1.658814934251488515e-01
7.632465298976380819e-01
5.111532904153655466e+01
9.527630702894029469e+00
3.098910578376812969e-02
7.272898864253797557e-02
4.539539820961106809e-02
1.136365108334494722e-01
4.982280331459923266e-03
2.933436789188756388e-01
7.477133875742056346e-02
1.674550712468414471e-01
1.805342651029161749e-01
7.796086056524052788e-02
4.578379757503056879e+01
1.195793989905741661e+01
3.658775809117603001e-02
5.752493003100065533e-02
4.682128792664850409e-02
1.512481829130702671e-01
7.461729184260152553e-03
2.995504784893951444e-01
7.474123083908068566e-02
2.136180713238616524e-01
1.847327000333389424e-01
6.701880923125506095e-01
4.753257776229596487e+01
1.108754883277339154e+01
3.836386456270229894e-02
9.456124329203385859e-02
5.169538553387905550e-02
1.051082595130089919e-01
9.938874449616533560e-03
3.086663676275777646e-01
7.656021698658949104e-02
2.322729167705890885e-01
1.682651151506314724e-01
3.313324087821940545e-01
5.878696931545326265e+01
1.138417788374257178e+01
3.328963227608483511e-02
8.468529994359061397e-02
4.931828552980464797e-02
1.163723058389185272e-01
6.770452721228720563e-03
3.316003475892783658e-01
8.476981768984004351e-02
2.431500257315122315e-01
1.688983965155046452e-01
1.524923263455132627e+00
5.161370047863067612e+01
9.941905878560499232e+00
4.943173215752384025e-02
8.146228917084712140e-02
5.448401807834036409e-02
1.146036233118669506e-01
1.104434274568070161e-02
3.195106870398033427e-01
1.041612744865899054e-01
2.086441717964531151e-01
1.290891346333752354e-01
1.269201098733378497e-01
4.829835228988896745e+01
7.974813702167732110e+00
2.659991892460547222e-02
5.850703136602374704e-02
3.697378961818991588e-02
4.093225223694068465e-02
8.112640365321416953e-04
2.923515846780844751e-01
6.594469635447167133e-02
2.718929744494351097e-01
1.545400299297131075e-01
3.797745932254599222e-01
3.574636615026766151e+01
7.996446198914947345e+00
2.676498745693653425e-02
5.769214593300753258e-02
4.575863694298254458e-02
8.701678388546950360e-02
1.326976189207091945e-03
3.060199111920011705e-01
8.478857423433397433e-02
2.097473592378288898e-01
1.296235073953448114e-01
1.145556764964823365e-01
4.037806776815914134e+01
7.126092584030089050e+00
2.970043483375368540e-02
4.134930339438349506e-02
3.651353309359126748e-02
8.232166669269400106e-02
2.684625200087636943e-03
2.864266943300712853e-01
8.509123861657860721e-02
2.252747819951882446e-01
1.485065573159832508e-01
2.035257079611009767e-01
4.312977101834722049e+01
8.134880562338199894e+00
3.648602553914365859e-02
6.058912622754760585e-02
4.347077519420153996e-02
2.699194672522969851e-02
1.822003380060498905e-03
2.704194104525873277e-01
7.258269426755059595e-02
2.053039551841797927e-01
1.390681070075299453e-01
1.451914969561466096e-01
5.451873816339597312e+01
7.320839788979442986e+00
3.817509724424542755e-02
5.294675472113382492e-02
3.660465606736777733e-02
7.347666987559957341e-02
2.233633987664255562e-03
3.066357122936999025e-01
8.614866435261131494e-02
2.204357329315060621e-01
1.408548716094965292e-01
3.835672902711052545e-01
5.467068973800901688e+01
8.501523180788650436e+00
3.547407994276269988e-02
4.283503593213883187e-02
3.373279253703399816e-02
8.194556421725239514e-02
2.796524443598698024e-03
3.129972617920783184e-01
7.437839111157619476e-02
1.968808730097318660e-01
1.449138593410722320e-01
1.848370417341616001e-01
3.971271412450406757e+01
7.459376223490589375e+00
3.825422399332546741e-02
3.260131260664337477e-02
4.534609242503829379e-02
7.980126686823495186e-02
6.142741788267222502e-04
3.296607510863765467e-01
9.920567840395209946e-02
2.590649008378196338e-01
1.578835437394865981e-01
3.818887007970319103e-01
4.119781870220646880e+01
7.680305256376891876e+00
2.890598775766901538e-02
5.416619911065113924e-02
3.981621897853456632e-02
8.591850944894595388e-02
3.966717320934291975e-03
2.762947219678400512e-01
9.380276774440976517e-02
1.836046024338013893e-01
1.276259175870503582e-01
1.659370628806244308e-01
4.807992272834532343e+01
9.649441678114643040e+00
3.799272197249053268e-02
3.898429212195708704e-02
3.980103826667611561e-02
6.871082508719587867e-02
3.642625216855167099e-03
3.116989676502450179e-01
1.374127748836627139e-01
2.214422769679127434e-01
1.404910082949434591e-01
1.046004516238824809e-02
4.943359954717408300e+01
8.129848722387686522e+00
2.925757135241383380e-02
8.627687515778009741e-02
3.778981086966885089e-02
7.696184556118698672e-02
3.196770015353684290e-03
2.997521369497469501e-01
1.193564408183919734e-01
2.053971358220336996e-01
1.400828065654443066e-01
3.135884926243451276e-01
4.627099938146734814e+01
8.450969298891132908e+00
4.154230865967295516e-02
5.780641295290546433e-02
4.528957541410927323e-02
4.408104977861734830e-02
1.614704745984082241e-03
3.097700260555346086e-01
1.350296714590175640e-01
1.746727796466258087e-01
1.368640295392076212e-01
1.368137177558964024e-01
4.181589169503134684e+01
8.031949070292361270e+00
3.439047055053499197e-02
5.890864628946452380e-02
4.575294820368664556e-02
9.337561756340231889e-02
5.255786385968711123e-03
2.883970849483236121e-01
1.141513111783836326e-01
2.494851668164565217e-01
1.351228370878639617e-01
1.370478602583553862e-01
4.640796653424499141e+01
8.949486235219977104e+00
3.452134701895136215e-02
7.389824697443446444e-02
4.876339288758423790e-02
4.667917789349654289e-02
2.799535959416709404e-03
2.851779444582998035e-01
1.362479941728853283e-01
2.052697681710899114e-01
1.220126161288422051e-01
1.274061302286202402e-01
4.309641801226793234e+01
7.677042172736584291e+00
2.358350080670491497e-02
6.603420162073414534e-02
3.608832590657107958e-02
1.718202315639687505e-01
1.983929884948715163e-03
2.879823091747475972e-01
1.331686756862081322e-01
2.545646273893620304e-01
1.477866345784114022e-01
1.883104573233968237e-01
4.599527011613974992e+01
1.126594003794068044e+01
3.659305715226256889e-02
6.698598817098352920e-02
2.948300099382287348e-02
8.640496036093141263e-02
4.565616403701447043e-03
2.706041044413237118e-01
1.283877432505691196e-01
2.192428057993418278e-01
1.764535438015797653e-01
3.518046612651534732e-01
4.466791944255156466e+01
1.034580077469231618e+01
3.851361974123652249e-02
4.720049501523941593e-02
4.468327149271369286e-02
1.092554985659107830e-01
2.848004077686272680e-03
2.958176782682281347e-01
1.227205359892842018e-01
1.859560104884792342e-01
1.424190537491247521e-01
2.019679773955354030e-01
4.191035129364960454e+01
9.387852311987160192e+00
3.509337357589605022e-02
4.336205261184823689e-02
4.528818172058766273e-02
1.138050741980803499e-01
4.809136527080092559e-03
2.906465956741612899e-01
1.463548547515954590e-01
2.016998510928335320e-01
1.638524648145681661e-01
4.308130940661641373e-01
4.416449484031034700e+01
1.120318621688707061e+01
3.965871449171677610e-02
8.589957592646187134e-02
4.340352892347428687e-02
1.501952602883185606e-01
6.444463127753748653e-03
3.349828178994564976e-01
1.612858577710543084e-01
2.548833823980201641e-01
1.608879560561353728e-01
5.338990989216284566e-01
5.494623279033223184e+01
1.004614048545955285e+01
4.015249389281044801e-02
7.186690162484207778e-02
5.635741676359702634e-02
1.587950971893522800e-01
1.192864736744747578e-02
3.270881647722041485e-01
2.169145565007953858e-01
2.424371047994092476e-01
1.562232744792932670e-01
7.905708546187435459e-01
5.370945775155479396e+01
1.035003483253352563e+01
3.651527969921705002e-02
6.478599444306866462e-02
5.593606264178158094e-02
1.294222142326284519e-01
4.542333364222331943e-03
3.269283734898559834e-01
1.749937292751384543e-01
2.094303652876808863e-01
1.431337828602570750e-01
3.628434243180477248e-01
6.007617684119232848e+01
8.172526783566286923e+00
4.239929230551990613e-02
1.149110204775603689e-01
4.450515918092642215e-02
9.009050964550112395e-02
7.774550178963660595e-03
1.681106305596799544e+01
5.037796870414587014e-01
2.694153051096976892e-01
1.433777867312935328e-01
3.371727926614266346e-01
4.005645246831493012e+01
1.082384116787310191e+01
3.833506089953429147e-02
6.818369691411020617e-02
3.816888556493951840e-02
1.364213391362705530e-01
5.936523055807209522e-03
1.399657964793391685e+01
4.204433744963876896e-01
2.232479055716553584e-01
1.479028186151775115e-01
7.048849456042912687e-01
5.605954658427000226e+01
9.800664003323209528e+00
3.584749216029228802e-02
9.502397570507366276e-02
5.279240229299245885e-02
1.233012067880884521e-01
9.402225656685813532e-03
1.153363885398862720e+01
4.356182281453606642e-01
2.265714723995526925e-01
1.335862651595297601e-01
4.503967162265105628e-01
5.218429198990710915e+01
1.020028231059093393e+01
3.229246006087412024e-02
7.395449208364926474e-02
5.021687024517539066e-02
1.662680812542831621e-01
5.086037556621033837e-03
1.531143031842984570e+01
4.872017699782026923e-01
2.186908867937631396e-01
1.654370152146349970e-01
3.654544486795856528e-01
5.322277666373721416e+01
1.048283592955762700e+01
3.600119248705039438e-02
5.499710375961915088e-02
5.353494367185728658e-02
1.197010053579934258e-01
6.990587197352247754e-03
1.222138975708143960e+01
4.225848241290378615e-01
2.210137326245319167e-01
1.240381618939511571e-01
5.665052293365184788e-01
5.046432768004549985e+01
1.134554096625472219e+01
3.928715921426587793e-02
1.345716040268611080e-01
4.730830670657096282e-02
1.301423817924827475e-01
6.346465239387490652e-03
1.612526893916718862e+01
4.866461273535115373e-01
2.173482734542754591e-01
1.611675228488466949e-01
1.071724679062857399e+00
3.745251621788630558e+01
8.458535607573411497e+00
4.743734980946932162e-02
9.930574539937174483e-02
5.008097713385924188e-02
9.877810037413911615e-02
7.870434853214014134e-03
1.447307595005856129e+01
4.660215287574367982e-01
2.603922326319402791e-01
1.516688806694358738e-01
7.774612453513080057e-01
5.569968536577247420e+01
1.073369950264085659e+01
5.739556834353899684e-02
7.091271764015331935e-02
5.321258679147632120e-02
1.032069810170361118e-01
3.905086383822109399e-03
1.534540878403733188e+01
4.942513330662480775e-01
2.145906425074939339e-01
1.776187360497780143e-01
4.968873825142010037e-01
4.351426401187359261e+01
1.053299512529335225e+01
3.495369343418930352e-02
7.271712484819513322e-02
4.159159062567865245e-02
1.655486464013375403e-01
8.330386161398016867e-03
1.563787464449412745e+01
4.922591647109867408e-01
2.424984261993967105e-01
1.509416015766269215e-01
1.195392990188523852e+00
5.749144794120025637e+01
1.069601283229757627e+01
4.536285646193331800e-02
4.762115588092135504e-02
5.672653406136660137e-02
1.488302057777561860e-01
6.442655553104610980e-03
1.159789995401234641e+01
5.280546843203814955e-01
2.015926721949111156e-01
1.529505464898868738e-01
6.241037791324566264e-01
5.623426646623465075e+01
1.016293430445196400e+01
3.569673344408743482e-02
9.832955776780860635e-02
5.224958370204463992e-02
8.696925150405808436e-02
9.400966637162673500e-03
1.668018444362747132e+01
5.766964929618781932e-01
1.930371281410554751e-01
1.394987490931976493e-01
7.231362736954923820e-01
5.705778096877689620e+01
1.162549470899107540e+01
3.535284337992059683e-02
5.304130810926302453e-02
5.093335956112795410e-02
1.279419408002380187e-01
7.453684551141183390e-03
1.467463040120962248e+01
5.903047506146553713e-01
2.188158898025610033e-01
1.484444177655397101e-01
2.768966815256948544e-01
5.281355853624453545e+01
9.698278473039257719e+00
4.816953232316532885e-02
9.423900491555525782e-02
5.357969049246483900e-02
1.481396754385814196e-01
8.950008211180519868e-03
1.308124208684304790e+01
6.233450905769923889e-01
2.456251994949687767e-01
1.644493741746935467e-01
5.724663463325220247e-01
4.759238997997225340e+01
9.516221222068313779e+00
4.030487816110943367e-02
9.903762852428857344e-02
4.341878303069308248e-02
1.662951400169535854e-01
7.665438723157174013e-03
1.563235431794109331e+01
7.670096006386946108e-01
2.437069389535672370e-01
1.354217095295671136e-01
7.019938598281665332e-01
5.834427490690940488e+01
1.120706530284651414e+01
3.646779095222051070e-02
6.789286997803199719e-02
5.664625321214994402e-02
2.102501380845864243e-01
1.532610890860054177e-02
1.706889773274168220e+01
7.860614258121816356e-01
2.071816529584272482e-01
1.589011307158668118e-01
7.924100667423499278e-01
6.020665196110637396e+01
1.069107867126014533e+01
4.777541369481090594e-02
5.430641148338598290e-02
4.188765212472676108e-02
1.300099675758727424e-01
5.733783952979023060e-03
1.481403975089225789e+01
7.911065329582791517e-01
2.256426034821830406e-01
1.304970977262432941e-01
5.504654304401249698e-01
5.994283872187869378e+01
1.050999766104938260e+01
4.061648490395609185e-02
9.927612467987877165e-02
4.596625512970192035e-02
1.830719590470239744e-01
7.484389647815503643e-03
1.334631467556366147e+01
8.266396853568450664e-01
2.099695791957012225e-01
1.726088077166157142e-01
4.083520303209170477e-01
5.213005969883717938e+01
1.105478857620968647e+01
4.929011849479125740e-02
1.060480116250311911e-01
6.051045207153667865e-02
1.270814398237688769e-01
7.656438172645626747e-03
1.884588554556764706e+01
8.911620865555209825e-01
2.494009043669990766e-01
1.581819084829230171e-01
3.532127048834124428e-01
5.258856993955662062e+01
9.569849998780481926e+00
4.315261079537445477e-02
8.908628585179949322e-02
5.221959071645890932e-02
1.626038014226038886e-01
1.056688242147426487e-02
1.663356887763331926e+01
9.776504626596156378e-01
2.383407404317306466e-01
1.236420820017285066e-01
6.096436747690219260e-01
4.854853217207210747e+01
9.725998126047063153e+00
4.811937709413458691e-02
1.032528933513733177e-01
5.621230598172481663e-02
1.581261240132701973e-01
1.316290189677662287e-02
1.798114069538799953e+01
8.947210151749911411e-01
2.420525191952497546e-01
1.414484719662012502e-01
1.667133211806114845e+00
7.607749571481949147e+01
1.195918321990450295e+01
4.820067094125619206e-02
1.153548832805032925e-01
7.536393856251616397e-02
1.914654800090870856e-01
1.782943349285484591e-02
3.944979424309552201e+02
9.963912467876896883e+00
2.954396948363804398e-01
1.324297072268217357e-01
1.142724713985913576e+00
7.060829099056591929e+01
1.052773522520689298e+01
6.537952219497013273e-02
1.277859987452481250e-01
8.287910465310158181e-02
1.277995547012942545e-01
1.760467315545142727e-02
3.317978902799102912e+02
8.136142794396267419e+00
2.475335509505671994e-01
9.858750646080667590e-02
2.041925712975002138e+00
6.818886627594916661e+01
9.982712193105340859e+00
6.430392517840589905e-02
1.468215513718685583e-01
7.139659652575665316e-02
2.216031784691285256e-01
1.635535785101392345e-02
3.468194592441807345e+02
1.040527051878555476e+01
2.913666436171036267e-01
1.368030199890967469e-01
1.289277171954532397e+00
7.851613480743922935e+01
9.307973561528340767e+00
6.178640060985713528e-02
1.000697320795839451e-01
8.274800538392908245e-02
1.626528471372834517e-01
1.245500452533917363e-02
4.190585305707598991e+02
7.821532570711109855e+00
2.331721304966070385e-01
1.593057601407231183e-01
2.525237860700545234e+00
6.779095981036617502e+01
1.024041474052105016e+01
5.511604461495852453e-02
9.546370460595744734e-02
9.143500697494810758e-02
1.379569495208224361e-01
1.258091091015150348e-02
4.010399714035189049e+02
1.030598184613612922e+01
2.700551610630470556e-01
1.449971461594931899e-01
1.672943666861258949e+00
6.378727871199506438e+01
8.673115559990296930e+00
7.487370442024689210e-02
9.373065723787570025e-02
6.721182281279960979e-02
1.644556999450071944e-01
1.720130698441852193e-02
4.076078356144301438e+02
1.282881361298452028e+01
2.489571183900452234e-01
1.694353294632974793e-01
1.418364216762196817e+00
6.961421785157739350e+01
9.404747606053389219e+00
6.608278157186060764e-02
1.091814892774379125e-01
8.632108310676535334e-02
9.323947954357034162e-02
1.671677941189058519e-02
3.822357517327741903e+02
8.870385403294228865e+00
2.926048045871795233e-01
1.419049807024893028e-01
1.435337856229286224e+00
7.087134308524737492e+01
1.047975620103197514e+01
5.527649883855844520e-02
1.415540619213653817e-01
7.648391129206348615e-02
1.203016496227870824e-01
1.765536912963345043e-02
4.051783342647071322e+02
7.916279472082762503e+00
2.572108170388114345e-01
1.703998843281346043e-01
2.217889390652694193e+00
6.882609866476107641e+01
8.697913477026956386e+00
5.783674829831879360e-02
1.149004456591726231e-01
7.932990245490161019e-02
1.351201872203575682e-01
1.258398411175703883e-02
3.949988730047983267e+02
9.232937180960460566e+00
2.866836414382427645e-01
1.595693275418123280e-01
1.827622623966611792e+00
6.969141078079728402e+01
1.057784837615188245e+01
5.529768494822916158e-02
1.186146943385565922e-01
6.647712465543333116e-02
1.807290381916646371e-01
1.814684381938043434e-02
4.115105409983520985e+02
1.187463823168515198e+01
2.323610571300116223e-01
1.690082054608109952e-01
1.320985236238629845e+00
5.860032339992577732e+01
1.223952351519881177e+01
4.792616029156339386e-02
1.020894486347970059e-01
5.366280756813718994e-02
2.072099459449785741e-01
1.795789792026951728e-02
3.873048363926987463e+02
1.064531015841427575e+01
2.262483053374473863e-01
1.364626919280679251e-01
2.528724145242985610e+00
7.306109929828535599e+01
8.701152353958569563e+00
6.552183067208809664e-02
1.146120187072227070e-01
8.702686533701832483e-02
2.213372960897571073e-01
1.715022314636490200e-02
4.274588036391205037e+02
9.004449232276812154e+00
2.450843726368748254e-01
1.780569257414961193e-01
1.677366101158013878e+00
6.437875419867032178e+01
8.789490926099498225e+00
6.776751914312814651e-02
9.551378771762458753e-02
8.211488071609802930e-02
1.320583504289978560e-01
1.684163290899964860e-02
3.895115474419176280e+02
9.167666113932952499e+00
2.240302020424125851e-01
1.458564860743132852e-01
1.790884848531784312e+00
7.974234423611837030e+01
9.206073766941916148e+00
6.183532738362181730e-02
1.182616935161052429e-01
7.729645711725167956e-02
1.362839747820759895e-01
1.872281500245946348e-02
3.397152670793196307e+02
9.391628121264552931e+00
2.667258838151148614e-01
1.338666080458487118e-01
2.032991140939095498e+00
6.133641338137569221e+01
9.812523684212935748e+00
5.857271515270847523e-02
1.651175033601910147e-01
5.622132728200761320e-02
1.906569833764449606e-01
1.333446667704725995e-02
4.197889794810420199e+02
1.117393864330163744e+01
2.668504420698463719e-01
1.260309088836084335e-01
1.810277009615088639e+00
7.131152535864477215e+01
8.359803253150419167e+00
5.255294008324028210e-02
7.414581664436890873e-02
7.174308857852138011e-02
1.695743657793082337e-01
1.680589895631361130e-02
4.089520533630821433e+02
9.200729224440987508e+00
2.467360542968222437e-01
1.286871706471846011e-01
1.549443178508906005e+00
8.070749770127153511e+01
9.682400181095278668e+00
6.744541573494211573e-02
8.946585111799339185e-02
7.118872953588319119e-02
2.303061154096885665e-01
2.013506512904030335e-02
3.529587411552300296e+02
1.267868456096478624e+01
2.495583340188062826e-01
1.461408268921626230e-01
1.756676417466128681e+00
7.129854684271550980e+01
9.909917142342981933e+00
8.514797240607578643e-02
1.215538880008573824e-01
7.417441074104767773e-02
2.012478308127270132e-01
1.446959946026318486e-02
4.378260496546743639e+02
1.233354606235698725e+01
2.721038268759289891e-01
1.848437751008050745e-01
1.024389615375119078e+00
6.182025133930220306e+01
9.181027161584420782e+00
5.276600353893379919e-02
1.477550010995709318e-01
7.747863013683078948e-02
1.628972445931018420e-01
1.873400356059536087e-02
3.424498143067073102e+02
1.500710292166161963e+01
2.592327427976834908e-01
1.344838277685777295e-01
1.933149272593823298e+00
7.701494290400955833e+01
8.667749567365580887e+00
7.697441055190816506e-02
1.442136599801955854e-01
1.029003904071017078e-01
9.118802388729337072e-02
1.863555371624294604e-02
3.955993171247027362e+02
1.688403108887028381e+01
3.408339685122858675e-01
1.399153983037695614e-01
2.030572735874105916e+00
1.008619270453824157e+02
1.488411048445992613e+01
1.062799571601784482e-01
2.200793809824271308e-01
1.304605964253093831e-01
2.340081879106588048e-01
3.602685757834694219e-02
6.661338147750939243e-16
3.342176924509401736e+00
3.783950133230539747e-01
1.555438530186109003e-01
1.930935110882565198e+00
9.925787016145363850e+01
1.376914147395735100e+01
8.152361329581495064e-02
1.036799901899574106e-01
1.274622929416619754e-01
1.732193913423568932e-01
3.126828784907716846e-02
6.661338147750939243e-16
6.946472944642590797e+00
3.757615409280008478e-01
1.626961876917795147e-01
1.570873695946768400e+00
1.028476602691000608e+02
9.354325499559108081e+00
8.930099298454680090e-02
1.388979976337657296e-01
9.624956572499393515e-02
2.252411694731477898e-01
3.281303528185038065e-02
6.661338147750939243e-16
4.444966165082159471e+00
3.466113197532163515e-01
1.741418933385976420e-01
2.719958933326282580e+00
9.125510761884078192e+01
9.036165137693236815e+00
9.688533457701974105e-02
1.337780270764065138e-01
8.619076627194278972e-02
2.221227839722674513e-01
2.973153996648180211e-02
6.661338147750939243e-16
3.149774121284190187e+02
3.163574989939230142e-01
1.214711100995168463e-01
2.160107443023830953e+00
9.064372958746604070e+01
1.239352300992178613e+01
7.052088884752814868e-02
1.950611811636875637e-01
9.684705158578087170e-02
2.882900978140860992e-01
3.292111413337972525e-02
6.661338147750939243e-16
7.129071960791774742e+00
3.648284542875080416e-01
1.950186530994182377e-01
3.449070265757316456e+00
9.096226159205346562e+01
1.248595292360076137e+01
7.435825521566702401e-02
1.543961028259645818e-01
1.111455917202714971e-01
2.361919862682831661e-01
4.007842967441019311e-02
6.661338147750939243e-16
6.179548684467038200e+00
4.004937438292954233e-01
1.463207601500477184e-01
2.316842091445806329e+00
9.587938501889186682e+01
1.076745524910945484e+01
9.751868304896588180e-02
8.988859839145536823e-02
1.041849651385977210e-01
2.011793844061951220e-01
3.912203373904762221e-02
6.661338147750939243e-16
4.342101764097808569e+00
3.675710768328894207e-01
1.323552900798387333e-01
2.435012787766438702e+00
9.153054568516230916e+01
5.934077930720166982e+00
7.134527918397455537e-02
1.207527045204268429e-01
1.010156833718867109e-01
1.739836012137957466e-01
3.715996887008925914e-02
6.661338147750939243e-16
9.695172435049666859e+00
3.273412482572987114e-01
1.495850537445961304e-01
2.537611356990782330e+00
9.832773527967150073e+01
9.444079223218412977e+00
6.882823902521421899e-02
1.020648996864242375e-01
1.294467059614567428e-01
2.598879938405698198e-01
2.432294023000279581e-02
6.661338147750939243e-16
4.520573718218831694e+00
3.196741615536632386e-01
1.544539849511085139e-01
2.305855058516673495e+00
9.541307677504750018e+01
8.538485640310964797e+00
7.958332053674124773e-02
1.293395280622356147e-01
8.625912252121423207e-02
2.942565054299915994e-01
2.438977133514353551e-02
6.661338147750939243e-16
1.520475500554716497e+01
3.773084444498525647e-01
1.484466134019831463e-01
3.514190079258166843e+00
1.011951427798450567e+02
1.405242048678119815e+01
7.263375463930819842e-02
1.503521694171450207e-01
1.016367574063181539e-01
2.317275915262423103e-01
3.371286778075873597e-02
6.661338147750939243e-16
2.129477552508367211e+01
3.115835409966292713e-01
1.638557640352344968e-01
3.420213094335614379e+00
7.685045536826767432e+01
9.543383962436900347e+00
7.024284066356460687e-02
1.520451594065974632e-01
1.087896272502870965e-01
1.836686958311996298e-01
2.093232573996456694e-02
6.661338147750939243e-16
1.194007494945750068e+03
3.925766362808925658e-01
1.420890119391465256e-01
3.502926359323497163e+00
9.842868753355348588e+01
8.868532865143102129e+00
7.413571800418418400e-02
2.800984255805458734e-01
1.104476275563754106e-01
2.215460741677597878e-01
3.344214831261219101e-02
6.661338147750939243e-16
3.813843954716244752e+03
3.723352404878430000e-01
1.386444050688534768e-01
2.435033870773537501e+00
8.958259759159071223e+01
9.731369645859400563e+00
1.171518523048255406e-01
1.055943973487083465e-01
1.180778025117540653e-01
1.993721264350978850e-01
3.963632971622682577e-02
6.661338147750939243e-16
3.634873668216160695e+03
3.718162941976863589e-01
1.348708361745317164e-01
2.439309909846095525e+00
8.710650645085145527e+01
1.022802923956383481e+01
9.155407478044057246e-02
8.996716531839508979e-02
1.133909992891707352e-01
2.660758809968882810e-01
4.294488188488093661e-02
6.661338147750939243e-16
1.569333645101176216e+03
3.791975502444317470e-01
1.203972505516162361e-01
3.652393059025090594e+00
8.246805387211965410e+01
1.129955837642260263e+01
7.990963685260132898e-02
1.052240842872727566e-01
9.236832190276657306e-02
2.822237402372476112e-01
2.895425245039521048e-02
6.661338147750939243e-16
5.025732343290469544e+03
3.508747295148654799e-01
8.735454367168579703e-02
2.358751172373508620e+00
9.053966372068616408e+01
1.423626208878723176e+01
7.000266624512088698e-02
1.033813828342565466e-01
9.703905630766186674e-02
2.440809728231231324e-01
3.833344279523018955e-02
6.661338147750939243e-16
3.184275688352525776e+03
3.887205046808160924e-01
1.779977668226278287e-01
2.493468690801365462e+00
8.856733613430624530e+01
8.861909917221092670e+00
6.222593038976851482e-02
1.469824590545538712e-01
1.066762863822200563e-01
1.631006388727283263e-01
4.007556948259374113e-02
6.661338147750939243e-16
3.428974193714209378e+03
3.925542728601111864e-01
1.693329240171811689e-01
3.809966007246223363e+00
1.103562371447128498e+02
9.914207929328131996e+00
7.946037505576462878e-02
1.947883676348838022e-01
6.174620291934441313e-02
2.028539840820010598e-01
2.836881378375683688e-02
6.661338147750939243e-16
2.990246667223146687e+03
3.784302758291442359e-01
1.114873188100905660e-01
3.316672062544010036e+00
1.058065544173220616e+02
1.114445767531509368e+01
5.966092268170690438e-02
1.008567807757959206e-01
1.139590647206197155e-01
9.394119631372027657e-02
2.952297054128762491e-02
6.661338147750939243e-16
2.908656228494724473e+03
4.961193438776164699e-01
1.193725480139382206e-01
3.979154376256237580e+00
7.873902594614321515e+01
1.255991113722422092e+01
1.145759193333928394e-01
1.068220351991507611e-01
2.227183041905514138e-01
2.469810447100675710e-01
4.715566944674127320e-02
6.661338147750939243e-16
3.047905076496682519e-01
4.904481648548472128e-01
2.014987901555340133e-01
4.505659746436659674e+00
8.648351365671199176e+01
8.671065468471784499e+00
1.005234616379830220e-01
1.848374081341541408e-01
1.640535567748603041e-01
2.190645723237114872e-01
4.143259217597625860e-02
6.661338147750939243e-16
2.681402595804607714e+00
4.703102180462893078e-01
1.516737572743527829e-01
4.935678168551168810e+00
5.941766075775092304e+01
5.844277122417817161e+00
1.066690861464648366e-01
2.209850006491750896e-01
1.543902384239018433e-01
3.169311498104543934e-01
5.053402876086996592e-02
6.661338147750939243e-16
3.269428543722126435e+00
5.083918539696944405e-01
2.280877063555900586e-01
3.531935946369411106e+00
7.299251977681532821e+01
6.202956213748398007e+00
8.843434066878258504e-02
2.884527355821870365e-01
1.718954583957344462e-01
3.164247903534291861e-01
6.227676651132459801e-02
6.661338147750939243e-16
3.119075643419531030e+00
4.466963537438101151e-01
1.734254656101940351e-01
4.977176292488646681e+00
9.151668246574264742e+01
6.902220009869967754e+00
9.722102811327434924e-02
2.111245886456212528e-01
1.765421175475649640e-01
3.203058865909234609e-01
6.971410722201415444e-02
6.661338147750939243e-16
1.022788762781684291e+00
4.430976893419230067e-01
2.002831259069588199e-01
4.068843585413919328e+00
6.887742163768710668e+01
1.345103293150769908e+01
1.317557332707643969e-01
2.689929035849868422e-01
1.743519456793644895e-01
1.725345772745893458e-01
6.228604168266984459e-02
6.661338147750939243e-16
7.058963100180896788e+00
4.518314777927386339e-01
2.432534073178030942e-01
3.827487596989174623e+00
6.530193740712576300e+01
7.155692469180375603e+00
6.163224436452374722e-02
2.676986921751771664e-01
1.890896332779351263e-01
2.558336259617758346e-01
6.556378066739072807e-02
6.661338147750939243e-16
4.394928657584292964e+00
4.428682948200101666e-01
1.712944876160823193e-01
4.145334542448407156e+00
6.775551667896708352e+01
7.243124024625881674e+00
1.063351905434004874e-01
2.290799649815843109e-01
1.763705417087980676e-01
3.875536828087918773e-01
5.501600605960482032e-02
6.661338147750939243e-16
1.100627490802814457e+01
4.753429975230367144e-01
1.151999908073052664e-01
4.374564818735654725e+00
7.029958229474908649e+01
1.150616484839563824e+01
1.185406441350400353e-01
3.357814726912378700e-01
1.111279344957220444e-01
2.150934406533413501e-01
6.372356907059339992e-02
6.661338147750939243e-16
6.106187748414391159e+00
4.519696890926338528e-01
1.678172697895534971e-01
4.177920550953433398e+00
5.571719362316246560e+01
3.873056205138654118e+00
9.052668924858693622e-02
3.568517410127725609e-01
1.994519769624270300e-01
3.042545218287302511e-01
5.229817633484949713e-02
6.661338147750939243e-16
4.491995841107380372e+00
4.690270773545084926e-01
1.463964254666253184e-01
3.926279061430133499e+00
5.329917724082899610e+01
1.108779620944615196e+01
7.909895408195313782e-02
3.035621388630083128e-01
1.577348313824407100e-01
3.993714080768362429e-01
6.138449150791797093e-02
6.661338147750939243e-16
1.758811277101806958e+00
4.832102659950701096e-01
1.670004116694543961e-01
4.291171531004601469e+00
5.624671888751444726e+01
8.444309577980268600e+00
1.268955758854151128e-01
1.132212640877478943e-01
1.551360968918675254e-01
3.563980389655202474e-01
6.933497491172313509e-02
6.661338147750939243e-16
1.693222765573867505e+01
4.578415519608165507e-01
1.852842798748347009e-01
5.218296096622077052e+00
8.505663715224436316e+01
8.915483523353115558e+00
1.419837354760901393e-01
2.284081642844905669e-01
1.432581767009783735e-01
3.308257214998324147e-01
7.712286053725493640e-02
6.661338147750939243e-16
3.515658258581688678e+00
4.392854817813053869e-01
2.293599473295229729e-01
2.900404999594258904e+00
7.316532038530205284e+01
1.130189953463488450e+01
8.347254566384873509e-02
3.912290817716413960e-01
1.560715020202375902e-01
1.765996219241242893e-01
7.840073124788675407e-02
6.661338147750939243e-16
2.101607033768510213e+00
4.733306108936721213e-01
2.476132030695236963e-01
4.135625367047054191e+00
4.859153616011131049e+01
1.058673412372959710e+01
1.135097625374622832e-01
1.558289202341466007e-01
1.485303105109476163e-01
1.744910532315681051e-01
5.820143140055802217e-02
6.661338147750939243e-16
1.728213198915484972e+00
4.765319977272645668e-01
2.055933330673905546e-01
3.836911535774685245e+00
5.856613601933588598e+01
1.294679011814094061e+01
7.966808294091319576e-02
2.535131185550590360e-01
1.915879161859808111e-01
3.991064675419819796e-01
6.862857748702157201e-02
6.661338147750939243e-16
1.703276185094366069e+00
4.779307286430529711e-01
2.230671283096880286e-01
4.027517613848434763e+00
7.115435945014161234e+01
1.319402541500969939e+01
1.818254810772587937e-01
1.783481159615019351e-01
1.449719660093137519e-01
2.429747708319508759e-01
5.268457036609898447e-02
6.661338147750939243e-16
1.593113498567282127e+00
5.301311622207652841e-01
3.063649847329475984e-01
4.090042629539481389e+00
6.355440291224989124e+01
1.381437296548110183e+01
8.277686626067448650e-02
2.967416415211132641e-01
1.398455057965752035e-01
1.350756557864881413e-01
4.009153988243614047e-02
6.661338147750939243e-16
2.514028342087527790e+00
4.669237205271135616e-01
1.634208980643087616e-01
3.498751473282053048e+00
7.543489137452330340e+01
1.087842096908927481e+01
9.655372600217693169e-02
3.012629174728410075e-01
1.600085831316362950e-01
2.392728298267680354e-01
5.382393249129719531e-02
6.661338147750939243e-16
4.849661822669829370e+00
4.207093685514409764e-01
2.055181792682371777e-01
4.630898297889634030e+00
3.862631957309756103e+01
3.721646495821987255e+00
1.133983246204448153e-01
1.615807532403565339e-01
1.322505877113458739e-01
2.985035387279582619e-01
7.547693889957922397e-02
6.661338147750939243e-16
1.602424814000215036e+01
