1.958367977037137400e-02
2.697442379985477007e-02
3.916042745699652161e-02
3.085292071485386256e-02
3.888166709357828571e-02
3.908272180496044634e-02
4.838601743778975228e-02
3.956456304001083890e-02
6.713370821506328689e-02
6.526221683258127959e-02
6.866895356424643215e-02
1.020795395306599990e-01
1.100384430000311137e-01
1.152008779296935514e-01
1.155687642969189521e-01
1.640814963293111273e-01
1.591373835527334080e-01
2.175598650974163994e-01
2.815898296869865924e-01
2.676552080797564015e-01
3.100337799367921532e-01
3.824197475368258381e-01
3.682988420405675645e-01
4.470838250525916435e-01
5.148749556240629355e-01
7.720738766650205864e-01
6.504456755467808993e-01
1.152079152549538854e+00
1.163250479812654614e+00
1.660455910704631943e+00
2.966582586184086587e-02
3.111849345268219783e-02
4.083106654349294429e-02
4.087838530093074879e-02
4.821008124616775470e-02
7.848591206490683481e-02
9.655779226340538424e-02
5.106342606349268537e-02
8.971761775796625871e-02
1.066078461369776020e-01
1.335623422458600829e-01
2.753739046330215823e-01
1.636046178004762208e-01
2.062797697404253616e-01
2.354604997182563331e-01
2.690532770525844164e-01
2.543984638706247581e-01
4.677252149496462508e-01
5.705679173948894345e-01
5.985376335132334136e-01
7.849639825802366966e-01
9.946654917321183786e-01
9.287954127079518507e-01
9.895781302518321665e-01
1.031895864954452957e+00
1.780626388780438774e+00
1.473757075965674179e+00
2.312947692588865678e+00
2.498115656925448125e+00
3.638074517873143066e+00
5.713032544371386690e-02
4.810074066322930775e-02
6.257153692365954867e-02
7.122702584076527621e-02
8.085329004381365536e-02
1.098257233436640695e-01
1.634722208764868290e-01
9.835180014703019669e-02
1.465067131631243857e-01
1.931127309807674219e-01
2.977355171716080107e-01
7.326811445583610860e-01
3.393018853977968763e-01
4.043651703999249225e-01
4.659399413991483496e-01
5.577818131407092928e-01
4.684957383276009968e-01
9.704539856457807812e-01
1.093774663089680521e+00
1.654289021755140920e+00
1.613115485954377704e+00
2.102060581302053421e+00
2.066080091585253964e+00
2.137577259302363863e+00
2.076773675364804728e+00
3.424339011583648951e+00
3.288978724437249479e+00
4.252787949486025454e+00
4.785841985041594526e+00
7.052793948662285928e+00
1.024974951256104050e-01
9.612511498176151692e-02
9.315983111999097399e-02
1.334732885749606857e-01
1.435398340760978275e-01
2.493475064752966319e-01
2.444989074690934183e-01
1.610728110112699119e-01
2.518437601754243693e-01
3.638865670674450992e-01
5.501311437188622921e-01
1.481870649151591168e+00
6.170846307916103557e-01
7.111380710922257098e-01
8.336348501249016829e-01
1.066043921334801858e+00
7.834403806564619321e-01
1.782464031866961562e+00
1.890380779505957065e+00
3.283956579695792133e+00
2.899212572176832925e+00
3.653173867138310271e+00
3.775461021041530696e+00
3.586682787897268021e+00
3.528660440354889793e+00
5.450884902645127816e+00
5.354012201849590369e+00
6.510328172617888320e+00
7.556312651669501612e+00
1.066706170819168520e+01
2.269600447916798047e-01
2.426386236134181196e-01
2.425464974083958447e-01
2.995520915730116585e-01
3.008472511732250831e-01
5.951526655320866777e-01
6.913023663622170911e-01
3.966337559313586891e-01
6.588385120064127465e-01
8.773174377028895021e-01
1.143600847751474525e+00
2.914156090546573097e+00
1.351642819422324004e+00
1.585236520988886344e+00
1.726077706989872507e+00
2.226401448408323436e+00
1.699161950357519046e+00
3.695909729815864964e+00
3.738704690901025973e+00
6.436832608851060122e+00
5.540579833625185913e+00
6.779577835754236226e+00
6.844667050480364168e+00
6.612953143316962823e+00
6.405397550841719578e+00
9.537441228210045807e+00
8.775836697524381336e+00
1.034514199279443325e+01
1.187536724538974120e+01
1.511961980079942514e+01
9.842963054289624036e-01
9.803385969365754349e-01
1.042161391094800882e+00
1.329500268714099764e+00
1.450118925880297560e+00
2.016296210273514244e+00
2.397890424893808436e+00
1.807163862818178535e+00
2.454426564678323874e+00
3.190145568157655376e+00
3.988926967736803775e+00
7.256468624281917634e+00
4.264417743588204246e+00
5.143230061834627165e+00
5.623170164508325186e+00
6.327391704998943212e+00
5.659760754988893972e+00
8.626898441375928428e+00
9.582339621893144255e+00
1.060039070885910562e+01
1.086497564691282136e+01
1.082852894690861767e+01
9.550331501701379011e+00
1.034349007984164892e+01
1.043646249952476168e+01
1.325649852481472557e+01
1.066158793440729013e+01
1.243710050021047842e+01
1.361912124833547644e+01
1.335827597493276642e+01
2.594680225580481281e+00
3.295880457323576262e+00
3.650788952592746384e+00
3.306918674540244130e+00
4.523790623183955084e+00
3.761029819273226771e+00
5.489904620368245780e+00
5.974958272075257426e+00
5.124485223937933931e+00
4.596501381970186983e+00
6.583642039144745439e+00
6.489106577791593722e+00
6.275125074778983958e+00
8.172633049373972725e+00
7.824787187523695842e+00
7.185691418087755800e+00
7.473754863300185569e+00
7.686765360387203927e+00
7.487084519233689228e+00
4.691545134441550857e+00
6.130659679974118426e+00
6.754155338804316067e+00
6.860558216785536345e+00
6.518567662197194856e+00
5.184236895851731752e+00
6.037733069580513146e+00
5.387351397778463280e+00
5.207829042125801777e+00
5.587172212835770146e+00
5.319859860036554089e+00
4.334815056861919480e+00
4.216173999177486920e+00
4.224661796417645832e+00
3.937431294795298520e+00
6.408767197572012186e+00
5.181223100672555759e+00
6.701133715729277185e+00
9.110010090213956246e+00
6.675730365399026311e+00
6.222860945581860648e+00
8.289700448653002596e+00
5.981880063962580429e+00
7.569566629553697190e+00
1.063684068777627623e+01
1.009749949039811590e+01
8.701280692528207794e+00
9.094366114783991151e+00
8.488307715855496483e+00
9.142522858666593422e+00
7.109806380664214664e+00
8.003040418810121182e+00
7.423464216743680844e+00
8.946984846972622307e+00
8.687084968656179740e+00
7.545431470478320080e+00
6.648601439827087844e+00
6.609118426671291679e+00
5.769356667675474171e+00
6.472736330098719293e+00
6.151367523153570716e+00
3.070720541019486216e+00
3.982934286521978340e+00
4.793192211390258528e+00
4.339036802629855138e+00
4.779830766172940670e+00
4.845804273360783121e+00
5.578367496159271077e+00
5.936764496117814538e+00
6.218307903488365262e+00
6.648346570897303742e+00
7.729621492868712807e+00
7.404329654599343336e+00
7.501874773449397793e+00
8.610850250684206841e+00
9.607515189066280215e+00
8.659028644941679786e+00
9.252233608609524040e+00
9.010761996553696918e+00
1.003329176612970564e+01
7.169455038354005438e+00
1.054175460075690829e+01
1.105400928874490774e+01
9.811829463586443367e+00
1.068017182352864047e+01
1.038085750646830618e+01
1.129653696157035370e+01
1.155191403890675872e+01
7.699344297568651463e+00
9.109081607414259096e+00
8.789911200283114567e+00
1.215983476759946225e+00
2.201269828785010318e+00
1.525005763466932507e+00
2.098128924197258716e+00
1.838538392241849451e+00
3.389469975005273916e+00
1.982014971200031672e+00
3.183807722598772205e+00
2.710385471973757010e+00
2.004562546195677530e+00
2.553055638873741096e+00
2.606425192158655424e+00
3.164382853265630402e+00
2.364371550396660915e+00
6.080784771167178526e+00
2.968111758142656154e+00
3.934605119512155191e+00
3.848422056923528789e+00
4.167402708027275082e+00
6.144473421078622266e+00
5.282547325445177577e+00
5.710719238578671586e+00
6.763774576496961899e+00
6.261268109977796037e+00
6.708461311754263967e+00
8.758443678295627421e+00
9.220310195491704164e+00
9.482045276159755787e+00
1.036588405966970861e+01
1.036841992699276283e+01
1.662689399465217654e+00
1.580181080621522627e+00
1.850539061334533608e+00
8.223269983693966001e-01
1.303145403158517679e+00
1.850902393907657206e+00
1.341837462768348699e+00
1.683066912843322216e+00
1.883945626266486206e+00
1.913512345550504312e+00
8.194367223279616086e-01
1.183442459340382946e+00
1.251836851964687858e+00
1.220148348255144954e+00
1.029045342124882634e+00
1.864033700042837749e+00
1.412374292791592767e+00
1.552699940001586842e+00
1.720666319245158560e+00
1.628592229431540472e+00
1.142355992857059910e+00
1.650094841672824941e+00
6.130608877752800057e-01
1.804148910583643461e+00
9.383408322371824539e-01
1.449569364548491501e+00
1.437314835589958983e+00
5.890652621654683951e-01
1.816607471303989030e+00
2.107521204729302156e+00
