1.495216127725289557e+00
6.211439645474582383e-01
4.020705052136808177e-03
3.176883541638523525e+02
5.292090251624206587e+01
6.254052203447324487e-02
1.553354319868471833e-02
1.157110785921033752e-01
7.254040973536657333e-04
7.153678349691716676e-07
1.062716288750285898e+00
4.693381513008576533e-02
1.453459195184391373e+00
6.218070604079684038e-01
9.713213959483546489e-05
3.301737677915276663e+02
5.341898327019829651e+01
7.480912633782921262e-02
1.197522576610432488e-02
1.146798134266546754e-01
1.094519611222199984e-04
2.399886278592333611e-07
1.010543097570077764e+00
4.627263005385928024e-02
1.399956384091610939e+00
5.403797795869702547e-01
1.551745253702829785e-04
3.274700085568297254e+02
5.291449657467945400e+01
7.241430503537760188e-02
1.636595117703643076e-02
1.119225264898615485e-01
1.642341229887156473e-03
2.905076124104510882e-07
1.014498216411262588e+00
5.312395433022094188e-02
1.502488306577943744e+00
5.590846480845257371e-01
3.171214536890065716e-04
3.379233675272991491e+02
5.203532425201994727e+01
6.777829420082759349e-02
1.035023100203202873e-02
1.153191305998090832e-01
2.297757525537846846e-04
3.377779300706151844e-07
9.637805886242299946e-01
6.483115782337607602e-02
1.449671279428707660e+00
5.916014515350999092e-01
2.342502949947977697e-04
3.233509523723507755e+02
5.493578610337061008e+01
6.489994062855442003e-02
1.289144644853634780e-02
1.157999919099061831e-01
5.657502186395824140e-04
1.943655625336049297e-07
1.016237477272698975e+00
7.138666255421095841e-02
1.464054364163533295e+00
6.330194544034197790e-01
1.223869895072837721e-04
3.176011207973231194e+02
5.050230367562686951e+01
6.488893626019232030e-02
6.683909441631552539e-03
1.081731810926100934e-01
7.051150128389860328e-04
2.645696195457958311e-07
1.024906783348279227e+00
1.041185617073493719e-01
1.429403754159049855e+00
6.301297961585805574e-01
3.957010188482268376e-04
3.299378902820133135e+02
5.476772516032686156e+01
7.101429988885521460e-02
2.872937796150054623e-03
1.172291217423393483e-01
2.773191825178322745e-04
4.692587614041343613e-06
9.867310222142146037e-01
1.413268924103103230e-01
1.469540307567574144e+00
6.248115868147917640e-01
6.712916817219749532e-04
3.290094378117181009e+02
5.805137457917797406e+01
6.772252421488822449e-02
5.194910972803334914e-03
1.196834881650987864e-01
1.339308671510774928e-04
6.298440879959343874e-07
1.050607695223542359e+00
1.965451257905634352e-01
1.486720187274642946e+00
6.246754338111891736e-01
4.031425231720842106e-04
3.183142936497821438e+02
5.623628434711915958e+01
6.623133873142172945e-02
5.702483522805890104e-03
1.084887407772972129e-01
2.063147242592489050e-04
2.791742503838179346e-07
1.001421029683434716e+00
2.462907003289597774e-01
1.484666833795091456e+00
6.101113469428564029e-01
5.544344873897877335e-04
3.300844555231961408e+02
5.426542940502758938e+01
6.536821683493787560e-02
9.524999534460398820e-03
1.065917378578429414e-01
1.483856232009639342e-04
3.568122874941792588e-07
1.057853574525344342e+00
3.501469597602800965e-01
1.473970566505896862e+00
6.092493581703829486e-01
9.156391749598480345e-04
3.239993989405356274e+02
5.391109845167112269e+01
6.519698365142989616e-02
9.317502976913250023e-03
1.012660993350888994e-01
2.058434455376456640e-04
2.549554900532768897e-07
9.964547663453195980e-01
5.129009335268259751e-01
1.438821624489765805e+00
6.299956648989201158e-01
1.687503545266810789e-04
3.011142917546107469e+02
5.848712798560950432e+01
6.782323681632784762e-02
8.574871261666228150e-03
1.222462863213069489e-01
4.322244158949661852e-04
4.857503843602728466e-07
1.022935250932955231e+00
7.437795653126481055e-01
1.550168878304898579e+00
6.504840246359155920e-01
1.184414299638669732e-03
3.227622749000060480e+02
5.667442207807460619e+01
6.449666740456994063e-02
8.401474645376438843e-03
1.270223667773540122e-01
2.908125014711160361e-04
1.555568530653417270e-06
1.018931704072483457e+00
1.072487392229780179e+00
1.430657672097529254e+00
6.475349779672491257e-01
4.465025633504371427e-04
3.300640828351063192e+02
5.410408654717279120e+01
6.183778334023393164e-02
8.248791987668369075e-03
1.166186504834798160e-01
2.737758539961276938e-04
4.035533163193605333e-07
1.051364182643445666e+00
1.581247900764116698e+00
1.503157423831624095e+00
5.965451641713180875e-01
5.321854315332164020e-04
3.273624260253192233e+02
5.480515075389133983e+01
7.223966174203177992e-02
1.130374674936374113e-02
1.125761489505172769e-01
4.061173269720441681e-04
4.143474019446813372e-07
9.941014242745024321e-01
2.309524002690018118e+00
1.468948619957096247e+00
6.002852869854491402e-01
5.059884820013405005e-04
3.371434956910701999e+02
5.460481537032787713e+01
6.507276776221870840e-02
1.079788756211397249e-02
1.102995166323450654e-01
6.002560977225179784e-04
5.255000878889859450e-07
1.007693343601581804e+00
3.396092871311283456e+00
1.535387644369624160e+00
5.625631720522383805e-01
7.321409824401214905e-04
3.200423183615135940e+02
5.489666826805564881e+01
6.581074831955802118e-02
3.284749481486937128e-02
1.166719413042438258e-01
8.926844712964232542e-04
4.188869844323761527e-06
9.697175716201423823e-01
4.987294228244433469e+00
1.537468790587852574e+00
6.415632152837045243e-01
1.412217134297732990e-02
3.326077021522797281e+02
5.847873724223934033e+01
6.756961461504285005e-02
1.956453345643094366e-02
1.307431553310300643e-01
3.136699437283896330e-03
1.531423046152724510e-06
9.700605249703764255e-01
7.348708042304206600e+00
1.499535686686042091e+00
6.239086686548787064e-01
8.980215712095507286e-04
3.157725547331136227e+02
5.552771857723264759e+01
6.650428644702666148e-02
1.169587110073644354e-02
1.187719957640953755e-01
1.444722487780936149e-02
8.206838130297988698e-05
9.313032308372592993e-01
1.078334456783162132e+01
1.501144276114093623e+00
5.730230438409500415e-01
4.860860972111247236e-03
3.220751571132672098e+02
5.522481208391647556e+01
6.548535448002046344e-02
1.790263510546008519e-02
1.212156065832903223e-01
1.416487676724975664e-02
5.811286168277973729e-05
1.027671521929207632e+00
1.588100456642134617e+01
1.381041618190290698e+00
4.967063426120132963e-01
7.809385242141253514e-04
2.687666242611548455e+02
4.246983474838755512e+01
4.845805764503774427e-02
2.913768237559066776e-03
9.736070987888308104e-02
2.675894503078035669e-03
8.679205754091867675e-06
1.054495600030709079e+00
3.796277581557075398e-02
1.340772705863468195e+00
5.108226700509301832e-01
6.622987589444129242e-04
2.778834117251939233e+02
4.222907358280563983e+01
4.856930168267048487e-02
4.674596539858688615e-03
9.421158457189605928e-02
4.233395896147129633e-04
1.597027194932820748e-06
1.003411931074013053e+00
3.962514963377836152e-02
1.300796175289603784e+00
4.551323383842118542e-01
3.779949610260846526e-04
2.734415359887653949e+02
4.152242009079170515e+01
5.380861619771359905e-02
4.691677158344953469e-03
8.572496878309632251e-02
5.521210357684047665e-04
5.208235576148467771e-07
1.007786659306707744e+00
4.387439745887392051e-02
1.405920793204676666e+00
4.466543577374127993e-01
8.841435193718272245e-04
2.795885343264296807e+02
4.135213615683598931e+01
5.384074990089637858e-02
2.857132217127800189e-03
8.916192887268191425e-02
3.435250210093165890e-04
3.312991766479811417e-06
9.568226900010169400e-01
4.788458650528301663e-02
1.333957387793968552e+00
4.959130969549261914e-01
2.173948474715192702e-04
2.759564155699565617e+02
4.167720498591080514e+01
5.019820099887106757e-02
5.916369243628150087e-03
8.764770473724371735e-02
4.802635032719049235e-04
8.994552125329846604e-07
1.009242923494892308e+00
7.275455564708512013e-02
1.372798327820627939e+00
5.049235941567897790e-01
6.681258312389859455e-03
2.659499001611147833e+02
4.053834802375445889e+01
4.937114767781691782e-02
1.820403040498907998e-03
8.294115467106454032e-02
9.403031750587764748e-04
9.765356325686092021e-05
1.016351170972190854e+00
8.706527477128470083e-02
1.321691801875906735e+00
5.152976764723572467e-01
1.047102582448777852e-03
2.799799762421561695e+02
4.280278458728585633e+01
5.086376142158455238e-02
1.128639742466241991e-02
9.285148875591288375e-02
2.581784929261976558e-03
6.629148944226059825e-06
9.795552475859368169e-01
1.208925092949962032e-01
1.371110747265137597e+00
5.073654343860465321e-01
1.868045531775441859e-03
2.706447793743694206e+02
4.585372281401701144e+01
5.475695171848316001e-02
5.785304629069010218e-03
1.005249790307893715e-01
4.565084465990576490e-04
2.250825847927018231e-07
1.043064312529982995e+00
1.732241507519083346e-01
1.371578001303240368e+00
5.176384640542707194e-01
6.460711097067139974e-04
2.690639829344823397e+02
4.288199580085331064e+01
4.967564133467328169e-02
4.892539311851518136e-03
9.720353896378376712e-02
4.986819697883060343e-04
1.369043202137376625e-06
9.922960912397477129e-01
2.529357173165894812e-01
1.372535871150539544e+00
4.854825836054333377e-01
1.158695753750160762e-03
2.779740134024119698e+02
4.200714991774452045e+01
6.157263656998757106e-02
3.058377165973125145e-03
9.226760764580956009e-02
4.850791734608561612e-03
1.134935365687539388e-06
1.049238514533327393e+00
3.509206500900413084e-01
1.371226616545843324e+00
5.009149293463365238e-01
1.913195859074567906e-03
2.730934601903011298e+02
4.177119082007340012e+01
5.246507621590179582e-02
5.471254373347056443e-03
8.869302371248943828e-02
5.707856181591530742e-04
4.783317331114034232e-07
9.878211811703785372e-01
5.058254382078568590e-01
1.323571612868127634e+00
4.910672000599258791e-01
2.693584621173972238e-03
2.551675748243071666e+02
4.588821362438632434e+01
5.810386568023240272e-02
5.163554906787437560e-03
1.003755071850076785e-01
1.135229803792547898e-03
1.202707730074692449e-06
1.014025071194307737e+00
7.375358048880776840e-01
1.412074762131859895e+00
5.175056013991998771e-01
4.234722822094028061e-04
2.796965685645667463e+02
4.451341494294677403e+01
5.123060784544497537e-02
7.343925012692764653e-03
9.868314473525874320e-02
3.141046952147563687e-03
2.387634021605578027e-06
1.009590990685103495e+00
1.078721996486563306e+00
1.332296580005547071e+00
5.024541595152909323e-01
5.335379846793664171e-04
2.760413047360714245e+02
4.223463350043375897e+01
5.641028996028585318e-02
5.307229032851523698e-03
8.727275575535875518e-02
2.964427847547135286e-03
2.072264913000054776e-06
1.042215249368980468e+00
1.569299938021836649e+00
1.394508959072034981e+00
4.944757037814283551e-01
7.566028650651812626e-04
2.751132526740476010e+02
4.265084457066381418e+01
4.792390975179028345e-02
7.121395430438326457e-03
9.886407038126819591e-02
7.002008657963632032e-04
1.467781883812691035e-06
9.858164601322618736e-01
2.301089245405487205e+00
1.365356279102768911e+00
4.816582875051246271e-01
1.234012651085691914e-03
2.813130066765291417e+02
4.242025135384538714e+01
5.943799242573932773e-02
8.305342576944152455e-03
9.626346116853870538e-02
1.807318410809166664e-03
2.005830135320962881e-06
9.992116087649484113e-01
3.388408065405778657e+00
1.437855438312004352e+00
4.628733632950664534e-01
4.571077050564698041e-03
2.623983982994652138e+02
4.209219387113161304e+01
5.380290727214798174e-02
1.447259088091956691e-02
9.806049732609459224e-02
1.445429299515854638e-02
2.016025040241231636e-06
9.629794746341601153e-01
4.973167732755792159e+00
1.432203152314319494e+00
5.218119963104728143e-01
2.154809923314515707e-02
2.778245861295690133e+02
4.566910673052257152e+01
5.585956997093188825e-02
1.078984841879626622e-02
9.884551920169017125e-02
4.249533123557025505e-03
4.210899581247318224e-06
9.638416061973690274e-01
7.321193268355544959e+00
1.383663135406818290e+00
4.929088896934131214e-01
3.492398172068034157e-03
2.702750468879354457e+02
4.381614004574863230e+01
5.393879599912332345e-02
1.947215329327289801e-02
9.415733805397512313e-02
1.226026381056510850e-02
8.590350020210024695e-06
9.228954800564812544e-01
1.077340740281495357e+01
1.401866240049083334e+00
4.583547838183943401e-01
2.251749094137611706e-02
2.710913179869475016e+02
4.211943446670392177e+01
5.203229137087039824e-02
1.722959996684370054e-02
9.471711851669840920e-02
1.510226063210606817e-02
1.989796626311601813e-04
1.019952203572299432e+00
1.587052584625209661e+01
1.302560270246656771e+00
3.714775427082462889e-01
5.694971806269322201e-03
2.223151453197542651e+02
3.125631970327339459e+01
4.658419659160584203e-02
8.812387549318456692e-03
7.105694408237606119e-02
1.639694800961710719e-02
1.918960561897442574e-05
1.050057875886193370e+00
2.835840690871451603e-02
1.268752305523122237e+00
3.865631297321515114e-01
2.024557977277074983e-03
2.282145637885849965e+02
3.163899737856916872e+01
4.177113946971400260e-02
6.654627353345210494e-03
7.260448457618973173e-02
8.174895301115148172e-03
1.429441332190251046e-05
9.986936791898740617e-01
2.573347776711501500e-02
1.232224237107205633e+00
3.500019438501988933e-01
5.928178945876494410e-03
2.214655739569981847e+02
3.092560409800865173e+01
4.570672587649982077e-02
2.694919453687383282e-03
7.459450282858104408e-02
2.905042249755629413e-03
9.684225574790872315e-06
1.003916100386731403e+00
3.372849853522463109e-02
1.312061595421250892e+00
3.425923164182076430e-01
2.679788398832760876e-03
2.378747353711980850e+02
3.022097702099281236e+01
4.395135443991171620e-02
6.324156571408945382e-03
7.429888719761135185e-02
9.638960532651896784e-03
8.908518476458127111e-05
9.522214273624796110e-01
4.970602368567456075e-02
1.248033284125649400e+00
3.650163463736635361e-01
2.053907198363846831e-03
2.322501299376033046e+02
3.197485741659865255e+01
4.484946438366055332e-02
1.035807320003523380e-02
7.685732339131612356e-02
4.844638181973337510e-03
6.234213774103380956e-06
1.005145273566965258e+00
6.047800144178790138e-02
1.295918273564693468e+00
4.011076869384866406e-01
3.230313917946814328e-03
2.182013796765644997e+02
3.033266638361551060e+01
3.794342414110585260e-02
6.288241113781012359e-03
7.145316598583306700e-02
3.522031107707768172e-03
6.342162245376314900e-06
1.011676131984595717e+00
8.601637220249613858e-02
1.244197070258938886e+00
4.236982180901116557e-01
5.762955756707377475e-03
2.287450385570850528e+02
3.071567825122001238e+01
4.015897728756212537e-02
6.767306145113449745e-03
7.635875311935991228e-02
8.177048740727332898e-03
9.817077594176382149e-06
9.751532373193214642e-01
1.172821626038424853e-01
1.277402715661561050e+00
3.865342394859028752e-01
3.002441367344621526e-03
2.227898217762221122e+02
3.554068546847498311e+01
4.037915930493629624e-02
1.018150086255720232e-02
7.520920204151848587e-02
3.090219619302780885e-03
1.666506006525736439e-06
1.039461175447678798e+00
1.633710623098561798e-01
1.289254274484448182e+00
3.979433633824769334e-01
2.218477293530751737e-03
2.244273501520369507e+02
3.211152355010724335e+01
4.335559564522695197e-02
9.073937293144762606e-03
7.202902706281766321e-02
6.669649972207425392e-03
3.429167655055742614e-05
9.884730982704533764e-01
2.373597383057493015e-01
1.288201728501653376e+00
3.758805160075152085e-01
4.954776125071225223e-03
2.306089586402515010e+02
3.222083636004440166e+01
4.682823473820429960e-02
1.039416539973192499e-02
6.415639577968423879e-02
4.091407330066854087e-03
2.570558732872818553e-05
1.045056051776468875e+00
3.415352747040472092e-01
1.298680473487201281e+00
4.187321702053681260e-01
7.389797466793579517e-03
2.178859631738610574e+02
3.066044031758967492e+01
3.737747241374322904e-02
6.521937495003182761e-03
7.348854320890385594e-02
3.749660084146899663e-03
3.012545593428228585e-05
9.841822023583125523e-01
4.993443966864620776e-01
1.234336562007750659e+00
3.928089714850214187e-01
6.160644958457250908e-03
2.122926708607293449e+02
3.377257809546845380e+01
4.242266793978544115e-02
1.233958639054288930e-02
7.836300886959635115e-02
8.533042680103353206e-03
9.881955521651164531e-06
1.010723645936008053e+00
7.278773600267869348e-01
1.316342065897800673e+00
3.824318903704770900e-01
2.089562656762966597e-03
2.349963183035813472e+02
3.402172589160024785e+01
4.504176059723530301e-02
1.833611206425778128e-02
7.035871659907821929e-02
3.117704434310031303e-03
1.862811737085579011e-06
1.006402799018571992e+00
1.066248462626981475e+00
1.234781430769383626e+00
3.957102437878768919e-01
6.499543452733735904e-03
2.323108004727171192e+02
3.186168818150903448e+01
3.833017236902547253e-02
1.028908874486811342e-02
7.258366723490672356e-02
4.729853566969310918e-03
1.655243538678519144e-04
1.038098971721840291e+00
1.566321868891770164e+00
1.299671679293421311e+00
3.766470504860308655e-01
5.214565550201166744e-03
2.283719880689337174e+02
3.225296501371007452e+01
3.948799434051575297e-02
6.740996035875523873e-03
6.914003500051002504e-02
1.099217281697484339e-02
2.734563122608335561e-06
9.823928778470529810e-01
2.299656044627866880e+00
1.290831865039122617e+00
3.574019858552756612e-01
3.684905282578254671e-03
2.309845035625874630e+02
3.277523452365110757e+01
4.503687380797205542e-02
1.171932027963173972e-02
7.257425153014196439e-02
5.387047394189714566e-03
6.116445155912586529e-06
9.951908781024932926e-01
3.373153114373832473e+00
1.344473482837585498e+00
3.788329166833803163e-01
4.263956350141206997e-03
2.208300007353432761e+02
3.139356295951119691e+01
3.718908718212010633e-02
1.717705211734976700e-02
7.346433217667147630e-02
1.735658033133802292e-02
5.508629725703428903e-06
9.594953779678703221e-01
4.959439410312747043e+00
1.335116886178187023e+00
4.166978135523147775e-01
2.086938565402873813e-02
2.347962244472579414e+02
3.322879580966291257e+01
4.033845308214045744e-02
1.476727433159630287e-02
7.511454896955371829e-02
2.244702447506741194e-02
1.371947167538856149e-05
9.603009803771536124e-01
7.311589549292048851e+00
1.296481506247373572e+00
4.032786651705477232e-01
9.012684527178738136e-03
2.188205053270555140e+02
3.239351186407195371e+01
4.199085567452853773e-02
1.738632477432666690e-02
7.933995577268038168e-02
1.985416769768821865e-02
4.479928754630435606e-06
9.191689995562627447e-01
1.077258852371109654e+01
1.330008355355817518e+00
4.070717359272403302e-01
5.036072548171177665e-02
2.215334298041388763e+02
2.811470126610301890e+01
3.220602470145106366e-02
1.659653343781708479e-02
7.912046924347548860e-02
4.532664677704190126e-02
1.578455812056844820e-05
1.016452798075196062e+00
1.585174441870860562e+01
1.260378793545640086e+00
2.993865547423835149e-01
3.578207514451592353e-02
1.779121007349248202e+02
2.431655138663901283e+01
3.294986403999056179e-02
1.318899218948677010e-02
6.608105304720557349e-02
2.575239773313198199e-02
3.207713261010880501e-05
1.048850417059125517e+00
2.217459202845961652e-02
1.216199641955739041e+00
2.883352261648585713e-01
8.728395584388648487e-03
1.952043253109471266e+02
2.451340409785762020e+01
3.870336862520029619e-02
1.352492332092558591e-02
6.415241383661784980e-02
1.502297342604208552e-02
2.999201086595348897e-05
9.967613753336845850e-01
2.270903766161968748e-02
1.167886249288948575e+00
2.743105529771585060e-01
1.788087285207295984e-02
1.917098739287810645e+02
2.493324356001682318e+01
3.357982771251100118e-02
7.595769582600109260e-03
5.858481364182543949e-02
6.553937884731242391e-03
3.561871965040985799e-05
1.002282389642894511e+00
3.650034827545327321e-02
1.256721867492410549e+00
2.584545616793886835e-01
8.584454058193635717e-03
2.040830569022839995e+02
2.326422171758965263e+01
3.652868919721830032e-02
1.934396431661378202e-02
6.257247783781005879e-02
1.772698752715129444e-02
2.149179940458267879e-05
9.508733859194407056e-01
4.560543054873576752e-02
1.199958336059432584e+00
3.007517768067746733e-01
1.074550516169003878e-02
1.957476434727272192e+02
2.358945625287653414e+01
2.986839106874139560e-02
2.107247696324310304e-02
5.350769965291157781e-02
1.033037754007093412e-02
1.442864110512420694e-04
1.003720724784388230e+00
5.851122835216712031e-02
1.248297729168282633e+00
3.051002475706799388e-01
5.961131273616193660e-02
1.889894853898693441e+02
2.243878378677531060e+01
3.403005779944234810e-02
2.003733018877573713e-02
5.446854597396355580e-02
1.291383884916785796e-02
2.868046726778317179e-06
1.010040235327078761e+00
8.113215968257346533e-02
1.185459192080585256e+00
3.385526114470560066e-01
1.202498777708504996e-02
1.971548847754437190e+02
2.202940158374173762e+01
3.205788309782131584e-02
2.029992687240245175e-02
6.272305633035379913e-02
3.567640670859018037e-02
1.505418647407275046e-05
9.734243443257930561e-01
1.162678925198079444e-01
1.204107570107851855e+00
2.967649847013952846e-01
1.894396266489351000e-02
1.994125511407069666e+02
2.755753150692035902e+01
3.139768062876746590e-02
3.106368702627260170e-02
5.969001766885528859e-02
1.067484363696524774e-02
9.608255680304544910e-05
1.037265558316707637e+00
1.663370719898123740e-01
1.241333396334873607e+00
3.367602066903651603e-01
3.955099769645697982e-02
1.882942629059403430e+02
2.399238175405080398e+01
3.474198260605909638e-02
1.103324429688301578e-02
5.858709907337944500e-02
9.722429635014018245e-03
6.757819946967558167e-06
9.871047813738265120e-01
2.295462095484449294e-01
1.243865461333822919e+00
2.873387692950790662e-01
2.909481962263926746e-02
1.923367222333162374e+02
2.431055800835004277e+01
3.946494805255329474e-02
1.978575154109374346e-02
5.515780248723345380e-02
2.859145755766623331e-02
7.509828884089131407e-05
1.043124872114584711e+00
3.374268449029027561e-01
1.247711241290876183e+00
3.046267502529320659e-01
3.979560248774882680e-02
1.845497702592206508e+02
2.355958987616372724e+01
3.487118656675947115e-02
1.014930842092587326e-02
5.514973519389454459e-02
3.954929196459566754e-02
9.084389838709405751e-05
9.821522909919311317e-01
4.953569829263543278e-01
1.176084089033240243e+00
2.869336369813447196e-01
2.469242877157329374e-02
1.820610281171076963e+02
2.577014056420352617e+01
3.941089849814005674e-02
1.301449401077015011e-02
5.363301046312773934e-02
2.151990079175325477e-02
1.159096538272397225e-04
1.009036109934073888e+00
7.301038132328082630e-01
1.264552137700127865e+00
3.111576494142276883e-01
4.695464269625970744e-02
1.936200717445452995e+02
2.582260229006467256e+01
3.356218690207302124e-02
9.955090343776173967e-03
6.632834578459534391e-02
2.565111538247566436e-02
8.800251632967714954e-06
1.004600298635269784e+00
1.064267681258080689e+00
1.188574512824674745e+00
3.362045474817786928e-01
3.614381544937539381e-02
1.886845867229013436e+02
2.321432246568108582e+01
3.433954263327709810e-02
2.502414366064686924e-02
6.838471474919671778e-02
2.048948496444991108e-02
1.499299074780857666e-04
1.036247241273697828e+00
1.567573617072828052e+00
1.240344887085049974e+00
2.637587953493470971e-01
2.377355308679995893e-02
1.993086698230935383e+02
2.594029519581584609e+01
4.207222008946187586e-02
2.036882615562007892e-02
6.700800980760202030e-02
1.574735504860758084e-02
5.098794169100528961e-05
9.801729729534901514e-01
2.291633431355451389e+00
1.235821283785158986e+00
2.975211210499340564e-01
1.078976764668282406e-02
1.931348637251271327e+02
2.305958113160675538e+01
3.169205300695754346e-02
3.345490651793681103e-02
5.812010194313765865e-02
3.251280841061410243e-02
1.838410817467384106e-05
9.936480160695795316e-01
3.378555791912672301e+00
1.288049626186192897e+00
2.551260812078848250e-01
2.582803493583862853e-02
1.880421353628458974e+02
2.546081708065105076e+01
3.710085578865540690e-02
1.962268318340010254e-02
5.803575369814906182e-02
2.830524988762683769e-02
2.925104726658744880e-05
9.574801783354526252e-01
4.957878517170160038e+00
1.275124148630598420e+00
2.850929547169478995e-01
4.655900209752705798e-02
2.020178597161737457e+02
2.761649930216043103e+01
3.997722624675126291e-02
2.242844089315076950e-02
6.723271051356283223e-02
3.443567806943437226e-02
7.065687456087044183e-04
9.577217504917999724e-01
7.303980542766518091e+00
1.222084276040743545e+00
3.543249873173370812e-01
9.770805386338456133e-02
1.948372990469272281e+02
2.375478791003056500e+01
2.459267173732793133e-02
3.696951714459162375e-02
6.230579196616514714e-02
2.957949156920713918e-02
1.254680883324699181e-03
9.171829230070006611e-01
1.077516709431916375e+01
1.278994756828039092e+00
2.934791740448594588e-01
1.704373833377037517e-01
1.789841294365801616e+02
2.074843489808174724e+01
3.069862985591753635e-02
2.759794598494624829e-02
6.662739562782848957e-02
7.937728324566961646e-02
6.049328236434892148e-04
1.014557989127805815e+00
1.585936611216700243e+01
1.200610476793627646e+00
2.418939951941512512e-01
8.735231883506777706e-02
1.675193793505134465e+02
1.708486187071646611e+01
3.247742544233322981e-02
2.864453058452953726e-02
5.104326304360085054e-02
3.965476385723976094e-02
2.755032664902845596e-04
1.047916623367264544e+00
3.464790519915039030e-02
1.163134078218909684e+00
2.288237620525812865e-01
7.573872424155969618e-02
1.730310027069361354e+02
1.900253740150766291e+01
3.236232484832068934e-02
2.873113853467890166e-02
4.939842349224066176e-02
4.772436752094266765e-02
2.603519021537881173e-04
9.965862961218084903e-01
3.137651368793183820e-02
1.134281323955374399e+00
2.303597859766404188e-01
4.780495885618130103e-02
1.639773473470873171e+02
1.741963940351137197e+01
3.395170357756605028e-02
2.191608330573191488e-02
6.418699480501222077e-02
3.024564011452346435e-02
8.565527017478924421e-04
1.001858848798707902e+00
4.190641055699258211e-02
1.226840915245542840e+00
2.220586526437839658e-01
6.217520657725961186e-02
1.710481805303248564e+02
1.824762998990966878e+01
2.499246652059361473e-02
2.191169108192392301e-02
3.792224284110079502e-02
2.865909114437736882e-02
5.353857758816360501e-04
9.510401674961553864e-01
3.971413300438911276e-02
1.170516096906855097e+00
2.242925667533224310e-01
4.177002390466366677e-02
1.640031998518279295e+02
1.818946357801307556e+01
3.139138407843300449e-02
2.471276381605491679e-02
5.293365967062979571e-02
3.997757067824236898e-02
8.765600476390300599e-04
1.002733140599076700e+00
6.255214740128015039e-02
1.227082360215307144e+00
2.518467934014423371e-01
1.127552629011519120e-01
1.527041247558541954e+02
1.795459689195175201e+01
2.290427501816960643e-02
2.268066477582486584e-02
5.243304782574953471e-02
5.130709980498138201e-02
8.779825805804719607e-04
1.010303060323839430e+00
7.143885664780434686e-02
1.152263521834094862e+00
2.313722788865124891e-01
1.074595579931203332e-01
1.688572366805398701e+02
1.777156618928631815e+01
2.699561158152730123e-02
5.620450838886514866e-02
5.212840531095275232e-02
4.602455097618585178e-02
8.105527501600651163e-04
9.727912739626052296e-01
1.153506741490264859e-01
1.170272129646568793e+00
2.206475257631423659e-01
9.096311968617154520e-02
1.655925823144933986e+02
2.164139149098837223e+01
3.837917059497542027e-02
3.467593781291355981e-02
5.666828676587964964e-02
2.808257907380706797e-02
1.846266944505181584e-04
1.037393734406368617e+00
1.640757848982501987e-01
1.203275702205296449e+00
2.464852051103660069e-01
1.470123221530850455e-01
1.601778300165302369e+02
1.831198977037766440e+01
3.349970833829152284e-02
3.200037167114366810e-02
5.769793211255702658e-02
2.534560138885755265e-02
3.650885448003293732e-04
9.864435533222892794e-01
2.362201525999890750e-01
1.201762611702977823e+00
2.407521996438387601e-01
1.556990375487954104e-01
1.682919574966063010e+02
1.811163070254595198e+01
2.446042008894866449e-02
4.060519219460712037e-02
5.275197251953245292e-02
4.410396886355250068e-02
6.757877402097101083e-04
1.042390714561688192e+00
3.359434815919092876e-01
1.215089125722133012e+00
2.427432948520435452e-01
1.340712241373087921e-01
1.534180215086033456e+02
1.882612929026703696e+01
3.230070577317722957e-02
3.938457489316760096e-02
4.851637295403499195e-02
2.407140267744689588e-02
9.588055072728973727e-04
9.812758332051939592e-01
4.992268785771756257e-01
1.129348412273235347e+00
2.506677834300074514e-01
1.329141656389476456e-01
1.630693373417494740e+02
1.921970474157875586e+01
2.674979395319354580e-02
3.346824736758069463e-02
5.453922807819755469e-02
4.229697307380098081e-02
4.803936000818964658e-04
1.008416877435986736e+00
7.284875729973699920e-01
1.227195328661637497e+00
2.701664056639074274e-01
1.672476475671702822e-01
1.690795177603574189e+02
1.873599025734004186e+01
2.119813443398843589e-02
3.732500993649745524e-02
4.788305013981974945e-02
3.920192701421632009e-02
5.229513598825619169e-05
1.003574860233878319e+00
1.060549206490128515e+00
1.149802761721759881e+00
2.406594112566572963e-01
6.633750244084080094e-02
1.675329580934787259e+02
1.806503333234831032e+01
3.815636635083996531e-02
2.759143900255778270e-02
5.978967694850068071e-02
3.673460771500325350e-02
1.032344964854159386e-03
1.035609487681041774e+00
1.561308051972669642e+00
1.213825591820655969e+00
1.924523310010961274e-01
3.766559339235531212e-02
1.675591876825766917e+02
2.031351305042205624e+01
3.257389927587284184e-02
3.007515086188461417e-02
6.388561523211211401e-02
2.750109666684541487e-02
7.502161640471349813e-04
9.798837213417632697e-01
2.287038349374575841e+00
1.198178128443385670e+00
2.196709420127673784e-01
1.233575803815955968e-01
1.687106807571888112e+02
1.787003425171024062e+01
4.423561445942691961e-02
3.545315206249566309e-02
5.551214625639122602e-02
5.606311051434720305e-02
1.003611024686934527e-03
9.930781569825919419e-01
3.368534211558474656e+00
1.247836312364000166e+00
1.952847272598279005e-01
6.218366275295150736e-02
1.629265293445537282e+02
1.901030555998538674e+01
3.146652601122790216e-02
4.654108835206227646e-02
5.510425756262371522e-02
5.415559445029027863e-02
8.671228778867057230e-04
9.570716293937239216e-01
4.955647292182672636e+00
1.240545777201004674e+00
2.853943768546197135e-01
2.397252770314206027e-01
1.704702072292817547e+02
1.765253524275835062e+01
3.222817140701939032e-02
3.395455455429186031e-02
7.110704838320547339e-02
8.016517675907831875e-02
1.127071529073431222e-03
9.577260865967107684e-01
7.295273420633499484e+00
1.210225592817516516e+00
2.366764611914962402e-01
2.897357436344295545e-01
1.594670866528208251e+02
1.780386618748316252e+01
3.204888282533069344e-02
3.917166228774138226e-02
6.641203785028859663e-02
8.187461708997754994e-02
2.317431861030838647e-03
9.168138536990465548e-01
1.075093238451317745e+01
1.240931109146949929e+00
2.044745629367306083e-01
1.672660535215075295e-01
1.537806888256482409e+02
1.478631913379207674e+01
3.815290790905034868e-02
4.251407891156966379e-02
6.347281943781313274e-02
1.023006376286828001e-01
2.230252021470091606e-03
1.013687789381759519e+00
1.586475357388593999e+01
1.179835656010194134e+00
1.748536857038873737e-01
8.331257413562330461e-02
1.471381937565032558e+02
1.734811577005101313e+01
3.226026618667554580e-02
2.331786882712516551e-02
5.332564803317563218e-02
2.005231361468462481e-02
6.926562279152559398e-04
1.048678470087988090e+00
3.591000885474972260e-02
1.144214964392169520e+00
2.061553587502306661e-01
5.472990885233230962e-02
1.538116701981986125e+02
1.557147778856623788e+01
3.001482200681526713e-02
2.385780238459145330e-02
5.530744232631779056e-02
1.446766521512543591e-02
2.630208602227845915e-04
9.980745095800105382e-01
3.884869969165650333e-02
1.114206466012128471e+00
2.046084265731285268e-01
7.630825385526618376e-02
1.427770718983773008e+02
1.550590189702092836e+01
2.226920546489097319e-02
2.245109361280972493e-02
4.164321675116378074e-02
3.468474997236570267e-02
2.348936021434600008e-04
1.004036513241139295e+00
3.894500481154546112e-02
1.204888873401759319e+00
1.664343609621121711e-01
1.841017918226994787e-02
1.517310810138102397e+02
1.386003800872525282e+01
3.349429686642868553e-02
2.532091009807224680e-02
4.787279627655571801e-02
3.803172209429717121e-02
7.529185530597004572e-06
9.520827787041574730e-01
5.608727392590875938e-02
1.142002380539401063e+00
2.006897794393070478e-01
4.604380789198669888e-02
1.531583906732027458e+02
1.470048374652391665e+01
2.844031735719565468e-02
1.636106102904766324e-02
4.406205941637764134e-02
3.603524065183827396e-02
8.040646508489235345e-04
1.003764003666946625e+00
7.010328024043183115e-02
1.200832887270009364e+00
2.078944456290088560e-01
8.285396547244586185e-02
1.393701214911264685e+02
1.481986434592432467e+01
2.198834095861745830e-02
4.732769561952454573e-02
4.577896445456697272e-02
3.236029960798081362e-02
1.029821553105714216e-03
1.011548425734927203e+00
7.779105311248288301e-02
1.121181611124613120e+00
1.961780492032450252e-01
3.058331500451205720e-02
1.543290804515751233e+02
1.604970575254318277e+01
2.774747283485590188e-02
4.196200899255875250e-02
5.583851305697828948e-02
2.250927133779279110e-02
3.883598537257615391e-04
9.741874167848361132e-01
1.315589072430386197e-01
1.175427975605207731e+00
2.005382283151014300e-01
5.727918072522264481e-03
1.355836150299833491e+02
1.714171336191049377e+01
2.506730473349594313e-02
3.422233651587003322e-02
4.654105362023375214e-02
3.993791945687497069e-02
1.725837017594322731e-03
1.037963400967037764e+00
1.531865000206228400e-01
1.181662411592228068e+00
2.098622932382565864e-01
4.595026991845108100e-02
1.464485103631228355e+02
1.666661181351561183e+01
2.498639062931129473e-02
2.867532166633934843e-02
5.608795781487874166e-02
2.151890666527878082e-02
7.698406802691959427e-04
9.879803251011722853e-01
2.264966646611714929e-01
1.171158663969264158e+00
2.213595610654949530e-01
9.687278684809226548e-02
1.467218669686250223e+02
1.522577142869863742e+01
2.647652418807155961e-02
1.395716310212291589e-02
4.819033165520014705e-02
1.990287043599159311e-02
1.116701783329121511e-03
1.044948180738232146e+00
3.557215032156581525e-01
1.194808285640681866e+00
2.044411847711158636e-01
1.107790633920636009e-01
1.330996394741593747e+02
1.606366986007346753e+01
3.168076885485371363e-02
4.091997828612581323e-02
3.896984833739902676e-02
4.108333177777478973e-02
6.540781446418009182e-04
9.834328911096669179e-01
4.882790934026901564e-01
1.105540287879018813e+00
2.084005665456046263e-01
1.356790930735917722e-01
1.392188807898726282e+02
1.695071313794197820e+01
2.249561769365304720e-02
3.128176783649405657e-02
4.334864765885404481e-02
3.150123409209504288e-02
7.877062337435791761e-04
1.010721372641453453e+00
7.425075453043753493e-01
1.191740203266139053e+00
1.895269965071512408e-01
1.487418993616351492e-01
1.506437026040578075e+02
1.720703853656746318e+01
2.978744485317763591e-02
3.096885080320355144e-02
5.216112616306167737e-02
4.420327368163778914e-02
8.074198552487921177e-04
1.005711427914872003e+00
1.069172014379921487e+00
1.110096636957097704e+00
1.763217426534746113e-01
1.252426259463590430e-01
1.541488373117064441e+02
1.784087866550304113e+01
3.224771706545337402e-02
2.225023060422604004e-02
4.908073059773365721e-02
6.150258088876481288e-02
1.010016812524883179e-03
1.036509975937249806e+00
1.569298354264642148e+00
1.193455985218109028e+00
1.820168773895969594e-01
6.023922733543463082e-02
1.466655750594887309e+02
1.518785825196025208e+01
2.933694561205402174e-02
2.946540837151401249e-02
4.495493968731834045e-02
5.651779657961930603e-02
1.756618207638949158e-03
9.816225488760398354e-01
2.295487833306544267e+00
1.186946336801606439e+00
2.097767247971971116e-01
2.973804302964012103e-01
1.459129794918259222e+02
1.385820660684316330e+01
3.010114307734679251e-02
3.957257819001580579e-02
4.733634563322874911e-02
6.135395092356166202e-02
1.292902226445180602e-03
9.946390041982945407e-01
3.347611130687067060e+00
1.227451291467463568e+00
1.773758737170793853e-01
2.209631710015313999e-02
1.459837650359777683e+02
1.484376149967204661e+01
2.974206103226628706e-02
2.550227059338716629e-02
4.914259294777290066e-02
7.814348278598615138e-02
2.505023741498080270e-03
9.592938143155282926e-01
4.948969451213637072e+00
1.219691116630716943e+00
2.109337196713001739e-01
2.206544423370803143e-01
1.384266024097178729e+02
1.760437038734882975e+01
2.974419665931704593e-02
4.576296586520145482e-02
5.306690287751880675e-02
4.682360065937585247e-02
3.514925241268063161e-03
9.602162947907180168e-01
7.314386819537666007e+00
1.191055695126553626e+00
2.035881140299877767e-01
1.106755492175226507e-01
1.414499709788655082e+02
1.339615069301799544e+01
2.200282913056295087e-02
5.035610561441083988e-02
5.355991876821897257e-02
5.816929161367667689e-02
2.955991962054760336e-03
9.185664996495536139e-01
1.076086011593370095e+01
1.203033152647610127e+00
1.758980780682817546e-01
7.423915275818063764e-01
1.508046688173698158e+02
1.094301830997134672e+01
3.565196432467110377e-02
4.264237673720638888e-02
5.633848911747230126e-02
5.794218295516184725e-02
4.657635286782202400e-03
1.015577273792144464e+00
1.584749068449329634e+01
1.181648774042832972e+00
1.549997084192678287e-01
2.335967256501980671e-02
1.211219488435729943e+02
1.609245932806963353e+01
2.261411488324926999e-02
2.618292181123971218e-02
5.001249762380144404e-02
1.392933875096424856e-02
1.768314945582716291e-04
1.077730909018844052e+00
5.059923955153069336e-02
1.139875576702336746e+00
1.663354497162249923e-01
1.056299601499288698e-01
1.362232296676897647e+02
1.367052513513058365e+01
1.896706706839945689e-02
2.711700305148223578e-02
4.752484747247986974e-02
3.320635252055836872e-02
2.768594444402250332e-04
1.016798310263254734e+00
6.696924719481867072e-02
1.102367351288820130e+00
1.625167640298985916e-01
2.392197202915391507e-02
1.357998818216301515e+02
1.367594829371464726e+01
2.530769886905370747e-02
1.800562430937624470e-02
3.782848673636762804e-02
3.057312543273793537e-02
8.207336659704633774e-04
1.023960021557384081e+00
7.064106316418014564e-02
1.201026852596008609e+00
1.618880358504471706e-01
4.185501949678371858e-02
1.314046591449288428e+02
1.238628653899882970e+01
2.953756534121221300e-02
3.073725754984990566e-02
4.451355361524744758e-02
1.273244528439021472e-02
5.785686877390894267e-04
9.819156645648150494e-01
6.440555935835907964e-02
1.136347728862356909e+00
1.436849925773630576e-01
3.169612312352465544e-02
1.325402301418232014e+02
1.495180569276089066e+01
2.836810044472004577e-02
2.616679361136631243e-02
3.841172867243725086e-02
2.659404315097924076e-02
6.975403606679364543e-04
1.031417226744191673e+00
8.528681222366575609e-02
1.182660726595336831e+00
1.440144602065751567e-01
1.272155192397994017e-01
1.314692287510431470e+02
1.617795717560370861e+01
3.264619434241167184e-02
2.168292068790544924e-02
4.214509026132740033e-02
3.483891916028158953e-02
9.308943543540060261e-04
1.028733913695662139e+00
7.586324125941576457e-02
1.119415901031758365e+00
1.464662689787099015e-01
3.129542429794796021e-02
1.360735073002921354e+02
1.618929218046116247e+01
3.472027051063308889e-02
1.720471006932067226e-02
4.426267767752789517e-02
2.064988227779784857e-02
1.256579730379847604e-04
9.961906045390065412e-01
1.443743180403468385e-01
1.141840865970133345e+00
1.822784285597999765e-01
1.264907651038638392e-01
1.335981678171913813e+02
1.489556565155709933e+01
2.308654708409352274e-02
2.613985120342721125e-02
5.171384547584256808e-02
3.035602741323084608e-02
1.072396137260511750e-03
1.058024126877812332e+00
1.645668620473752231e-01
1.159630449125017337e+00
1.425662273198413654e-01
4.073347768860924312e-02
1.374320524122164500e+02
1.686252112801913938e+01
2.941174152339076642e-02
1.801921511789594810e-02
3.509000292654551600e-02
2.451201512937539739e-02
1.021039943468471378e-03
1.018559477781626255e+00
2.264902369176645947e-01
1.172207684504721126e+00
1.516929806087308208e-01
2.819848677483305366e-03
1.300035594262222673e+02
1.369431134094837255e+01
2.368691724472182791e-02
5.516428546237017727e-02
4.509020024631049672e-02
3.391965907726390839e-02
6.988965051624163038e-04
1.081576035703177840e+00
3.556732289316019702e-01
1.165574483122013616e+00
1.474828551036433399e-01
1.004012152400668434e-01
1.296330386707021205e+02
1.513262719297244274e+01
3.347880214161991219e-02
3.098003181722930321e-02
5.068029480759572714e-02
1.502160986391776198e-02
4.445577980927151174e-04
1.010457334427210085e+00
5.208574357238888730e-01
1.117215322434804925e+00
1.591680646332927773e-01
2.252609949516704013e-02
1.185671581065526397e+02
1.409176010955453684e+01
3.165165339971798275e-02
3.799858847345904955e-02
4.065048170106555503e-02
4.229591165931800845e-02
1.487235848351975420e-03
1.052556136415220944e+00
7.279580265121414762e-01
1.180255668980478845e+00
1.728566690281030105e-01
2.522522514042835340e-02
1.438119895097335643e+02
1.542854677283355080e+01
2.704031531137185418e-02
4.545404131296559846e-02
4.415719748586011129e-02
1.613490410586893020e-02
7.172761927087822897e-04
1.031349923933756019e+00
1.069379624822407671e+00
1.098419997449006758e+00
1.822398068431819729e-01
3.380365648966487946e-02
1.427775666903677063e+02
1.251793060899297849e+01
1.772236909006630334e-02
3.491907415779094137e-02
4.271546547155669060e-02
8.683340235239424276e-02
6.974718636321153298e-04
1.066664140265898286e+00
1.603966400063224551e+00
1.175861176063580427e+00
1.353504831658802754e-01
6.518562986419729199e-02
1.305719858344699560e+02
1.538563929755531490e+01
3.142617925532720236e-02
4.389843504527646267e-02
3.897983886932632203e-02
3.675211814484491413e-02
1.490364902474450304e-03
1.016549483548045973e+00
2.299806657199342297e+00
1.165213977940873669e+00
1.682220993423466371e-01
9.444063184392174903e-02
1.342219524528611316e+02
1.355787010996121644e+01
3.423853533388698800e-02
2.310987341741843615e-02
4.425459049071878148e-02
4.889451622791418650e-02
7.011523020605814338e-04
1.018077229283768093e+00
3.382206354765336265e+00
1.193425370730557544e+00
1.421174622661936227e-01
3.140478265297841354e-02
1.415154334307327986e+02
1.421654740752449442e+01
2.994409123250996174e-02
1.881967887379265569e-02
4.958437036597040937e-02
6.668727457128542646e-02
1.013848297793940034e-03
9.834675760039456316e-01
4.968588490409897140e+00
1.207245398313380180e+00
1.518864574510614962e-01
1.419012198698765270e-01
1.330621311237547673e+02
1.619113967283161060e+01
3.027445247441029608e-02
4.131809560409815951e-02
4.215393095405084445e-02
7.291971106849315376e-02
3.093963421676448888e-03
9.882358244950997239e-01
7.300674123058833231e+00
1.184234218441557296e+00
1.605474933188832665e-01
1.354045833030659285e-01
1.172608931933607295e+02
1.196157066735054286e+01
3.419153868514213102e-02
4.073265461565056533e-02
5.038876885439025344e-02
1.090790520343698639e-01
5.534128600767074246e-03
9.608222080715246305e-01
1.075592682784910892e+01
1.205066182567401611e+00
1.193504266028166672e-01
2.859800583067951263e-01
1.312611201467232718e+02
1.275112260758113081e+01
3.084417109255999101e-02
3.042028725710688164e-02
5.400863956031121127e-02
5.410577436923302841e-02
1.672391680943574599e-03
1.028953747994127976e+00
1.587647438146442447e+01
1.141382810351124100e+00
1.543305606212841408e-01
7.048517749935756527e-02
1.161177871505112336e+02
1.211436588236591838e+01
3.230826412611409459e-02
5.380823339119489290e-02
3.455374415824663537e-02
4.241410791342992148e-02
3.167623874094083192e-03
1.611458084936539592e+01
3.486354286907175082e-01
1.090294575336078431e+00
1.365077717297036586e-01
1.279952595453215380e-01
1.336271475388483623e+02
1.295890679639559195e+01
3.843245890854163349e-02
3.487053416196261857e-02
3.726285467522738593e-02
5.810831805647453940e-02
1.983006163582823334e-03
1.540670399781168776e+01
2.254796331132206122e-01
1.072838108504092780e+00
1.260877709044028183e-01
2.781817855013645757e-01
1.197217062489884540e+02
1.228179814079880749e+01
2.145443041252637073e-02
5.079386743055525066e-02
5.724357037053873221e-02
4.822430365155172538e-02
3.221089699765311565e-03
9.194444025755911909e+00
3.431411786230574856e-01
1.167369538115706540e+00
1.168921218206397938e-01
1.612532260123256123e-01
1.186693769638295208e+02
8.697426628862514164e+00
2.996350783525225658e-02
3.780482950450414492e-02
5.376275820252018889e-02
9.383322468271003414e-02
2.321336105169935493e-03
1.362321788957481239e+01
3.684491883761467634e-01
1.113611879345211220e+00
1.522348811632412424e-01
8.455065912352344171e-02
1.202241949938486130e+02
1.120129492073256117e+01
2.637980317447996548e-02
2.423114787301949846e-02
5.241016736891035421e-02
5.184308053907238367e-02
2.566585784139485682e-03
1.210112492978328724e+01
3.277073968590740738e-01
1.168702087324274386e+00
1.118295808797764440e-01
1.601957548117338703e-01
1.047637186799285871e+02
1.237986926856870085e+01
3.348389713228594466e-02
9.032820575514019512e-02
4.108421700113606967e-02
5.264717859992273929e-02
2.095241144154380564e-03
1.634969071283304487e+01
2.647903149178721383e-01
1.121407644002334614e+00
1.343449134763341490e-01
3.982020250415373441e-01
1.066750358630747684e+02
9.352711916273358739e+00
4.206516436946139414e-02
6.108305237559230605e-02
4.762821389363569580e-02
4.847281906570133359e-02
3.618239865463834803e-03
1.343819510602444467e+01
3.109380268434490113e-01
1.104045809735497485e+00
1.631086958599426151e-01
3.438404840917819172e-01
1.159087766796843653e+02
1.251853407153294206e+01
3.994766913620106941e-02
3.355685084433623899e-02
5.587588696399525823e-02
5.164237852843034382e-02
1.690981831981019923e-03
1.429833357588551479e+01
4.282881650681247820e-01
1.159558433981144665e+00
1.788401151848550696e-01
1.445302932347658220e-01
1.105759261487821306e+02
9.247125968509381622e+00
2.264055009405741004e-02
4.446974547753890228e-02
4.330036330173814285e-02
7.418907748974690186e-02
3.928336448939528935e-03
1.348838602004129328e+01
3.599352699912241049e-01
1.155522577816283425e+00
1.442179866830317347e-01
3.150578790983660782e-01
1.115044431685713420e+02
1.150342245287025733e+01
3.412234426242721774e-02
2.296950316158730132e-02
4.492519059222099820e-02
7.275689282549846482e-02
2.866982332853096338e-03
1.127407372596567292e+01
5.161561396861709117e-01
1.162093409742060768e+00
1.769631088715229450e-01
2.694211643498246045e-01
1.052858005116581381e+02
1.049962913262391950e+01
2.822674366080302200e-02
4.983202975383460576e-02
4.170100334869752956e-02
3.727477809357893079e-02
4.866419649983688700e-03
1.284410903051911035e+01
5.675733241853113675e-01
1.085105690743451978e+00
1.674244734544593771e-01
2.434441042736012750e-01
1.157555047417629623e+02
1.125807378743238729e+01
2.951939619978860563e-02
1.857128653537376550e-02
4.912842275562101513e-02
6.008193572053732723e-02
3.668236613648678812e-03
1.573270424204502049e+01
7.717645053052817339e-01
1.192412668278228782e+00
1.549278797627695048e-01
9.306956709486005619e-02
1.125835123923918388e+02
1.215809019012977465e+01
3.018747968543955551e-02
4.441332984433943309e-02
4.558219461800350203e-02
6.987289460207768421e-02
3.742731280860223109e-03
1.357851370483430919e+01
8.676644344384996099e-01
1.115319967697417480e+00
1.685930489185738512e-01
2.219267183391581966e-01
1.123138614516249305e+02
9.973828926916116444e+00
2.559620627131109494e-02
4.886567713900058507e-02
3.516003180794924354e-02
9.471409504380082223e-02
3.633129467502937970e-03
1.447084553023745279e+01
1.455905463096730967e+00
1.161167288772227524e+00
1.429139758952757688e-01
2.789866918652771921e-01
1.230334980474219577e+02
1.113186200509814405e+01
2.150156866932317890e-02
2.310100420530369902e-02
4.860210950104359995e-02
1.407471257943937737e-01
5.209081780989111010e-03
1.375886574861621092e+01
2.040385959507244440e+00
1.169585176983668262e+00
1.128137631476144875e-01
2.761715099462058731e-01
1.009360569898825446e+02
1.197815864477279746e+01
3.689320646378280166e-02
2.300545970630563097e-02
3.135472810343209460e-02
7.849812787094290201e-02
2.566946938745706674e-03
1.507635365029844721e+01
3.405236440958260946e+00
1.205094146779394082e+00
1.182567896174291644e-01
1.870821811507062671e-01
1.126137915406853551e+02
1.014795345020729833e+01
2.425266983072882354e-02
4.969200063893897124e-02
4.442978326329893868e-02
9.544347434957022036e-02
3.651501168340232084e-03
1.255857421846150679e+01
4.958421767207215503e+00
1.178544334786842951e+00
1.889750286927993905e-01
1.394811578901800353e-01
1.191936823960190424e+02
1.081725239172120467e+01
3.905988091898682235e-02
5.852500360402523860e-02
4.853954502118229541e-02
6.579898565232777941e-02
3.266039440271706340e-03
1.830241833015995212e+01
7.374160818996859490e+00
1.153530788481566871e+00
1.356990892703147100e-01
7.402317751252662781e-02
1.184278625926152984e+02
1.059769969291179237e+01
2.812015652308264002e-02
4.355648989382787661e-02
5.062350202293619539e-02
9.238716098144304778e-02
4.387293710496065202e-03
1.604445394720039886e+01
1.073810523391571081e+01
1.204249365230539270e+00
1.055143819841397740e-01
2.310118825072405013e-01
1.044061674824399830e+02
1.161209977321838238e+01
3.778471359479507186e-02
7.510592323126452641e-02
4.326683245440388070e-02
7.926463474579925617e-02
7.777984477015387199e-03
1.379117454894601735e+01
1.573372010677130639e+01
1.116084586594504158e+00
7.622305846448629296e-02
9.316561020806679583e-01
1.046374201199859471e+02
6.598664996235152458e+00
3.119601130431304270e-02
5.120523492304518420e-02
5.314039921668456401e-02
9.911916736142221962e-02
7.464129215145609564e-03
3.158257613015132961e+02
4.946685119073256587e+00
1.137461320721946612e+00
8.005494869070318986e-02
6.558734797842791231e-01
8.253785481201477126e+01
7.663368146239947443e+00
4.438532172050146940e-02
5.770136325181751680e-02
6.114115451663182377e-02
6.919165173360553034e-02
9.318408248210063860e-03
2.369402591771811899e+02
3.486006173882178150e+00
1.035677172422954984e+00
4.806990329855431732e-02
1.026611161812727158e+00
1.097339238897087910e+02
6.471014459232772964e+00
4.191786645412087786e-02
6.823009904704968598e-02
5.659879179994553589e-02
1.136310716774224377e-01
8.762063781156959053e-03
2.517653981840378776e+02
5.174603358223405003e+00
1.164171068490819971e+00
8.831433681070315067e-02
6.870737205651167301e-01
9.371650111538005490e+01
5.629010736327080267e+00
4.168936135791168063e-02
5.339925083450935972e-02
6.563205994518761521e-02
8.537192289362671715e-02
5.667912424756060830e-03
3.781376303674300061e+02
4.382409727253737231e+00
1.108381350868670179e+00
9.717908830091712136e-02
1.311004586261189875e+00
8.577085864434117468e+01
5.677857128982623180e+00
3.428616839063702848e-02
4.156101708339354772e-02
7.205852709738946871e-02
5.938594804995034337e-02
5.379404615759586505e-03
3.245314647939445649e+02
5.689905743703613794e+00
1.154014708855510829e+00
8.414578640445258273e-02
7.626144374763811351e-01
8.937113289924614890e+01
4.749790322626207484e+00
4.857662508214177777e-02
4.083635686998543513e-02
5.141050122147605705e-02
8.945989832419896925e-02
8.445586851298925168e-03
3.834055952245878984e+02
7.428088637019411244e+00
1.103180648492190441e+00
1.025246503354249050e-01
6.998003073893011017e-01
9.143318041842101707e+01
6.686112806873417469e+00
4.699252492048500152e-02
4.699290053601035133e-02
8.818160898611093756e-02
4.211862506779850968e-02
6.443936735234245816e-03
3.189272796972778679e+02
4.519468645480662516e+00
1.105260864477106475e+00
1.094237919613716831e-01
8.477669228069428797e-01
9.612668409880498643e+01
6.265441355159826031e+00
4.138980773164213645e-02
6.716848210190584645e-02
6.446218503315614967e-02
6.471426495045395910e-02
7.410043218628592498e-03
3.512268965370100204e+02
4.502807881296700288e+00
1.125267220952184122e+00
1.160826994900276965e-01
1.442739861057174888e+00
8.931767297513624726e+01
5.792560318541358555e+00
4.184113665408939475e-02
4.784386760345982204e-02
6.720068375262955307e-02
5.722559730147236401e-02
5.723276932504406389e-03
2.928550969810956985e+02
5.401803763798909586e+00
1.088121741682394061e+00
9.818335390512025751e-02
1.109226103027579846e+00
1.014477109256608003e+02
7.311972833603570976e+00
3.992574903970425027e-02
5.014860904520745954e-02
4.824677460686377373e-02
1.037090001921636834e-01
8.435307055915108876e-03
3.416086871223371872e+02
8.145574222126663599e+00
1.151431735289843994e+00
1.075861847808112920e-01
7.148557612494609304e-01
7.626647037102739546e+01
8.269270182188140694e+00
3.546388572966296948e-02
4.168292385730576477e-02
4.413103975429710779e-02
8.019870844819365630e-02
9.176680341187459788e-03
3.250722932272049093e+02
6.091400740109289558e+00
1.081120791260106406e+00
9.014945031288412736e-02
1.143810385030242793e+00
8.366896359710648312e+01
6.500150312503269134e+00
4.514571508980824710e-02
5.468128324040533172e-02
5.822330944641573858e-02
1.108977223884222429e-01
9.268594876110647363e-03
3.412618745670614544e+02
4.900940251922712321e+00
1.178181199640222498e+00
1.162210615339664826e-01
8.829324339152142542e-01
8.118628135034931859e+01
4.272719297689002715e+00
4.133473597717429726e-02
4.830534559520538451e-02
7.612104440076428169e-02
7.200797665150804328e-02
9.279152512104982264e-03
2.814873122724254699e+02
7.388701478936747336e+00
1.092783724224321240e+00
9.893633478179840457e-02
7.933789814423853892e-01
9.510905978913851300e+01
5.799319825341743950e+00
4.287081452472474297e-02
4.549586893338175564e-02
6.308075661022316538e-02
5.634355211760477822e-02
1.009386736973372223e-02
2.465854682644907143e+02
5.846606969429797296e+00
1.174523376386333640e+00
8.996432498877827977e-02
8.686090303359086384e-01
7.270482463949726082e+01
6.697991456521524611e+00
4.318906872978089950e-02
6.843520385237389370e-02
5.455817334376944494e-02
1.033558370811515914e-01
5.463480373149032232e-03
3.418229557487119905e+02
7.869940110328234262e+00
1.175840719759733366e+00
8.326906626913045673e-02
1.233164409459454491e+00
6.841603180312222321e+01
4.628633425919252531e+00
3.126677115496412362e-02
3.856521776912535948e-02
7.422932838920259790e-02
6.666567734475159490e-02
1.074956809606453234e-02
3.121344970858574470e+02
7.066411621769196572e+00
1.247634989496438918e+00
8.147028785180034094e-02
5.626126759241357744e-01
6.553957999596843820e+01
4.654812744022413185e+00
4.457284444095321874e-02
3.650638094006786183e-02
6.880474899602306849e-02
9.537304922286324316e-02
1.075749901684575072e-02
2.362524609725645064e+02
8.071714313101697513e+00
1.217816542767126142e+00
8.071160740045769943e-02
7.772044131263143862e-01
7.580893077539221281e+01
6.175479844710983102e+00
6.055155919893806526e-02
3.706114808975424779e-02
6.853488353113612597e-02
1.116390161848401508e-01
8.210023337097416274e-03
3.373359173152068706e+02
1.045108458133098139e+01
1.207156914268000980e+00
1.398376530959654918e-01
3.047502680260305574e-01
6.156485208784445007e+01
4.428120344671676811e+00
3.650386787741433103e-02
7.740139479552543555e-02
6.851505886699249537e-02
9.171220628921286644e-02
9.438937973214045485e-03
2.032554390475078492e+02
1.401893325403343837e+01
1.161605825829206351e+00
1.030601405210596205e-01
6.778303272877661545e-01
9.451333104260889684e+01
3.942521327614437077e+00
5.490468993424979516e-02
7.716651244308536661e-02
7.263862252639641248e-02
4.237462277744019623e-02
7.920491379144189992e-03
2.939341804484471368e+02
2.342789570837216928e+01
9.451081009261262933e-01
4.471189357377003404e-02
9.423248831393149505e-01
9.585024337128724881e+01
9.998632439074384592e+00
7.000864077195023683e-02
7.959562197808245365e-02
8.283406363489008439e-02
8.923753047001102556e-02
2.807446447237960108e-02
1.000000000000000222e+00
1.515433174362472712e+00
9.873248036569904906e-01
9.867974632221443443e-02
1.236468901299336842e+00
7.728314146227958759e+01
5.872852505583466609e+00
4.280500800830422392e-02
3.891346364110925826e-02
7.510488307499341154e-02
7.788622060868943819e-02
2.254144757489084938e-02
1.000000000000000222e+00
2.872171786904955670e+00
9.120545289288596313e-01
6.959719630844629634e-02
7.404984315306915033e-01
1.008370223813466993e+02
4.257702443631751876e+00
5.717962504537821289e-02
5.794116981642893904e-02
5.696850675525055863e-02
1.240211088601639450e-01
2.169156767501068117e-02
1.000000000000000222e+00
1.452251464803126835e+00
1.014837647849644586e+00
5.930090647804253656e-02
1.439551608157879414e+00
7.931635974641847042e+01
5.071786579364734315e+00
5.801370855754162115e-02
5.150285756599259912e-02
6.791587558460432383e-02
1.133969304479020973e-01
1.759797643581140214e-02
1.000000000000000222e+00
4.656111048656637763e+01
9.736175677880644086e-01
5.666164944260976277e-02
1.292392088526644889e+00
7.564809037000362935e+01
6.164860383413096834e+00
3.775237365707284631e-02
9.637880034645270044e-02
7.126574911683447588e-02
9.466925634779356502e-02
2.174486095540162367e-02
1.000000000000000222e+00
2.712281612179928025e+00
9.952756018239984348e-01
6.884092871009550585e-02
2.153263490632341348e+00
6.746755202823551656e+01
5.623316024368493871e+00
3.965001100591725169e-02
6.300294014063401171e-02
7.749002966521145730e-02
1.104240973404723991e-01
3.713208069472284656e-02
1.000000000000000222e+00
2.414011994592971888e+00
9.799348855110491252e-01
7.287055755397786605e-02
1.136886107018726166e+00
8.145532084963114983e+01
4.959984235259328855e+00
4.873718947926652945e-02
3.452653706552788471e-02
7.942394273275033001e-02
9.268016570061267390e-02
2.702241648976588806e-02
1.000000000000000222e+00
2.614072366955860538e+00
1.015133930650153005e+00
6.923017055168179112e-02
1.181503451715031350e+00
7.693200745682587183e+01
1.610616288015124020e+00
4.460126480512194291e-02
5.628994322554370378e-02
4.969289147226274572e-02
8.032375736658492471e-02
2.359076734433696032e-02
1.000000000000000222e+00
4.273556071813722212e+00
9.340349912108112385e-01
6.534108382438064133e-02
1.599494027507548211e+00
9.481008518731137258e+01
5.120701042628783561e+00
4.147460971654526318e-02
3.402235186280022639e-02
1.020008580440734530e-01
1.583590491034137238e-01
1.386125660562620432e-02
1.000000000000000222e+00
2.031978739026904623e+00
1.032692234616214844e+00
7.445459999953940589e-02
1.018182063753323652e+00
7.289178180187190037e+01
3.057236146428591095e+00
5.266671831372193857e-02
4.794998593930177577e-02
5.929052427907199885e-02
1.535735104542357288e-01
1.791324656105985902e-02
1.000000000000000222e+00
8.725106154912069201e+00
9.355322577498693670e-01
6.420472441450608692e-02
1.385387231591858725e+00
8.730885065322095784e+01
7.344402415997616451e+00
4.745389041699077382e-02
5.194925378751991119e-02
8.164066122780866408e-02
1.193359982852226636e-01
2.193129134218319010e-02
1.000000000000000222e+00
1.496020009075623847e+01
9.976785937779665270e-01
9.455042447962135055e-02
1.975513039424220629e+00
5.681033167561602681e+01
5.072408581294645558e+00
4.334749774567381309e-02
7.586475344597776171e-02
6.985519304427034726e-02
4.670076926783450766e-02
1.002625641681853530e-02
1.000000000000000222e+00
1.939741158178970863e+02
9.941504908243071759e-01
7.216466665333931552e-02
1.804427055292695758e+00
7.200225885879291354e+01
3.620676025308512624e+00
3.809321997138792604e-02
9.055802846415274276e-02
7.449939119728243853e-02
1.292805501573534854e-01
2.105845211855750243e-02
1.000000000000000222e+00
1.180394942735583527e+03
9.114266571801467043e-01
5.265189682263526905e-02
1.179718684791015493e+00
7.176712150675344049e+01
5.938576062615111617e+00
7.099615950043713930e-02
4.164163853739855092e-02
9.081780288983433425e-02
9.501239531608308975e-02
2.678178441391065867e-02
1.000000000000000222e+00
1.664275234772997237e+03
9.927750261246773844e-01
6.223593950309469491e-02
1.297922512403435258e+00
7.642182280466258248e+01
4.296106396429760110e+00
6.038835799285435790e-02
4.420995862098653362e-02
1.140739941168555510e-01
1.212509822672491605e-01
2.442124591957917090e-02
1.000000000000000222e+00
5.660938111514217326e+02
9.298421355912968034e-01
4.800034214207604677e-02
2.432328401607852797e+00
6.634136712859928764e+01
5.041011419283987216e+00
4.573568252255966193e-02
4.483673391360354366e-02
6.322145597059014577e-02
1.320547037680330771e-01
1.865104289561436701e-02
1.000000000000000222e+00
1.701219749722017923e+03
9.370678135659662455e-01
3.658021778050524198e-02
1.525061659685431614e+00
8.232847161822490989e+01
9.370331078839495120e+00
3.254544206139020623e-02
3.987027111369556565e-02
6.997654222962723658e-02
1.049117004222421962e-01
2.638314890163639959e-02
1.000000000000000222e+00
1.718000975219616066e+03
1.026089268266351606e+00
7.050244003057759556e-02
1.235116461543097621e+00
7.412296495568075727e+01
4.293851073186747414e+00
3.788325394307956451e-02
5.789929964112205951e-02
8.214895437810065815e-02
6.185578671065061762e-02
2.065117721100961923e-02
1.000000000000000222e+00
1.806065486446622344e+03
8.931480232467962077e-01
7.508586966984087674e-02
2.163854916261913619e+00
8.489013026203537038e+01
4.401664549635476931e+00
4.207116963973578372e-02
7.242298642620381699e-02
4.255917944662512831e-02
9.920953278011236665e-02
1.918002660895368194e-02
1.000000000000000222e+00
1.805125215850407812e+03
9.404681569432660204e-01
5.744386596389650101e-02
2.064406900089391872e+00
8.528566221633433031e+01
6.726375402823032701e+00
3.157149109701329337e-02
3.716817007523909311e-02
5.768135207617208771e-02
2.753791634741653560e-02
1.587985382000667300e-02
1.000000000000000222e+00
1.989322207685474041e+03
7.219547309420104586e-01
4.014810353349829164e-02
1.850489626994736625e+00
3.017971859435514403e+01
3.034311426256157240e+00
5.766819716469195889e-02
4.409835795305294681e-02
1.280406531993227848e-01
9.295641297736192965e-02
2.840161841865085357e-02
1.000000000000000222e+00
7.592333340372765804e-02
5.871894612002279690e-01
9.322615017595235754e-02
2.628677672431061207e+00
4.477547393713445700e+01
2.582562705896408684e+00
4.908603879646422641e-02
8.291871987546325928e-02
1.243898534970311748e-01
7.917277136618716682e-02
2.270643098634783641e-02
1.000000000000000222e+00
7.068806119022797985e-01
5.997403175623294835e-01
4.123713093553083020e-02
3.258739824580665800e+00
2.137987343631948534e+01
1.989459729207890826e+00
5.438266804238867103e-02
8.305357555405290526e-02
1.061369189144045350e-01
1.130426987531763100e-01
2.500154715162961061e-02
1.000000000000000222e+00
8.235085216026688526e-01
7.344911042592505712e-01
1.123146335945779256e-01
1.931712699241113773e+00
3.135077850064882554e+01
1.453602012036021796e+00
4.461760077573151406e-02
1.397195343233670339e-01
1.117578557078713064e-01
9.211094327194026266e-02
4.729392854952441105e-02
1.000000000000000222e+00
8.851304153135707287e-01
5.648380783695173823e-01
6.473766369990752167e-02
3.128117844945997650e+00
3.922815110867023236e+01
2.227820078172359608e+00
5.047039466301361799e-02
9.313320972575865608e-02
1.213672679279842737e-01
1.184500876283489934e-01
4.507516641702014049e-02
1.000000000000000222e+00
3.534350895365088729e-01
6.658493734785256857e-01
6.378105556753999039e-02
2.276221308834087687e+00
2.628555443687490012e+01
5.072689072205559313e+00
6.642953577728483161e-02
1.067394249749031993e-01
1.141907567513633370e-01
6.820561835715333032e-02
3.666654846882222429e-02
1.000000000000000222e+00
2.432394435872891947e+00
6.494664821833195933e-01
1.230604501786958238e-01
1.921083951447261295e+00
3.068782482261260114e+01
1.249498706100122591e+00
2.949699307006947713e-02
1.001498344667861445e-01
1.016067060316205722e-01
8.920126583890629346e-02
4.187485826127601563e-02
1.000000000000000222e+00
1.421080434543715576e+00
6.039562779795428771e-01
6.504649242889626315e-02
2.271757758217048284e+00
2.962628358305118681e+01
1.339222686480587843e+00
4.508307122873866923e-02
9.407562574672014011e-02
1.172014894272021962e-01
1.674465248861167488e-01
3.911417786180537703e-02
1.000000000000000222e+00
3.097688289032467956e+00
6.161104844615027387e-01
4.103570045197457716e-02
2.513144348947285334e+00
3.369047309463148565e+01
2.876813814511647305e+00
5.824959451724676107e-02
1.107098478706236427e-01
8.064725343135625835e-02
9.726877555647388263e-02
3.831310822343003686e-02
1.000000000000000222e+00
2.132120025586587531e+00
7.223841202772972592e-01
6.996294027958094297e-02
1.906991217665735983e+00
1.526640035212546032e+01
7.456715870039541949e-01
4.738563921910188270e-02
1.335549350572074190e-01
1.420681262997792182e-01
1.542973548960602515e-01
3.413600562360619151e-02
1.000000000000000222e+00
1.564148484886300094e+00
6.837604322870128870e-01
6.543320538004659959e-02
1.945486298233322309e+00
1.876975377810006052e+01
2.550277597347265335e+00
4.005680122283195033e-02
1.203677414229853554e-01
1.146128688021463976e-01
1.684406496442169832e-01
4.432595359347701880e-02
1.000000000000000222e+00
7.049286007364159445e-01
6.260393944451468906e-01
9.375114155534604310e-02
2.487080070429999346e+00
2.028805980151711452e+01
2.630648820222646123e+00
6.968849466945314930e-02
3.490958796980248025e-02
8.543890895362672711e-02
1.290022745624996858e-01
4.402765644927697508e-02
1.000000000000000222e+00
4.077192285013916617e+00
5.633749303873002434e-01
7.983875876278689887e-02
2.884846009879930229e+00
4.827782622458921935e+01
2.148090217391401602e+00
8.719355404222305095e-02
1.036554846228576604e-01
8.177360216553131167e-02
9.497955775431667080e-02
5.329020891962965578e-02
1.000000000000000222e+00
1.731140873979393646e+00
7.284739754174474058e-01
9.975424037617199036e-02
1.248269612796791606e+00
2.534530620409915969e+01
1.632163352672503454e+00
3.153420128113260112e-02
1.497525559796087369e-01
9.592766115936182669e-02
7.095076937825739449e-02
4.413669086626215154e-02
1.000000000000000222e+00
1.403269646940883852e+00
8.193627896608168815e-01
1.063656409153346111e-01
1.823996991390764544e+00
1.673263967928054186e+01
2.207132946999001533e+00
4.522308978796574230e-02
5.221818475710571228e-02
8.570255233300130837e-02
4.008250436381199933e-02
4.746817084285370747e-02
1.000000000000000222e+00
1.996231521593897940e+00
7.100714687640397038e-01
5.358043853994409744e-02
1.613820661901623987e+00
2.229256123757814834e+01
4.799711680713597772e+00
3.514853848306298545e-02
1.058305799391945218e-01
1.416539400622662259e-01
1.894421189174855524e-01
3.981691781969054489e-02
1.000000000000000222e+00
2.789572671639494406e+00
6.749473126411931201e-01
1.020624178676665522e-01
2.076512581258475709e+00
3.163752154542526895e+01
5.379637849393541060e+00
7.751965497140189676e-02
6.893256877656184223e-02
7.825813450962226803e-02
1.147704704265472969e-01
4.513983332892768097e-02
1.000000000000000222e+00
3.922167971336387282e+00
7.102632611764291282e-01
1.326075990930808968e-01
2.209643958658887186e+00
2.813243273678585510e+01
4.476997347996830356e+00
4.346932531042901893e-02
1.317346593990431913e-01
9.477946131986492162e-02
4.083780586256136047e-02
2.769768602425060067e-02
1.000000000000000222e+00
5.285249043859583828e+00
7.110016274711206119e-01
4.969553890061484402e-02
1.774027865696616191e+00
2.957707228517273634e+01
3.808829483751060341e+00
3.775033168631258818e-02
1.154347927101307264e-01
9.674496134652546542e-02
8.506224747077738291e-02
3.680604967757794554e-02
1.000000000000000222e+00
7.567770173823479496e+00
8.327780889653148000e-01
9.156241344426498119e-02
2.026019940826486732e+00
9.237710270399839274e+00
7.321974657274306075e-01
4.573527804929256035e-02
5.888441562787671835e-02
8.604815003250830541e-02
1.029290111952985282e-01
5.616482963547220209e-02
1.000000000000000222e+00
1.244416996934947583e+01
