1.442719787992515499e-03
1.260935297869358223e-03
1.309181709860522116e-03
1.246935647606708291e-03
1.446359028259293919e-03
7.383058851383272978e-04
4.023926492038545802e-04
9.071600576314647673e-04
9.581449233890702508e-04
1.449605384611828574e-03
8.146103571858171735e-04
6.398880117033525034e-04
1.054591816006020689e-03
1.729664758226401484e-03
1.898013760587827356e-03
1.333618163265865844e-03
4.755817461808018658e-04
1.960715353518284118e-03
2.542174962872133497e-03
1.607486929562915775e-03
1.372895810106009463e-03
6.974539125093651669e-04
7.036385558303339359e-04
3.735950894864863668e-03
6.962002859264922357e-04
5.156198089028900212e-04
2.514594671988904830e-03
1.601403688998118916e-03
2.473347838142667121e-03
1.596798872531221894e-02
2.340362916922829675e-02
1.263795402282834844e-02
2.667087642377406753e-02
2.720386879572600156e-02
2.007829042504421027e-02
6.000592939854522412e-02
6.698501413800062032e-02
8.690906138051665564e-02
7.875487390410235156e-02
7.170404937010824153e-02
4.022392818537234849e-02
4.263598661781243387e-02
2.133769927260581456e-02
5.310940458818418364e-01
6.863340974515308446e-02
7.907017715337504027e-02
2.513335236822105204e-02
1.326197723919454452e-01
1.838866196026500421e-01
7.839848684121677666e-03
3.518689172182177995e-03
3.611133174138595782e-03
5.074644894413738068e-03
5.496423178749042758e-04
8.421710722519088399e-04
9.765396971512863890e-05
1.051158366156968631e-03
1.360733146888536095e-03
4.463228581780681430e-03
2.127454419462149453e-03
1.535555001365838728e-03
7.423181211117246565e-04
2.294113739552970481e-03
3.097020992175705985e-04
2.196887587070461487e-03
3.337664661865484897e-03
1.607533762122082856e-03
7.311904935813104238e-04
1.379319631946229231e-02
2.570373412570010202e-02
1.657635617260292890e-02
2.381788678098357113e-03
6.703897080698031051e-03
9.705769323151255262e-03
2.358047332481889510e-03
6.310654139333447300e-03
4.417582642755408552e-03
4.533730663925644201e-03
1.047453786001403472e-02
1.187596100278870068e-02
1.542166650130929323e-02
2.543494195369067762e-02
3.326345035663513805e-02
3.001895518844205704e-02
2.890414517638196026e-02
6.209383737744923748e-02
4.260271314076207599e-02
3.601344001070619361e-02
2.871667683942238231e-02
2.554448927091313229e-02
1.721942869712742019e-02
7.693148669510788129e-02
1.207173960383689515e-02
9.068805731823137775e-03
1.108516659983216704e-02
1.228986948575168207e-02
1.047932681284202520e-02
1.861876101261699052e-03
1.490013822794295688e-03
1.570542708783439134e-03
3.940745851362583568e-03
2.132232850160426831e-03
1.432850481198251827e-02
1.074144930223377460e-02
4.289525270026199946e-03
2.932780512488545373e-03
3.951537617659814546e-03
9.943273591767342462e-03
9.681694064821716808e-03
4.923996493358785177e-03
2.190898191652555088e-03
1.272247971328941329e-03
7.335966121157984354e-02
8.447057587508943408e-03
2.072190251898629876e-02
7.438342811428563794e-03
4.431827983328600132e-03
8.251833909698351455e-03
1.199604152622525677e-02
1.051935141957654196e-01
8.948700308134852066e-02
1.185060993484594351e-02
9.772421491868231794e-03
1.191246205831521764e-02
3.878499778795551148e-03
7.117913995364239833e-03
8.283077458516507549e-03
1.625796605120687077e-02
9.948747536513067452e-03
1.138287873124907944e-02
1.569598357955635098e-02
1.348847907049887870e-02
1.257788966690817634e-02
1.262989080106275558e-02
6.146474275537805454e-02
5.056445579415234926e-02
4.079062016543896080e-02
8.260186871030004985e-02
2.510284625647021470e-02
1.046462271561608877e-02
3.662595342460574915e-02
2.837586412058542423e-02
8.782315311490750467e-03
3.776219548131959890e-03
3.711558033227192743e-02
4.104749160249317880e-02
2.905711037486756378e-03
9.372334308652661983e-03
2.811711660476470982e-03
1.773314220450860068e-01
1.301318871894627596e-02
7.995622761991377087e-03
5.652164383061678184e-03
2.428324817516730461e-02
1.598683067126736509e-02
9.488619193781735670e-03
2.310737151610548108e-03
1.883284064612458439e-02
1.843010165326258720e-02
6.063889876205670777e-03
1.006007650638840456e-02
6.808344752957854080e-03
4.506655070471316665e-02
3.211451422280815066e-03
1.038392860780111386e-02
2.998324562415318438e-03
1.210529140257815377e-02
6.676216632309293041e-03
2.674495780908382487e-03
1.067146005029752376e-03
9.045248381345660435e-03
1.412842471492903144e-02
1.705486447436655936e-02
3.826833353510060171e-03
9.833870063709655371e-03
3.508633172213717483e-02
8.201210817294754887e-03
6.351676903069361155e-03
6.950155585129070591e-03
4.817469550026351292e-03
4.260905992302137756e-03
2.186518669356350003e-03
9.288130475313722753e-03
1.939094483753940612e-02
3.953406777558781532e-02
2.088794621988779299e-02
5.643504621268080612e-02
7.204372975638238287e-03
8.801104691073497605e-03
6.141126698671200111e-03
1.303962911057472349e-02
6.515485596883054814e-03
2.070903342184470322e-02
1.447849991327914559e-02
5.308349819319578729e-03
2.304326026055456694e-02
1.389879717794288531e-02
7.884853518589201790e-03
3.261383904247857225e-03
2.813073924547245322e-03
3.273232729832365601e-02
2.349724953612553156e-03
1.249256570856415241e-02
3.243919179078464353e-03
3.787263334015482288e-03
6.162686375814842472e-04
6.528765337318874831e-03
2.344563406482199838e-02
4.429730621155122776e-03
9.661063925989817058e-03
2.088622015501191958e-03
2.008304097816605328e-03
3.270670165799607204e-02
2.573618881481550252e-03
6.020305501491611359e-03
6.423956258258261762e-03
5.317866304577034686e-02
9.276062996765100863e-03
1.645023604248713146e-03
2.401723192932150863e-03
1.718056345698153404e-03
8.751440935355059986e-03
4.885383673158723294e-03
4.088175888685930716e-03
4.590064964659840326e-03
7.846506103380813946e-03
8.551926271957849962e-03
2.081842355683382120e-02
1.084291922461113646e-02
3.045639483801359810e-03
3.177499263716421392e-03
2.398562142598362288e-03
9.196269123475748694e-03
7.476881366417563284e-03
1.888294361754610379e-02
1.758783400778919648e-02
2.303859506884742281e-02
6.868234399934028574e-03
8.738105552266046613e-03
5.151640048889014230e-03
1.078073667757336630e-02
6.428962296206115930e-03
3.518281470500363856e-02
2.745350554607171173e-02
7.724893011120615993e-01
1.982264603719987705e-03
1.424870853500388550e-02
1.103572282181234168e-02
3.535512747040117035e-03
2.889947736817746748e-02
1.263600360755691302e-03
3.591971586898989269e-03
1.218706297407822110e-02
5.429061859793491394e-03
6.916046462065977840e-03
3.255081580222116393e-03
2.946163261776191776e-03
2.302139210782333349e-03
6.512252053955901003e-03
2.119739714383945053e-02
2.996650722553146230e-03
2.264897557966850331e-03
5.933532002194547017e-02
5.214518234977261191e-03
5.786516070733128785e-03
6.224191019573611407e-03
4.024874701198868400e-03
2.588002853456874888e-03
1.580399286114300000e-02
2.368384665077587908e-03
1.252077138109563940e-02
9.526737773826494601e-03
3.389715269989010491e-03
8.026810849772410966e-03
6.640728590801271876e-03
1.286729313276458245e-02
2.040093097639045921e-02
1.487123818235279969e-02
1.620721363982991631e-02
8.176891659774995422e-03
8.689812431342629900e-03
4.158499446455509591e-02
1.773130979978005534e-02
1.179276442980423979e-02
4.041549452784333474e-02
2.256501576064692469e-02
6.814301953002221968e-02
2.097158771378793488e-02
7.159602601801192366e-03
7.896026462841021151e-03
4.629146896842059600e-03
5.852181455242734705e-03
3.113131473787410231e-03
3.662694030358555706e-03
1.351217545481829237e-03
2.401960459803663753e-03
6.395560569819082331e-03
5.534799577302431522e-04
6.847430457412192160e-04
5.682421595227546505e-04
5.076676330626269003e-03
1.112599596374640567e-03
4.039762167489622559e-03
1.641877459221142152e-03
2.995292321993699592e-03
3.991726529459954306e-03
5.335250867550956136e-03
6.080660031040408843e-03
3.481079961989016428e-03
3.887997248698009910e-03
3.690338743460246530e-03
3.567585706714561725e-03
1.977676164479874946e-02
8.400472546171839500e-03
1.449319435724509900e-02
1.043053935660515595e-02
9.231861761451371634e-03
2.803528380226775855e-03
1.076240963018161925e-02
6.688953236184246726e-03
6.014350859707285300e-03
4.228149969128814495e-02
1.232461784374827216e-02
1.444991536073755162e-02
7.658986322124183670e-03
1.528732892100353145e-02
1.754528504026658595e-02
2.852590539820984775e-02
2.803457173024587884e-02
3.923164696843966376e-02
2.416903430581151743e-02
1.773929385659993307e-02
6.271746963908209072e-02
1.476695210452398377e-01
2.167424542879553204e-02
2.880692807082813056e-02
2.037440923066386605e-02
1.512277473803253121e-02
3.227349580073184815e-02
9.550229986998991574e-03
8.201824030057132051e-03
7.506873790166500651e-03
4.667580426040335989e-03
3.155836165186172004e-03
1.377102573030680732e-01
3.444196387049731738e-03
1.186848973092105054e-03
2.239769118527007614e-03
2.611957804241396390e-03
4.483799625251564183e-03
3.562624871073104271e-02
2.044937489999067853e-02
1.953445042221969158e-02
1.432561176202657577e-02
1.777177838936328663e-02
2.783197235935824798e-02
1.669323895165090652e-02
2.045198223086428999e-02
1.353817286740338979e-02
2.133836810758118693e-02
1.680845531743082460e-02
1.118111491284653862e-02
5.123448677606828872e-02
2.742704057496213668e-02
2.077145174053873430e-02
3.490603531952908567e-02
6.053796684196720290e-02
2.288407575453009837e-02
4.175315116047379621e-02
5.601407346298186568e-02
3.053159703662789576e-02
5.278570077624115259e-02
5.701501119447724419e-02
6.639109076541371834e-02
6.682071096857931936e-02
9.239247527510532909e-02
7.466758994012739903e-02
8.680430337372718741e-02
3.248898481349512396e-02
4.833944132830564344e-02
4.381944417601621455e-02
2.659604548100156715e-02
3.884138126708265581e-02
6.215781832029235177e-02
3.656611263711625343e-02
5.053879301466141644e-02
5.301067964024686052e-02
5.028532590811631009e-02
3.505778013634325979e-02
3.271469888506633311e-02
1.774977568089013483e-02
1.826563223728597252e-02
9.538825068510448091e-02
9.391454631207181436e-02
1.061782626376644306e-02
1.038471539580790477e-02
9.839275891473322003e-03
4.350583019830793485e-02
5.837796523035182483e-02
4.063923559387364048e-02
1.283291148877354348e-01
8.044674717431571365e-02
1.369049111894639903e-01
2.635435065200026905e-01
9.559305209015581117e-02
9.058989621560036010e-02
7.602330654745416416e-02
1.490090614439940064e-01
6.209156008626336848e-02
1.081819533358251706e-01
6.176142967881374096e-02
1.357701227312642367e-01
1.725384303978405309e-01
8.003151064564853479e-02
7.691060242860320306e-02
8.683676853779825899e-02
1.379001410629898117e-01
1.272836972899760444e-01
1.093004458153194192e-01
8.953763610756625135e-02
1.370610887260218791e-01
1.410180271229692917e-01
1.917685607267644865e-01
1.408711722936710486e-01
3.436347811000575181e-01
1.811039969020261098e-01
4.074968046894908436e-01
2.589715494047474809e-01
2.340436459100830591e-01
3.137832895808579381e-01
3.665373072099428753e-01
4.650560219735556111e-01
3.664708701698080051e-01
3.831021218932395001e-01
4.754523697512422209e-01
3.527172640932537129e-01
3.707695222223796327e-01
3.256440037111350549e-01
2.922043223622149966e-01
2.269488544439989264e-01
2.023556816039776829e-01
1.990878547183926317e-01
1.286033960706242651e-01
1.119572790669667306e-01
4.733440329561986459e-01
4.218346321443641189e-01
6.211347066660528604e-01
5.339061296144351765e-01
3.756357320479950523e-01
2.628829738139359384e-01
3.742219469918919295e-01
1.952354100318219321e-01
3.704643829942657063e-01
2.318985499329113686e-01
4.989682766584871421e-01
1.542404365177726666e-01
1.795883502574877055e-01
3.106612495449665445e-01
1.469476633677127830e-01
6.657798165687621728e-01
1.274662162351391514e-01
2.484557232532405568e-01
2.901394422900207548e-01
2.134492692140320946e-01
2.924716381318261393e-01
2.284142790691142400e-01
2.996491631359044505e-01
6.671754741801029231e-01
4.646884085545523457e-01
2.635498209614514087e-01
3.172788038550285461e-01
3.181768500036876168e-01
9.070928858398802364e-02
5.519742449437925469e-01
3.064198748890001878e-01
3.031128611569224862e-01
7.444914302712499765e-01
6.473634266568140117e-01
5.547360939280551184e-01
5.215103055419751943e-01
5.217824784115240311e-01
5.152281078451392826e-01
3.818706422102889908e-01
4.297119400600231676e-01
5.138742079789896389e-01
5.685442023038005388e-01
6.727488565876593718e-01
4.608715596073117982e-01
5.100059638927871841e-01
4.038931930264182402e-01
7.568129211075343976e-01
8.355580189656922618e-01
7.566665795234716052e-01
8.388409847804413344e-01
7.921243059181243273e-01
6.777340547333376986e-01
5.131501204969536323e-01
5.004177079416786134e-01
3.679480508054105981e-01
3.840165637783247710e-01
1.332511890751182593e+00
9.584273403962936255e-01
1.575438076961071854e+00
1.260711707417510929e+00
1.798675450246420837e+00
1.293670899260533691e+00
1.162514226788550209e+00
1.309873432478608546e+00
6.904386835495175401e-01
1.818765409610526129e+00
7.911836822610308628e-01
6.434923744638390009e-01
1.157337637372724437e+00
1.785093651425067263e+00
6.576663361506022154e-01
1.129312806049316498e+00
1.100784115351362225e+00
1.829816680473046020e+00
7.482269872670691546e-01
1.194952829866260391e+00
8.870173820182029045e-01
9.568202945627498623e-01
8.987834005769191892e-01
7.089017126353783782e-01
8.550781722662122997e-01
1.604877528126816166e+00
5.511351787489862097e-01
9.879823363889301824e-01
5.347434350361108812e-01
1.142556368257218402e+00
1.111745414565762369e+00
1.515812980205271554e+00
6.880629318670991035e-01
1.151967299214455176e+00
1.766107566163140241e+00
1.779110882437463736e+00
1.405106118911609414e+00
1.005199159570689060e+00
9.870306460449532748e-01
2.073005854598164721e-01
6.250625295101505108e-01
1.775418932509365666e+00
8.402630119497493943e-01
1.400178294050133943e+00
1.112306481756160759e+00
8.865026246342457839e-01
8.038641252469651555e-01
1.084733546683501304e+00
7.672667423375630902e-01
1.002157250112602815e+00
