1.078804639818620702e-02
1.326705799049683263e-02
2.822557641021697025e-02
2.182031644482301455e-02
2.194788276702750243e-02
4.188945158358641646e-02
8.606430761124959916e-02
1.207808114707562830e-01
3.451598759390882010e-01
4.897649200223879173e-01
8.558751450386965498e-01
1.983644497334398071e+00
3.517399906479587113e+00
6.083156155210967420e+00
7.446022996953141515e+00
9.637447060115983177e+00
8.491887814716800875e+00
8.422534250549160717e+00
6.240419789414317187e+00
4.105492409589260205e+00
3.628107583606615932e-03
4.831875681195066732e-03
1.598903456427451866e-02
7.787439751263653016e-03
1.438224697873084247e-02
2.159518754989239384e-02
2.997894529773195357e-02
1.179216278635333987e-01
3.555460398989948034e-01
3.368041208913195028e-01
8.047308750658543897e-01
1.611466726400213378e+00
3.435728056826001353e+00
6.018945638741944215e+00
7.557891515795536641e+00
1.192601448952452259e+01
1.106883672385484552e+01
1.077128782912855876e+01
8.472922728278920346e+00
5.512535711657053028e+00
7.088458224515863972e-03
6.886371711227962447e-03
1.245298717415167095e-02
1.082183189423096409e-02
1.784124419963594582e-02
1.214569600144907099e-02
2.548995840449452474e-02
7.521776350132197697e-02
2.546315174207973708e-01
1.530050960924831116e-01
4.587650010335913020e-01
8.883987368259160800e-01
2.185140441115992704e+00
4.333653421865530930e+00
5.867362003481443544e+00
1.286915678524119677e+01
1.336455206862953382e+01
1.393148829440272607e+01
1.264169422089504202e+01
8.845218929697040267e+00
1.811291424769888650e-02
7.518096308853125520e-03
5.840506444379026281e-03
6.673766273121476203e-03
1.660666583757729187e-02
7.086579597533853095e-03
8.754500578995178320e-03
3.312609110084070718e-02
1.489354065287290252e-01
6.399546557845618711e-02
2.197875462687542136e-01
3.678611783470492336e-01
1.084352875398886695e+00
2.259684976265651013e+00
3.348876988256002996e+00
1.061542537180046608e+01
1.199026220671049003e+01
1.416394970467491454e+01
1.591932901075639073e+01
1.280035170882685769e+01
1.361487756381312385e-02
1.119789825817591421e-02
4.514063113828655285e-03
8.240511555744383515e-03
1.140760245455288771e-02
7.099310551696373650e-03
1.697334553691912454e-02
1.815635690594056759e-02
4.514007448089944058e-02
4.411534788444911037e-02
1.215247674816460483e-01
2.216770112160705297e-01
6.348112705130800615e-01
1.268192737582761964e+00
2.106573571903294972e+00
7.916928213953555726e+00
9.388821421335181938e+00
1.212683836475788723e+01
1.578571164344901590e+01
1.440116931044754445e+01
1.428768339943286593e-02
9.072331376058714869e-03
1.873789383282048471e-02
2.382400513913376580e-02
1.993739529489380047e-02
1.809606297561748567e-02
3.117561030033276503e-02
5.452337532071328124e-02
8.051525356742572637e-02
8.629216276860582346e-02
1.619114337863063191e-01
3.544472838052154517e-01
7.115346980054320092e-01
1.656499807509965949e+00
2.501888786887933147e+00
6.716613253217199819e+00
8.689415604837861906e+00
1.087247664013661819e+01
1.297628952329476881e+01
1.068714283453448743e+01
8.675669890447659793e-02
7.727106997121403753e-02
8.766012157107927472e-02
7.045333931705731467e-02
8.163182407127994589e-02
1.235083538897820410e-01
8.966394563057204781e-02
1.230444090953851932e-01
1.751857777061190113e-01
2.962715521890916803e-01
5.619705183348423505e-01
7.537767104822189479e-01
1.099480348894854576e+00
2.276983177815351311e+00
3.092954366270651345e+00
4.692873050337889929e+00
7.495626295680356321e+00
7.480457008280083642e+00
6.667480258635519519e+00
5.726737035744706716e+00
3.205443349735084824e-01
2.864917987828588530e-01
2.412922798188510132e-01
2.467386549333269452e-01
8.849428195316733081e-02
3.314927938817117670e-01
2.424656542158147854e-01
2.145883986636055174e-01
3.582457626312088306e-01
3.608369635395017316e-01
3.239707812599916803e-01
9.326073787863968789e-01
9.898869892623333167e-01
1.630190007322425583e+00
2.704582082617262628e+00
3.224865997981819721e+00
7.353285671056209338e+00
6.825265263952824846e+00
7.646898724750650800e+00
8.557546736939256604e+00
7.343295570038370634e-01
4.467290947371748699e-01
7.356648588631221619e-01
1.040165250644962125e+00
5.712844218724852929e-01
1.040278552250802013e+00
3.758678190604613500e-01
5.072353897239334497e-01
9.207889719159095820e-01
8.573695127346542266e-01
7.048341799161321752e-01
1.305007608521608908e+00
1.087123714109510031e+00
1.543442337572494827e+00
1.450786048454610677e+00
1.649241404172986147e+00
2.949979982780211785e+00
3.796993423015463609e+00
5.620787622036088393e+00
6.891844483807390453e+00
1.926881461356511949e+00
1.326649292221379728e+00
1.103385092815641455e+00
1.273542186003806975e+00
1.939759228850262307e+00
1.456862253320756473e+00
9.757154098386195962e-01
1.061759807856330839e+00
1.086412970824217616e+00
1.639719546505853831e+00
1.553229053479920019e+00
1.279817451967682818e+00
1.468984806474392446e+00
1.220572083520198303e+00
1.210491916207215857e+00
2.769166342871854258e+00
1.400123564375151064e+00
1.615124593474458692e+00
1.873755154584435312e+00
2.381092028603960298e+00
9.509951311540720820e-01
1.163084823581460814e+00
6.504222068559352143e-01
3.134504173478281364e-01
8.508593025894791717e-01
1.085174359659921706e+00
1.349622269783626871e+00
7.472487524468371944e-01
5.658727203572804232e-01
1.383013039975593772e+00
5.516690104958715812e-01
3.990530145535449158e-01
8.560800624284095051e-01
1.258990763382144412e-02
1.094234929892060060e-01
9.452646563012234368e-03
5.074722242556470829e-03
6.124079486538975409e-02
1.451234444151259205e-02
2.482452643640313192e-02
