3.310289660785582094e-02
3.075206511528634154e-02
3.739410874799642404e-02
4.393080146338059627e-02
5.086659719476586267e-02
8.360226160182450406e-02
8.209627641567554535e-02
9.316850949373252366e-02
1.021508133156149023e-01
1.182100694149747916e-01
8.693069692562206685e-02
1.981987439764953118e-01
1.789256956049026792e-01
1.471488838587887427e-01
2.244196662919704655e-01
2.246495583253713679e-01
2.449521471617661650e-01
4.274881150167917365e-01
4.055061957183117571e-01
6.362144131260062396e-01
6.720378280928576142e-01
9.085380138474906664e-01
9.316486865878123025e-01
1.262565678366313282e+00
1.188009463695827828e+00
1.859376620405502223e+00
1.446067445067954482e+00
2.026404595058679092e+00
2.263852403714063044e+00
2.519869457067756002e+00
3.178185062232163904e-02
3.328374654836703528e-02
5.876438533807479964e-02
5.093678425645763175e-02
7.016512357011468748e-02
9.489185768129965171e-02
1.314240999635360729e-01
1.278156256526986334e-01
1.924778185012113452e-01
1.999662230882573999e-01
1.986243465110536233e-01
4.100773560407776630e-01
3.833470105596178401e-01
2.884580223464203730e-01
4.617306516594769650e-01
3.747015125963739091e-01
4.672885310341616805e-01
9.379868358601404221e-01
7.392666344383037602e-01
1.151102532545763335e+00
1.244387904346168083e+00
2.102668732898048898e+00
1.636680457872216277e+00
2.740186130756916416e+00
2.490648603877285261e+00
4.348079884069094625e+00
2.757062541549709866e+00
4.209311778373908908e+00
4.554449119584871752e+00
4.643856149075291206e+00
4.750410021495425628e-02
6.168221297677618786e-02
8.087125696023093890e-02
1.047639425091587001e-01
1.379888283435210528e-01
2.275138972411873128e-01
2.433995386794948201e-01
2.038508592964708988e-01
4.207706714327525965e-01
3.679320175547429739e-01
3.597615570467072033e-01
7.757389979056832363e-01
6.116703748262252160e-01
5.075619533715203247e-01
9.484236578010392105e-01
6.107129426955747453e-01
6.914230178764005919e-01
1.860061022871732916e+00
1.352865555724421576e+00
2.040287676632673630e+00
2.602600022624246723e+00
4.516670983975290987e+00
2.791170210205428326e+00
5.056897099962118780e+00
4.299529201260465783e+00
8.288502424423839443e+00
4.748967774935839437e+00
6.867018251163253595e+00
7.900918598802310733e+00
7.365202253102096641e+00
8.018365266771487754e-02
1.072941996752845156e-01
1.120072597199938264e-01
1.309501267017636472e-01
1.832875628058469042e-01
3.473130690210725069e-01
3.544082514864639322e-01
3.398744097693588984e-01
7.985849572297312182e-01
5.946972038302792418e-01
6.445456162798955946e-01
1.354521637017001678e+00
1.012541141548032986e+00
8.697534981303787216e-01
1.781794143375989181e+00
9.823002961837487002e-01
1.162501447262359378e+00
3.082289419978467837e+00
2.223663218484010606e+00
3.138810618807696518e+00
4.271912431925488640e+00
7.660506727042245778e+00
4.285376329257942984e+00
7.602407913744289480e+00
6.502747327477142569e+00
1.217177622025753436e+01
6.862862959199953039e+00
9.196356395219629221e+00
1.069273839270621274e+01
9.775799843935885747e+00
1.600036898475166725e-01
2.087617053934097966e-01
2.419325627684791591e-01
2.926874508654996321e-01
4.179274605484367133e-01
7.136636816922807824e-01
8.664364913998559015e-01
7.634662772540673492e-01
1.504718990098681708e+00
1.274098761329334861e+00
1.502297636402302405e+00
2.667532520711313193e+00
2.060205407372857067e+00
1.689398698901572349e+00
3.413252448371323577e+00
2.015362060680230272e+00
2.182831296406692712e+00
5.359403284251471611e+00
4.067053874306707506e+00
5.623887752635412518e+00
7.152099909794806365e+00
1.129968679011304467e+01
6.614655918214036312e+00
1.101747107901913481e+01
9.457440906148420368e+00
1.444632739481113681e+01
9.021896991736088722e+00
1.076216554730592811e+01
1.213098407203258944e+01
1.094450323580496764e+01
7.181847070190416904e-01
8.192883199108437209e-01
1.031643946180333504e+00
1.212255360820498007e+00
1.530637049263821714e+00
2.753127866179895467e+00
2.636172494005122768e+00
2.481056462545895513e+00
3.848979935618780601e+00
3.869984547088367588e+00
3.442707407374498096e+00
6.494517789470677371e+00
5.698142998625670863e+00
4.462677013571801687e+00
6.891215095927002210e+00
5.323078384499059901e+00
5.793351697802163081e+00
8.196499033350184149e+00
7.514892377512897070e+00
8.955808390909918870e+00
9.589413043606743514e+00
1.077847704385377092e+01
8.247378560509620371e+00
1.049355605984012385e+01
8.520335986089234481e+00
9.872344107177868366e+00
7.314969165085161151e+00
7.261497502397380899e+00
6.933672285083989806e+00
6.681305626492666683e+00
2.020539500035152258e+00
2.611304423978458633e+00
2.108904023392579763e+00
2.867502158408862911e+00
2.785158782046219805e+00
3.998449426612141533e+00
4.516464636007833100e+00
4.368025728335112490e+00
4.350461874485438862e+00
4.340205812388912676e+00
5.340211209899934808e+00
5.544492140774464950e+00
4.801407958250925923e+00
4.174447626116549515e+00
5.833697804601857939e+00
4.687641030629658978e+00
5.585720443946608604e+00
4.662939174073564175e+00
3.770420753406099834e+00
4.125464151606515806e+00
4.886073895225635511e+00
4.245410947865198459e+00
3.797720465120046462e+00
3.909740655831125622e+00
3.301754739177769071e+00
3.720343433389682986e+00
2.978514124225035697e+00
3.031457756902908418e+00
2.493378354042642631e+00
2.715491439194515966e+00
2.718339700306264373e+00
2.519512096013276192e+00
3.675131920213599024e+00
4.055034086821423855e+00
3.030859529294702259e+00
4.841698908589610717e+00
5.507314742963435705e+00
6.138606308307103632e+00
6.226477529100508335e+00
6.300158778199388188e+00
7.082016457683789845e+00
6.909071604845053116e+00
5.954770075908533578e+00
6.237459268293214620e+00
7.658534266952458758e+00
6.579446266942499122e+00
5.958579841472626981e+00
5.549270834019129239e+00
5.841564266087051926e+00
6.015497919992266240e+00
6.211550973994102165e+00
5.246234843146850402e+00
5.033336009354282936e+00
4.112024834623744241e+00
4.956092861281566897e+00
3.791674445739720678e+00
3.363196344911240310e+00
3.444544590167086806e+00
3.256880015057731725e+00
3.044449103587580030e+00
2.694170562552254289e+00
2.145105784351918565e+00
3.732975357200142952e+00
2.737836997634465863e+00
3.658835415609395625e+00
4.112391369904949023e+00
4.897875028889859372e+00
5.081355628688984716e+00
5.840321542310318748e+00
6.410760890691168612e+00
6.772280826927991271e+00
8.139376226442058382e+00
7.719261732898529793e+00
6.062965612393679926e+00
8.182677404723905923e+00
7.197044653371155398e+00
1.209242769175357601e+01
8.848692494561786859e+00
9.362955367741735202e+00
9.087914640814020117e+00
1.088082676508695634e+01
8.104954329699882720e+00
8.565469618992706202e+00
7.375464831506886476e+00
7.207325541967704474e+00
6.562860394720785528e+00
7.899376549820014581e+00
7.528345461330648192e+00
7.128585651956198532e+00
5.072527156120355762e+00
9.807201630690475236e-01
1.731088487727016290e+00
1.502952686195219378e+00
3.574034124279017455e+00
9.543722740458283615e-01
1.532927790203238994e+00
2.508627289406574867e+00
3.632027776775263117e+00
2.063381713951963903e+00
4.761522740144767063e+00
2.322958527692149833e+00
3.419019542213629581e+00
4.762471205682156317e+00
3.252816877777488624e+00
2.734725664237192877e+00
2.661829478054249076e+00
4.613889889185982085e+00
5.472192924637252709e+00
5.621008438610881619e+00
5.129114622685290392e+00
5.688442958821481099e+00
6.121044620224761701e+00
6.802510630543383563e+00
7.130470868347892122e+00
8.831207038296220446e+00
8.106257743566548157e+00
1.086519537837999394e+01
1.277549608187075236e+01
8.488970094178524661e+00
1.141905007941457662e+01
7.913618589414270765e-01
1.284467966494553304e+00
9.275053889277218300e-01
1.195374357771619822e+00
5.583364205955240189e-01
2.020020215259945129e+00
1.933562286573827782e+00
1.635950089724187650e+00
1.766383681009304318e+00
1.739380779491423779e+00
8.695959857996204967e-01
8.113698508849381819e-01
1.675887059887341657e+00
1.700677915212574831e+00
1.811578101185627787e+00
3.328076381012146534e+00
8.149782026889578201e-01
1.391530524603102892e+00
1.117290216595716368e+00
1.646179519162047855e+00
1.264489824957391706e+00
1.790169629180902389e+00
1.158540762781440803e+00
1.219295108400463068e+00
1.662855763170951739e+00
1.075061821875005208e+00
1.362476721179843198e+00
1.855298729380377321e+00
1.610394202639582106e+00
2.637324277231083869e+00
