9.680189024971113110e-01
9.837547313467551735e-01
9.903650891891357944e-01
1.054511102338655082e+00
9.898390821631997127e-01
1.018185343657975306e+00
1.027940299473931729e-01
1.049536496466682234e+00
1.048192076703545084e+00
9.447470656410553724e-01
1.047699329676621050e+00
1.035905550796110797e+00
9.261708986064229876e-01
1.126113683641283281e-01
1.038293486437246838e+00
1.072979174044814021e+00
9.489347647729706736e-01
1.066575179416625385e+00
1.020340147448995705e+00
1.060553421448822142e+00
1.348322996023453846e-01
1.014977700626861434e+00
9.454323056016733506e-01
1.083093271212600017e+00
1.034364235849620117e+00
1.244057832873672886e+00
9.856872646410277383e-01
1.402024940557189681e-01
9.630380668995860427e-01
9.415359937213374497e-01
9.501867742186161925e-01
1.058935105059479964e+00
1.229108334124721535e+00
1.033214951158785588e+00
1.402758433424563245e-01
1.017006431649069675e+00
1.081571937754703949e+00
8.969516137305882930e-01
9.664955182936181277e-01
9.406761998133703617e-01
1.011171220758226186e+00
1.797103466424636309e-01
1.020841625607271430e+00
9.619673576489848887e-01
9.474590039839556610e-01
1.000012062788392608e+00
1.110297839002606368e+00
9.631236866875372282e-01
1.730317244308868796e-01
1.040734131267277984e+00
1.036442849353897078e+00
9.699502411925784440e-01
9.492159222149046949e-01
8.455646175635409545e-01
1.086668663141632241e+00
1.681728852565791688e-01
1.047432563928453408e+00
9.693736146769873496e-01
9.886112284409385165e-01
9.833368581604589043e-01
1.089266335808237729e+00
1.109164443899937735e+00
2.161329052532402206e-01
1.044956492718722041e+00
9.881124027846277524e-01
1.023464204564982882e+00
9.562104109902682669e-01
1.236807923964633460e+00
9.822534753471362512e-01
2.319385620561592032e-01
9.976450064568098686e-01
9.810605693235470159e-01
9.677244998475226234e-01
9.400793134016384167e-01
1.070262687113378686e+00
9.610077987141865119e-01
2.296316108778611031e-01
9.888992692356139980e-01
1.009326090531322162e+00
1.019698779851225146e+00
9.868955314399908696e-01
1.015783543006400835e+00
9.549146186507423417e-01
2.831482296895928563e-01
1.005985447650072029e+00
1.030144395893447085e+00
9.894244969069292406e-01
1.064615568012763358e+00
1.050307498986755350e+00
9.523398312860003045e-01
3.144702646216989139e-01
1.024730491541474997e+00
9.242238729655477547e-01
9.871160276883790274e-01
1.022356054028356942e+00
1.001275537276312022e+00
9.971312069524609356e-01
3.311658461350475702e-01
9.401329842069469089e-01
9.697571202042889471e-01
1.011058431604864749e+00
9.459973363165860016e-01
1.125884004450873110e+00
1.018498332797193484e+00
3.949214971211229552e-01
1.004384980805399952e+00
9.556607424413350316e-01
1.046753947826809528e+00
1.032504185049288425e+00
1.071005631155487414e+00
9.545809912649956264e-01
4.226959553281076643e-01
9.757519559838396805e-01
9.334426387655112567e-01
1.048127373005340868e+00
1.043701524326200669e+00
1.034933020873649356e+00
1.043490131290604639e+00
4.682038151997071074e-01
1.005733787051248829e+00
1.044113130892608376e+00
9.889194772898010077e-01
1.012659818439523463e+00
9.088823811564050725e-01
9.751444352350654432e-01
5.092892822531136510e-01
1.005401743836121797e+00
1.005371671726972949e+00
1.029896732024767614e+00
9.164878868139595403e-01
1.020876413984948661e+00
1.002716905361193067e+00
5.457424209411054772e-01
9.635887406676996170e-01
9.877664304505765491e-01
1.067467917332833860e+00
9.845990232792068975e-01
1.138009366793774957e+00
9.894894960203286516e-01
5.986014691329486492e-01
1.021941331691839316e+00
1.035858832532113860e+00
1.073524090943858367e+00
1.041067476489477839e+00
1.009158787990201533e+00
9.623617630745575635e-01
6.642930295150789588e-01
9.962524664324033941e-01
9.943484923942408349e-01
1.007161064020483998e+00
1.080659805120557593e+00
9.326816297315462245e-01
1.018735271351344895e+00
7.347000287071224767e-01
9.916291538932741068e-01
9.983938167581124512e-01
1.044471043930568888e+00
8.506680622726869867e-01
8.760668180551185458e-01
9.828997578444710337e-01
8.183261161814148199e-01
1.006364762117212486e+00
1.014460216210134380e+00
1.005526022888992399e+00
9.515150141372045178e-01
1.207052044609393526e+00
9.735762538855281534e-01
8.865316845989790195e-01
1.052347779392972082e+00
9.379377869122217382e-01
1.002741805284736554e+00
9.994430226095252223e-01
1.166271330733565481e+00
1.042255646354840692e+00
9.868791661783857805e-01
9.377018740012363907e-01
1.050450601869990397e+00
1.046314658738435543e+00
9.138314882510979453e-01
1.014586957510033249e+00
9.840411397197899035e-01
1.082171832797906630e+00
1.010072417882663220e+00
9.332663343195596317e-01
1.112199450480690688e+00
1.014415836983250774e+00
9.620018069507878522e-01
1.040766197501413970e+00
1.177243402954991192e+00
9.567532810444931979e-01
1.048108410748799457e+00
9.832406875552018866e-01
9.723802832650720873e-01
1.103032718555417624e+00
9.963374128294283372e-01
1.320776715899227627e+00
9.857769516476618810e-01
9.799216881797058187e-01
9.202553764545990944e-01
9.643196933467205190e-01
1.117856810419411318e+00
9.908983332003357125e-01
1.459314709819514944e+00
1.004171070913377983e+00
9.269198128574516193e-01
1.038890674808882419e+00
1.076655048208475352e+00
8.483494200423539189e-01
9.570528052845344025e-01
1.591365049191329595e+00
9.580844185511585565e-01
9.935427104624819927e-01
9.893124764020111428e-01
1.060037221648230332e+00
1.020995407910812558e+00
1.019328639469550879e+00
1.080385880666851622e-01
1.035722734394033395e+00
1.018266104884652190e+00
9.613240961524492922e-01
1.059824954777938810e+00
9.978756659873523338e-01
9.273753470734655835e-01
1.088395168869706608e-01
1.054790959183848020e+00
1.071382566624749177e+00
9.505092195084173801e-01
1.041518259499873311e+00
1.067881332815967532e+00
1.060991479778195856e+00
1.132446997887800177e-01
1.022188548395647212e+00
9.461485371418050239e-01
1.090904310141216360e+00
1.022753756618746124e+00
1.007072190310072113e+00
9.860219508241486741e-01
1.317988912253139633e-01
9.546048015716086521e-01
9.501380127841511092e-01
9.556370400847097324e-01
1.069283487404243171e+00
1.086918719007318845e+00
1.031715697980424062e+00
1.490929134867631234e-01
1.010569523973660733e+00
1.095819713993236189e+00
8.980872672704286463e-01
9.989959359022957397e-01
1.031521096351602385e+00
1.010828517945301819e+00
1.666443100114506637e-01
1.020193663974386489e+00
9.773644276155920574e-01
9.432743997525152579e-01
9.778882062985457813e-01
1.039882231889062592e+00
9.627423044841572075e-01
1.832787994017089084e-01
1.042270137696917010e+00
1.027581455820450351e+00
9.570034327529717277e-01
9.550449474118851700e-01
9.031664490651870603e-01
1.085426386271585608e+00
1.914332112994640289e-01
1.048264950200082257e+00
9.650086644385826862e-01
9.975567742470069499e-01
9.668410888678045101e-01
9.876904613466797045e-01
1.110185037451093315e+00
2.104016238232347402e-01
1.033594307872882423e+00
1.004888489621319270e+00
1.026814037251740030e+00
9.570892729963984547e-01
1.241156875047652486e+00
9.828823592396176423e-01
2.385573262658696458e-01
9.846953160205611510e-01
1.006280936490824507e+00
9.645524651176066167e-01
9.731235974395835431e-01
9.120549757498261911e-01
9.596238015664246834e-01
2.555075266972027803e-01
9.777091612227462036e-01
1.028475810718091576e+00
1.023679798002708585e+00
1.016999137375853568e+00
8.847747667369452174e-01
9.553117136718517477e-01
2.880200013869626541e-01
1.004221577064294602e+00
1.022187081098862249e+00
1.005762730618151801e+00
1.028323829518184018e+00
9.217013822073191198e-01
9.541141214012359706e-01
3.104858673453177453e-01
1.006785735074803068e+00
9.311716315680567124e-01
9.816296586899927457e-01
1.061857166015534037e+00
1.051111946073499226e+00
9.982715272598727818e-01
3.450503702760435720e-01
9.533384730928846640e-01
9.847945502049345601e-01
1.006104851944174650e+00
9.317507497308726849e-01
1.065912056481716164e+00
1.018305359788610698e+00
3.858761637705317993e-01
1.015106958277732119e+00
9.701577457941933380e-01
1.037874265420311248e+00
1.033182927567628751e+00
1.032768836408943125e+00
9.531178832796209921e-01
4.220347575262975437e-01
9.836789726311602200e-01
9.459923952669229141e-01
1.033327354879824522e+00
1.055118156599688550e+00
1.084565144003811765e+00
1.043591147273559727e+00
4.615921189013789672e-01
1.014640775054452160e+00
1.034662713277548551e+00
9.885646912352011872e-01
9.994353267111171224e-01
9.863670939120099401e-01
9.755950036380299784e-01
4.999682473093639556e-01
1.015755362197838796e+00
1.001149100376348411e+00
1.031138019331759192e+00
8.869698040361203573e-01
8.559903448415280280e-01
1.001685089762102354e+00
5.551012305668322488e-01
9.654325506310005300e-01
9.871674959834459973e-01
1.070361196804739512e+00
9.734548924319307295e-01
1.074942124197702409e+00
9.888442841793601001e-01
6.081540284477104930e-01
1.029467147152018480e+00
1.031199518069412457e+00
1.053478863769156337e+00
1.033527492720633267e+00
1.222901193961216437e+00
9.630477814082082366e-01
6.723306865621829775e-01
9.957011638373641782e-01
1.016085302130880219e+00
9.964797497332466003e-01
1.084936975131572501e+00
1.099506603396046556e+00
1.018490109517617093e+00
7.393078767652172534e-01
1.000808194943281659e+00
9.755061485070459781e-01
1.036276928482673831e+00
8.659338627944718203e-01
1.114186878381946189e+00
9.828376558533863383e-01
8.071454015049035480e-01
1.008386249959240200e+00
1.040116402417616825e+00
1.009809189265590934e+00
9.354949447933373907e-01
9.938370962206054537e-01
9.723708567960176463e-01
8.966850929718528374e-01
1.045717127065980856e+00
9.518406062738909990e-01
1.014448407579548350e+00
1.014162442017084720e+00
1.009993193263355682e+00
1.042019400672330232e+00
9.833387438748524279e-01
9.391118469105267375e-01
1.035011438017496843e+00
1.055585735767841316e+00
9.286678111986684803e-01
8.892397519898116443e-01
9.827007647819565594e-01
1.079765511254018540e+00
1.003009312299569578e+00
9.673078116394094872e-01
1.112494330858459612e+00
1.016227034273192276e+00
8.056282414419820848e-01
1.041468403315271463e+00
1.188273561568006897e+00
9.588202396160454555e-01
1.027437402621590667e+00
9.920761802830911913e-01
9.951440576601630061e-01
1.044532989493094588e+00
9.951786504777523357e-01
1.307328201592934169e+00
9.877106065696235060e-01
9.926467590815393205e-01
9.230041336317074130e-01
9.646079242729014291e-01
1.078993944273052730e+00
9.919577836406860971e-01
1.440967913231997910e+00
1.009271708517406774e+00
9.295804404483754002e-01
1.038586318855062807e+00
1.074583359727163678e+00
8.315347720590405833e-01
9.582509901102606031e-01
1.583315992548526951e+00
9.667208825578590403e-01
1.016796921054037295e+00
9.838528312855056024e-01
1.056291060695818684e+00
9.921712170461300939e-01
1.018880450967376117e+00
1.031109579680068167e-01
1.046692389226105968e+00
1.035204336027223393e+00
9.591662986379994038e-01
1.041103921029558510e+00
9.349039841743621571e-01
9.276084963134298977e-01
1.058991161613610232e-01
1.039945074216312104e+00
1.065405700438881942e+00
9.721726901674770938e-01
1.033686938049283910e+00
8.973025898355333485e-01
1.060931980376200734e+00
1.195590384776877013e-01
1.024000164542484770e+00
9.369006693172693412e-01
1.053063839734616369e+00
1.043165166108113384e+00
1.602513932665870611e+00
9.859541594925774755e-01
1.345936223642148211e-01
9.541197595211491356e-01
9.508253094904709490e-01
9.599555314135187478e-01
1.041176749963254045e+00
1.082100875948908136e+00
1.031514870048135801e+00
1.502354609921444928e-01
1.023863712634982770e+00
1.090139000004029857e+00
8.998465731896778674e-01
9.690627615280689167e-01
1.137048200431644229e+00
1.011284771029286489e+00
1.554117397306064574e-01
1.018053113670185583e+00
9.497598496555953451e-01
9.501155458365996287e-01
9.869675586343917839e-01
1.027701406074687629e+00
9.624379504813320718e-01
1.789665668142301491e-01
1.041512218936446521e+00
9.917769684171178213e-01
9.501875311152879755e-01
9.478188052117142437e-01
1.244167674473936058e+00
1.085391707715070542e+00
1.927690369211459698e-01
1.047802463296716002e+00
9.585640225910957435e-01
9.808656864267545350e-01
9.520429674444503831e-01
1.390834445417000742e+00
1.109991397543017344e+00
2.152328188600966252e-01
1.054351611998559646e+00
9.814880539730139741e-01
1.028392987922228885e+00
9.074725691459499810e-01
1.110027881438732100e+00
9.828556500480264413e-01
2.312770947039213820e-01
9.843516766480673308e-01
9.841148950688879404e-01
9.521369489786971618e-01
9.794521731081425875e-01
1.086101174692159832e+00
9.602084347953697696e-01
2.599675511825764174e-01
9.811449458185425021e-01
9.895074299796300377e-01
1.035569420316543088e+00
9.929463520679598920e-01
8.613554340068964033e-01
9.557418161756370267e-01
2.843135108261591881e-01
1.012993177732305350e+00
1.007289719614351098e+00
9.908405720182402732e-01
1.021194347905077349e+00
1.141887904454610192e+00
9.540713914455671851e-01
3.102182644227556851e-01
1.008734395801272665e+00
9.245061509049671278e-01
9.870632267472538857e-01
1.042593891898842662e+00
8.899907944555357497e-01
9.980880054439010829e-01
3.467838768324169041e-01
9.694791524989169185e-01
1.020141669521484884e+00
9.332096080737102284e-01
9.612420340887670722e-01
1.793165459682092733e+00
1.018620504630287416e+00
3.828301564429376636e-01
1.027029997737226141e+00
9.495454140868252457e-01
1.028898619752016019e+00
1.030146832462498052e+00
1.294291817176381088e+00
9.530444825364815520e-01
4.138092716077346189e-01
9.781291345607661114e-01
9.647564375566703987e-01
1.038522203856435011e+00
1.048308049592128643e+00
1.055990312609087267e+00
1.044192108867848967e+00
4.607542477229227273e-01
1.011767402199314159e+00
1.019721044051835834e+00
9.665699729587868827e-01
1.016766343102124326e+00
1.603773444683938676e+00
9.762547136389860825e-01
5.013283040564587845e-01
1.016850948491591744e+00
9.826087487402146436e-01
1.013585948795859393e+00
9.139566829763779987e-01
1.342289853878054995e+00
1.001920654524060206e+00
5.512369067802718181e-01
9.569476609727892713e-01
9.976499184895825101e-01
1.067295050183155292e+00
9.908196317895718863e-01
1.166165786166939666e+00
9.899135556902791677e-01
6.119089528098176078e-01
1.017153305989573653e+00
1.030089242275912031e+00
1.064562446435495469e+00
1.036888033301760270e+00
1.284334437192896639e+00
9.633242432095752150e-01
6.718710163776048239e-01
9.979754899690229664e-01
1.037594615604799486e+00
9.779066518251106066e-01
1.107416944968520944e+00
1.163643288325531655e+00
1.018943044900764150e+00
7.400878577406224679e-01
9.952010758689890935e-01
1.021128732416976437e+00
1.027751776223273961e+00
8.737433407317590772e-01
1.171218396804604822e+00
9.830027035505525257e-01
8.125779820903744621e-01
1.012584394454680625e+00
1.054805904498876901e+00
9.976624293814218003e-01
9.340741141918534884e-01
1.196150473696607319e+00
9.728339427461699662e-01
8.935225340276845563e-01
1.048889896984927406e+00
9.796723663069469845e-01
1.000697502375637038e+00
1.015747509617353384e+00
1.075682745071250057e+00
1.042018839340598024e+00
9.840198454343423995e-01
9.277777502017509059e-01
1.064930272610164819e+00
1.032810310102376006e+00
9.740918826411029130e-01
1.336717461419396624e+00
9.832477423016700024e-01
1.083203314523181637e+00
1.008942485445214476e+00
9.574213494091770027e-01
1.069081093527513238e+00
1.043670103772093016e+00
1.678501398349016682e+00
1.041661345007336426e+00
1.188571877670462573e+00
9.674464080087126217e-01
1.027769603958228029e+00
9.694315657270837772e-01
9.784548530265327893e-01
1.243233170590681169e+00
9.951013424714872935e-01
1.311855591932043152e+00
9.737463130885769536e-01
9.684468763331366414e-01
9.308587294443316784e-01
9.611355348446037894e-01
1.275666335698962595e+00
9.919232966422344422e-01
1.444040310233157598e+00
1.012430586279890354e+00
9.036496210741900015e-01
1.019884722500837171e+00
1.093056313394154211e+00
1.248076227953038408e+00
9.585018104043836473e-01
1.581197337734322472e+00
9.714500962843203302e-01
9.518226220073412458e-01
9.837398553266887280e-01
9.940121712442182567e-01
1.438511526743389446e+00
1.020024390240463319e+00
9.992998548678599935e-02
1.030006011737090610e+00
1.012082675519522024e+00
9.826694454858986294e-01
1.028551668923766371e+00
1.054772556650669824e+00
9.276360350682588685e-01
1.100282632838941455e-01
1.037487837718197303e+00
1.098728360093915279e+00
9.634927785166370606e-01
1.028353586432408706e+00
9.614126826177743501e-01
1.060826256273437851e+00
1.215835977609612539e-01
1.005566566535069040e+00
9.255358235262530764e-01
1.090700578886419247e+00
1.029204360013178832e+00
1.561667595847169965e+00
9.860051899394142172e-01
1.342564750224989889e-01
9.513750810017272963e-01
9.239238305141908025e-01
9.278755880933911016e-01
1.075334361183124310e+00
1.849352828005371707e+00
1.031640227255810505e+00
1.494588722246163459e-01
1.026625160840839435e+00
1.095553473722802762e+00
8.845733301679592486e-01
9.379869798361250011e-01
1.302819056099049799e+00
1.010687674134717273e+00
1.606283897685066298e-01
1.013819268454082323e+00
9.075773971346643432e-01
9.583069254414926519e-01
9.430858135777064888e-01
1.686676936067147192e+00
9.633038887101328385e-01
1.737559497700527922e-01
1.046377563196762228e+00
9.662588391451253367e-01
9.593311280205893965e-01
9.250091826142039508e-01
1.154088149687869436e+00
1.085475445612116507e+00
1.936991288820247015e-01
1.053888627588560611e+00
9.845539896333226348e-01
9.521993268193231774e-01
1.027696328627034639e+00
1.642203546515121015e+00
1.109784294441553021e+00
2.114024807904613945e-01
1.028224057530658486e+00
9.630366666876868376e-01
1.057063007191564763e+00
9.339091497962839217e-01
1.048017447464737462e+00
9.826896357312350228e-01
2.363483559668050904e-01
9.882843493666364498e-01
9.393802852444009810e-01
9.434885787961097003e-01
9.897501629434343196e-01
1.319438199968563818e+00
9.599017496087377532e-01
2.595439602470256957e-01
9.844955762531810706e-01
9.968494985794364993e-01
1.015891604606821375e+00
1.020891104909800173e+00
1.249879208840674050e+00
9.556914989282854211e-01
2.836460147270418175e-01
1.017397940719291016e+00
9.829011344652658355e-01
9.918647322696362290e-01
1.040714611544851564e+00
1.304413903871523228e+00
9.536441092370848693e-01
3.077116282779074341e-01
1.006931297533253833e+00
9.000401426655896264e-01
9.714998812745945234e-01
1.077153481680013680e+00
1.194571760917552350e+00
9.976413316646466356e-01
3.478726848774899572e-01
9.573449147006158899e-01
1.014849062257682455e+00
9.685874469374585738e-01
9.329274191983811804e-01
1.805268301001704545e+00
1.018576200927555186e+00
3.786416129016507703e-01
1.024141204091754132e+00
9.664845154485088852e-01
9.556783494882520325e-01
1.090744037714333148e+00
2.381632731820451987e+00
9.533350556346679161e-01
4.179609662460090358e-01
9.800204914070194118e-01
9.750410764373999006e-01
1.030987377995181919e+00
1.049336049539918214e+00
1.079759176580208813e+00
1.044047991936745579e+00
4.605618946878930475e-01
1.003887812490325437e+00
1.037804721728301960e+00
9.995263935343750017e-01
9.980092428480764610e-01
9.000037921166054167e-01
9.757524213752428732e-01
5.068518152629296614e-01
1.027293183867725501e+00
9.953849001680363795e-01
1.017804767570150704e+00
9.204247084813891311e-01
1.054421584317333460e+00
1.001843399081951080e+00
5.486062875433828090e-01
9.631007775382786074e-01
1.025818072144768278e+00
1.042960944737842066e+00
1.035566021121610447e+00
1.653470943717914254e+00
9.900119444783361811e-01
6.079694839774980597e-01
1.025927455087913387e+00
1.051095507576219612e+00
1.044279532413340039e+00
1.009861896253292368e+00
1.289535794115961753e+00
9.632991385757492253e-01
6.729351051305874076e-01
1.000167431126012030e+00
9.867545494894820468e-01
9.767957355188654489e-01
1.095418010045371648e+00
1.440415136412340535e+00
1.019257402417749869e+00
7.388425633332504905e-01
1.001035679084821606e+00
9.577767315599896580e-01
1.003428344817783868e+00
8.763890625555376124e-01
1.682088692320631296e+00
9.826421342872219133e-01
8.140674591970302743e-01
9.958095642380117019e-01
9.762531269979517479e-01
1.035839770552728023e+00
9.328150990849042312e-01
1.464132496285442953e+00
9.732116253884987023e-01
8.924400852902170111e-01
1.054060772005499746e+00
8.875062770762316422e-01
9.758086816717792544e-01
1.006217327314190779e+00
1.663954509462267861e+00
1.042067036640850208e+00
9.854277093056029724e-01
9.263454482489631436e-01
1.025959359750076016e+00
1.062692926247215564e+00
9.119466091986947465e-01
1.173296188713189192e+00
9.831944281932514240e-01
1.083922334942668098e+00
1.005717331151121385e+00
9.763196195569939784e-01
1.096394488120500332e+00
1.017282896185282892e+00
1.438420025475703135e+00
1.041516311701158770e+00
1.188222611391038130e+00
9.719408447154126440e-01
1.027896600310209685e+00
9.158907480542189949e-01
9.714936970867468213e-01
2.199245590203836365e+00
9.959052916418373869e-01
1.309626678304181890e+00
9.703751442406390870e-01
9.539159292450420935e-01
9.360277809882576738e-01
9.577743194462747800e-01
1.486677412485752026e+00
9.920010830942157520e-01
1.441775137692873354e+00
1.036128432928814735e+00
8.520908130759579091e-01
9.783982477781549836e-01
1.030756961366997349e+00
1.741272947583212938e+00
9.583247340835470141e-01
1.582243839548623798e+00
9.826813696593378333e-01
1.088452910372159632e+00
8.571641398871745476e-01
1.165049265164027847e+00
1.736030659746813809e+00
1.019945145527062724e+00
1.014281123430610665e-01
1.042742937729902897e+00
9.802833857391511918e-01
9.244870177621313800e-01
1.021654839757102806e+00
1.989916065900818820e+00
9.271378012488256104e-01
1.116767843847174257e-01
1.030021268996945683e+00
1.052155606798753862e+00
9.936018175726621937e-01
1.045366883758729770e+00
1.290692036213408445e+00
1.061187811503202072e+00
1.181218904228415606e-01
1.018620966349522927e+00
8.654803815097279474e-01
1.058439454330077467e+00
1.024237042203190784e+00
1.875035205337921784e+00
9.855892566957535905e-01
1.349766209920638949e-01
9.509462826504719857e-01
9.088230572519198081e-01
9.506067575448493567e-01
1.038592346531967081e+00
1.718258121520136239e+00
1.031826572553122823e+00
1.469398600204589178e-01
1.003947955886600241e+00
1.067948212178992273e+00
9.016745726860083687e-01
9.538598038818125735e-01
1.717927477614738851e+00
1.010641776373810030e+00
1.633765499838111535e-01
1.002590940287122034e+00
9.071141584146952264e-01
9.771208659564019072e-01
9.984813266781760177e-01
1.560478521276619457e+00
9.623835322142225701e-01
1.761038234028370897e-01
1.040859598957217136e+00
9.733226790113210791e-01
9.298819965736525583e-01
9.782191915789324455e-01
2.131294799083438107e+00
1.085442280650803948e+00
1.922511739396123021e-01
1.048706695946991285e+00
9.669234593776614428e-01
9.560530103883960740e-01
9.853176045584299825e-01
1.545018846020312697e+00
1.110098903040494411e+00
2.146264565790288736e-01
1.038380035150211267e+00
9.381785142130224520e-01
1.055829716802740847e+00
8.957247994051558138e-01
1.782471866733384092e+00
9.827190685735089914e-01
2.323409447946686301e-01
9.867915172554564407e-01
1.004295236105352762e+00
9.221090422674661502e-01
1.070577215264759241e+00
1.234225707003961059e+00
9.597592422445924143e-01
2.593088531675610264e-01
9.869147984643309446e-01
9.386828378063644118e-01
9.932719505164764318e-01
1.048826029721666719e+00
1.858195469389170240e+00
9.554883418923575400e-01
2.838688079534258391e-01
1.008503678041390739e+00
1.068321335407205863e+00
8.805657641875367370e-01
1.123349988637837971e+00
2.326318960882647779e+00
9.545533083652418815e-01
3.147533550886817966e-01
1.016361230296073614e+00
9.088743559058316546e-01
8.980578044708122931e-01
1.067672868133284325e+00
2.127378883870730597e+00
9.988909770672244059e-01
3.460901013467110321e-01
9.456681094992832604e-01
1.066580725132011187e+00
9.828989532174640109e-01
9.429328096683944338e-01
1.566901514243542737e+00
1.018709122230773811e+00
3.804083739928866836e-01
1.032336438294839009e+00
8.460094451998090292e-01
1.038233321949978416e+00
9.756095476952563184e-01
1.228991738613287588e+00
9.532132144279825692e-01
4.161003947919167389e-01
9.830754715620765305e-01
9.053290028784515275e-01
9.545511715637138295e-01
1.102913641170712111e+00
2.624983416606943898e+00
1.044708713837387615e+00
4.600320344403759920e-01
1.027374487567621175e+00
1.077261524435896067e+00
9.075545705082375125e-01
1.057132697223335471e+00
1.563886447878923169e+00
9.752950308850524275e-01
5.054106854679775163e-01
1.015995290399897666e+00
1.004989324682430851e+00
9.903649905990263846e-01
9.259015555155090116e-01
1.759024358106986652e+00
1.001593743369965539e+00
5.538612646921652338e-01
9.686096728911858245e-01
9.953543720021184038e-01
1.017196852202810975e+00
1.016060722377392089e+00
1.571429441085652856e+00
9.897123909293163990e-01
6.127704140968500690e-01
1.021224709058073277e+00
9.994034149063117933e-01
1.038982551223813777e+00
1.021368260248995075e+00
1.806390214606230726e+00
9.637022873605414208e-01
6.711189013972044259e-01
9.975588966089222742e-01
1.014488314457569595e+00
9.613153209186725556e-01
1.133210235310049496e+00
1.823859448387687987e+00
1.018260210227432960e+00
7.393175878149136349e-01
9.972432682575567142e-01
1.039257050838358065e+00
9.915481929221607871e-01
9.116853600946202008e-01
1.603859393354960972e+00
9.826376177888829222e-01
8.152231442270290174e-01
1.006518885336190383e+00
8.521284187614037720e-01
9.931485375511084346e-01
9.681297400715893620e-01
2.240233946899409467e+00
9.725668042937357649e-01
8.945799654782842225e-01
1.049265036671442664e+00
9.547806778571317210e-01
9.762663304326005820e-01
9.876771294619342001e-01
1.647801995310729239e+00
1.042920632633416389e+00
9.832473824703764631e-01
9.312111749374795133e-01
1.065375291370609379e+00
1.001512397663633092e+00
9.534240027641305293e-01
1.974385216481807648e+00
9.831334167084400111e-01
1.085127711726890265e+00
1.011303094917546330e+00
9.371422225583613264e-01
1.083738748218447290e+00
9.900936904032127117e-01
1.624503792972804561e+00
1.041683226831649378e+00
1.190274272969382263e+00
9.757366336981485588e-01
9.075244661308865535e-01
9.917738145532870586e-01
8.815028698693956333e-01
1.662071408633816416e+00
9.946085593734323993e-01
1.309750991186765079e+00
9.879805047876152324e-01
9.253361760796152691e-01
9.313414833389133118e-01
9.037606441165676463e-01
1.436792591937147812e+00
9.916610374237162517e-01
1.438431671870470163e+00
1.020492950920103059e+00
9.433104694305894933e-01
9.641454901433116342e-01
1.152254092415675446e+00
1.528922103489481099e+00
9.585381409831388311e-01
1.583291628506725335e+00
9.513964432512341807e-01
9.014458376018279484e-01
1.000353075957440385e+00
1.033356926909775542e+00
2.286187524344707178e+00
1.020273977524296383e+00
1.000984741836929148e-01
1.045016252175949845e+00
9.902568049514917092e-01
9.088243360419623329e-01
9.864587791786352255e-01
2.073033005644652871e+00
9.286703277105644583e-01
1.109240372184951279e-01
1.025752964842747472e+00
1.009191267868643660e+00
9.199717432198868394e-01
1.009384559908805823e+00
2.215811304183538333e+00
1.061906250003350483e+00
1.234165956224848870e-01
1.008160159966408065e+00
1.062605428708236710e+00
1.044833743623514888e+00
1.083098233850475545e+00
1.894631095860308090e+00
9.865335083402460015e-01
1.331577112512746797e-01
9.463310466276088073e-01
8.699718766451756125e-01
9.503886294366651333e-01
1.021385609059838995e+00
2.673880672712043882e+00
1.032782771237187314e+00
1.451848754769213268e-01
1.011960722288703485e+00
1.032842914502004161e+00
8.947827204322985617e-01
1.021332026909938628e+00
1.373918416161536316e+00
1.010067882848243892e+00
1.617704459745349932e-01
9.972986408903947719e-01
9.979007673250835930e-01
9.239161983385868471e-01
1.039040410648278456e+00
1.708124805776918054e+00
9.628537871880602506e-01
1.779284241397584010e-01
1.035209927318150536e+00
1.004204187296293904e+00
9.518256990876376999e-01
9.835677421258928188e-01
1.620950316124389889e+00
1.086446862271013503e+00
1.931254362228480570e-01
1.037125110138587436e+00
8.902771173962514828e-01
9.306488101714874839e-01
9.719092213512743328e-01
2.542204959628046268e+00
1.110371562446621052e+00
2.168654758714388398e-01
1.040903069740674480e+00
1.107056805403053623e+00
9.705018367225548559e-01
1.015921129164820025e+00
1.568977484308443859e+00
9.825433743118626717e-01
2.360134924589036010e-01
9.998661913471487139e-01
9.964619034053210367e-01
8.785855570353827693e-01
1.035284935266315820e+00
1.820581132440535210e+00
9.594400935945437414e-01
2.593635517310924898e-01
9.821619575814043435e-01
9.552939902308018594e-01
9.874215348661387059e-01
1.041986405131433369e+00
1.914026751893484590e+00
9.549762474134066981e-01
2.867467630124409528e-01
1.022500551043298067e+00
1.007711862604406816e+00
9.395520355981001881e-01
1.050568051891092036e+00
1.678305275469571756e+00
9.543899787113581112e-01
3.109905451028641132e-01
1.017067136423197127e+00
8.036380469549968542e-01
9.350188686138484195e-01
1.032492803076676235e+00
1.781764768871329618e+00
9.977610307183576444e-01
3.470251918902528265e-01
9.595355891052831376e-01
1.066666444732008889e+00
9.332423276022184799e-01
9.520969708540828469e-01
2.016859458311937026e+00
1.019291048123217802e+00
3.786064058834088253e-01
1.010835532712750950e+00
8.904146260011334135e-01
1.039703602781593350e+00
9.957455236072080274e-01
1.927799387626411676e+00
9.543795217037329692e-01
4.184068000737897752e-01
9.916690852370935172e-01
8.707275758973509472e-01
9.572238684215601534e-01
1.100964151815390979e+00
2.811226498695874376e+00
1.044137092137790379e+00
4.589405405497020141e-01
1.014470544599284985e+00
1.008573776996086746e+00
9.189732862131524405e-01
1.009191546653330551e+00
1.900569993584774853e+00
9.765015114215078729e-01
5.070845970917746692e-01
9.994413705594368258e-01
9.955513670311590957e-01
9.961340710534407616e-01
1.003699271135961579e+00
1.934474192280295268e+00
1.001733188496417792e+00
5.560875934460303149e-01
9.740706432986510066e-01
9.213430769530184250e-01
9.825361313868633539e-01
1.161493004422733843e+00
1.764854366499102323e+00
9.895005563070666810e-01
6.118590350729107286e-01
1.041345482310370718e+00
9.798236032408220719e-01
1.014511429710413637e+00
9.661713793483771573e-01
2.164709502862843138e+00
9.624638921987042073e-01
6.702237505508150672e-01
9.995182817142783671e-01
9.872569725989130962e-01
9.120647563580925876e-01
1.129056871624568359e+00
2.067546443191569328e+00
1.018020800955482530e+00
7.417517819024632697e-01
1.005439536456361527e+00
1.075044123311831301e+00
9.476284825160415926e-01
8.467448782817514896e-01
2.007020459118086020e+00
9.855709442134223952e-01
8.123376236559179953e-01
1.021160714727604057e+00
1.130432935962100371e+00
9.697238022788152723e-01
9.280892137850182966e-01
1.553662244113144686e+00
9.733797887152370043e-01
8.924985114184018631e-01
1.053936053375590820e+00
9.790845140651572853e-01
9.059568915958641222e-01
1.104352732330661668e+00
2.387524021897888815e+00
1.041899899995268663e+00
9.841278724075819273e-01
9.250994670974052037e-01
1.143693717155399359e+00
9.708457006821010760e-01
1.009434988454975812e+00
2.315222458748612766e+00
9.841706325367232111e-01
1.084631734758308541e+00
1.031628241600203832e+00
1.059785677616312594e+00
9.683705136955719217e-01
9.265610559419142911e-01
2.618584699016553330e+00
1.042794450709231935e+00
1.191283956199003402e+00
9.628222178535645881e-01
1.051906063496633736e+00
9.452031577376527327e-01
9.340680677264092679e-01
1.734572350468246427e+00
9.954031376416916377e-01
1.312006976669308767e+00
9.711177835488802312e-01
8.177136596408095537e-01
9.269306801242584992e-01
8.932329434586057104e-01
2.259424431588672455e+00
9.933422577324927394e-01
1.441215257440419339e+00
9.947215598005453296e-01
9.743922695797765376e-01
9.892492824191192469e-01
9.890375620924377609e-01
2.851679053663286556e+00
9.614745069354487805e-01
1.584395416852749650e+00
9.640847681818052184e-01
9.564883868111486720e-01
9.757679794311089339e-01
9.845155150912374697e-01
1.936498755466536270e+00
1.021982684066166769e+00
9.981347776849971987e-02
1.049200321923161594e+00
1.109834908873941650e+00
8.403804624587960515e-01
1.041292078304298041e+00
2.525257140676951728e+00
9.373465898078234826e-01
1.108499412807094908e-01
1.031090677455654747e+00
1.086967521123978653e+00
9.467319724609113418e-01
9.574736238844886449e-01
1.401382800589932476e+00
1.071171907389149691e+00
1.215955778351286709e-01
1.018927994988507280e+00
9.570759248223013049e-01
1.050639935609585685e+00
1.087176908619188032e+00
2.080741193309505022e+00
9.917557848751673566e-01
1.317900027009022146e-01
9.461861321925404411e-01
9.338855288019305423e-01
9.928163003664749464e-01
1.030642810556184452e+00
1.742806885922312032e+00
1.025763743927161631e+00
1.456934763836124080e-01
1.018719267031662268e+00
1.041137168256265344e+00
8.841174926327181050e-01
8.938137715521333737e-01
1.846397330340840970e+00
1.008968605374210181e+00
1.621912437139118313e-01
1.006955505951612651e+00
9.872769926171983679e-01
9.379196642975113907e-01
1.012200255777788493e+00
1.302284264664857805e+00
9.542484939350612816e-01
1.775337982010068427e-01
1.040839969030006307e+00
1.068968381114333344e+00
8.785366601500154138e-01
1.090110267744555328e+00
1.992834825758488915e+00
1.091842600890058357e+00
1.933435809063822064e-01
1.044499803639926672e+00
9.491070997719910363e-01
9.697756680668078166e-01
8.938233662599628371e-01
1.839567418785442054e+00
1.112368965435594159e+00
2.149241088256666488e-01
1.045018421363638428e+00
1.113245494748654085e+00
9.794936082545746547e-01
9.125297494957788080e-01
1.648809872804197552e+00
9.902479309312763878e-01
2.353089166550693945e-01
1.016244865619255755e+00
9.794179843482421211e-01
8.231640412596632483e-01
1.115425657356399647e+00
2.113099118271695609e+00
9.543121452586185161e-01
2.577225902621332887e-01
9.956849307867490229e-01
7.985373777512657645e-01
9.983757076341909231e-01
1.046279620431902257e+00
2.010018875879907352e+00
9.597404211786578765e-01
2.832882329252298659e-01
9.969725819165076164e-01
1.031824909520385303e+00
9.265311875202577596e-01
1.031158041814086657e+00
2.554467964350179088e+00
9.698681370684623104e-01
3.132396084938925962e-01
9.983842049858555612e-01
8.745145918917966998e-01
9.130808738851102779e-01
1.134676868448506237e+00
2.564051029968879014e+00
1.008781883442678273e+00
3.463882761641614572e-01
9.600416098715491842e-01
8.434235491105439575e-01
9.637357944352966665e-01
9.230867950861204596e-01
2.491692420019739451e+00
1.010868670234486455e+00
3.788145684418068315e-01
1.024143813076783704e+00
1.017140012946139427e+00
9.782735083461915337e-01
1.045250797596855241e+00
1.789829083580755098e+00
9.517012546908831805e-01
4.187351265209472428e-01
9.857075420502698915e-01
8.420211467326439436e-01
1.019861693719139151e+00
1.112102044649556642e+00
1.594094452497418768e+00
1.038916492673670477e+00
4.586533589830318336e-01
1.006385848528813742e+00
9.775204382550125581e-01
9.519730878979741906e-01
1.046097489469869579e+00
2.566518823254818837e+00
1.002762257847828575e+00
5.023454060406198352e-01
1.028806947114184300e+00
1.162996235273533241e+00
9.011814116333900504e-01
9.627357135399401411e-01
1.629834867288641131e+00
1.021303410696912994e+00
5.541336561290797214e-01
9.611439717287695306e-01
9.736636455094987985e-01
9.651500490670861243e-01
1.105951818289506949e+00
2.911988798462268768e+00
1.002392342061999342e+00
6.122699899542448643e-01
1.008068275205090680e+00
8.397102971643809477e-01
1.109685125984552156e+00
9.577845697088618326e-01
2.509894111824188201e+00
9.727826620818795789e-01
6.702431127775193564e-01
9.950241632377034851e-01
1.086546592183427418e+00
8.517994792545025007e-01
1.120316302077216442e+00
2.803317677261174978e+00
1.031402370531144586e+00
7.418663643513084827e-01
1.002645132000695494e+00
1.010336493726014639e+00
9.428669363002827319e-01
1.001635262362776890e+00
2.168419007085545580e+00
9.859129138969626727e-01
8.128770153411617461e-01
1.030890821805932500e+00
9.431674030935319752e-01
8.936990213554057982e-01
1.008510750398908140e+00
2.489932357602149260e+00
9.682947267162779204e-01
8.948845231243284237e-01
1.069088618915549960e+00
8.521949822687361342e-01
8.422757516254890664e-01
1.110125197490113846e+00
2.970791120790273521e+00
1.044575152814276819e+00
9.825232371850468605e-01
9.430162064750199358e-01
1.395258631198883048e+00
9.171102341108273714e-01
9.771870277943591754e-01
2.502808761783875902e+00
1.013121218741097840e+00
1.081352668718272181e+00
1.032093758024685615e+00
7.531475988413638412e-01
1.067902867785931686e+00
9.113235426046643051e-01
2.495850490172542457e+00
1.055000342233196831e+00
1.187820739652702740e+00
9.630120743914337700e-01
1.048198473004841480e+00
9.383930921766528988e-01
1.113779971561811077e+00
2.274940593446660664e+00
9.898753902518228065e-01
1.308441679764059007e+00
9.568512954888793720e-01
1.055766988090015568e+00
8.633361094950424697e-01
1.104531561991006772e+00
2.783220509838069123e+00
1.002287900634293516e+00
1.440690402663067582e+00
9.998200831914294540e-01
1.060881464173415001e+00
9.146921704955037757e-01
1.135943655702097432e+00
2.634928202443951317e+00
9.769502904336972993e-01
1.585484670827734588e+00
9.564946723826370789e-01
9.903201212414384225e-01
9.466575412624486097e-01
1.133694724447059210e+00
3.093926560755893007e+00
4.598399477610195518e+00
9.702580944026721610e-02
1.040064320334484149e+00
1.060445297083403737e+00
8.370711048132548626e-01
1.114293421238595760e+00
3.313536272153563722e+00
3.406905577241327698e+00
1.119105211662689420e-01
1.037626285435068407e+00
7.832451532297284302e-01
8.959476867356175322e-01
1.018445405727010034e+00
3.512671918660104975e+00
3.755883459369331767e+00
1.194235751577897575e-01
1.039391750142366622e+00
1.056438093540298828e+00
9.208756127648471956e-01
1.142188613549474763e+00
2.553947680370032280e+00
4.452427422343917307e+00
1.315130979936259270e-01
9.375159977606228878e-01
9.235981684480754073e-01
8.701158364126516664e-01
1.172816597841901620e+00
3.143335519320171301e+00
3.632227449290621024e+00
1.490650155636724927e-01
1.037230905180250407e+00
1.206153499163101328e+00
7.837879680453870845e-01
9.193308336813302839e-01
2.531418005715709185e+00
4.834392416384270419e+00
1.595212818512436459e-01
9.678864247037207713e-01
9.421927896915525125e-01
9.936536741255826977e-01
9.189835663024181756e-01
2.387268598925469831e+00
5.173962967476943398e+00
1.811471577213425166e-01
1.045198985913071699e+00
1.094932669489530497e+00
8.508072288400903016e-01
1.052362796558501845e+00
1.693623484172036786e+00
5.109456866902805316e+00
1.946195480266433575e-01
1.018280845990331640e+00
9.131338884196023020e-01
9.527220376114369227e-01
1.045858866493363681e+00
2.843799256872986625e+00
5.180305225309043138e+00
2.145951396404289502e-01
1.007930967553830381e+00
1.024091082512753603e+00
9.252428956724803033e-01
1.109921183148090185e+00
3.651207974964321146e+00
4.489919382067532716e+00
2.403424021365968000e-01
1.001928851739373405e+00
1.063823557194591540e+00
8.332862715120213926e-01
9.592462780264231492e-01
3.062976126596776094e+00
5.138782964768672912e+00
2.589142780235161867e-01
9.716054185688092204e-01
1.102668857805729763e+00
9.065201957195476723e-01
1.172704067667083461e+00
3.208899687245831522e+00
3.824984847364921059e+00
2.855566538563160672e-01
9.923032972535577034e-01
8.748568184365765887e-01
1.018811030427598130e+00
9.966640728243636449e-01
2.448629353443649403e+00
4.436735724473797049e+00
3.118839564805536702e-01
9.945182642501342318e-01
1.001983317143313679e+00
7.842863567852885742e-01
1.426536525472489547e+00
3.551263727711052809e+00
5.979679738856100712e+00
3.453456177312902442e-01
9.524017084095467434e-01
1.088851784181357862e+00
8.486244138939236237e-01
8.639953270442607414e-01
3.846131539922456710e+00
5.594612521664435789e+00
3.816569426089145844e-01
1.001700449069767629e+00
9.502414212496530510e-01
1.041552205262338493e+00
1.108909891585440066e+00
2.908160943208621951e+00
5.861087064821831838e+00
4.138600821872576718e-01
9.411811870976464212e-01
1.108615465982329518e+00
1.004018407947948166e+00
1.214896096690329719e+00
2.465261243710515249e+00
4.621366121833652585e+00
4.648127125096899737e-01
9.821568324471540157e-01
1.150784835683538843e+00
9.346029864695667433e-01
1.218719997574054803e+00
3.013623759022705961e+00
5.122055429537143212e+00
5.044210050387679667e-01
1.024237443453950069e+00
1.257465685170746195e+00
7.734286886373418213e-01
1.135176200561323956e+00
3.334900142473440354e+00
5.762488369133364152e+00
5.556741681727519477e-01
9.875039555262239421e-01
1.181111484048136484e+00
8.484680117066579763e-01
1.175607409903107303e+00
3.149733807993983614e+00
6.961638295333097304e+00
6.108836858098471989e-01
1.024621208549648221e+00
1.260319900703193330e+00
8.665829008644297948e-01
1.094725589386761566e+00
3.076720558274612660e+00
4.182982164967507188e+00
6.748038671095475394e-01
1.002910352420177009e+00
8.745500273520914192e-01
8.155484133487744813e-01
1.215410098467285760e+00
4.680105829955053309e+00
4.608255620428702848e+00
7.398167296488585842e-01
9.896584357580456848e-01
1.292565569655480306e+00
8.597944707713534029e-01
1.129605998555286650e+00
2.625043427534117235e+00
6.012268696390089318e+00
8.132947715986167392e-01
1.019199807499402199e+00
9.409860154259650500e-01
7.701557070500101299e-01
1.306060910172637923e+00
4.769118572404718037e+00
4.786197645451701455e+00
8.926422994637130959e-01
1.057170986147889291e+00
1.131511248673388703e+00
8.318942210241546675e-01
1.112005879378791473e+00
3.396143752605792709e+00
4.747922475342163828e+00
9.814234191604743751e-01
8.823360238453222815e-01
1.096318866990069862e+00
1.003222074766233263e+00
1.164904091432364286e+00
4.348333751210986087e+00
4.795350652248189682e+00
1.086300660014035691e+00
1.023190704925057037e+00
1.024107653100813975e+00
9.215051514100232044e-01
1.236124917056348416e+00
3.633342893598904055e+00
5.249898220778467461e+00
1.186414301268928106e+00
9.786869175013441779e-01
9.235957699120463937e-01
9.427628985533654804e-01
8.294652564661493255e-01
3.030640589275954699e+00
6.586901040872440660e+00
1.308648697406046946e+00
1.010410573348707874e+00
1.303024394122900054e+00
6.703398472049900692e-01
8.570709417531416907e-01
2.883541167044850972e+00
4.153912776234051307e+00
1.444258205797097627e+00
1.019010803252235808e+00
9.672750035353188114e-01
8.582321558021662744e-01
1.232344305962994824e+00
3.377269551827082772e+00
4.433052465913938534e+00
1.580487716539839882e+00
9.943707608785551377e-01
7.663918262265880799e-01
8.522368297368950740e-01
9.205845601267513834e-01
3.307474249997447657e+00
4.800053422309233930e+00
1.014831506142652717e-01
1.015444820908539381e+00
1.424778687409847366e+00
8.444037192927005275e-01
1.291181824461192118e+00
2.641517191251535390e+00
5.226967601572743760e+00
1.137989896423459435e-01
1.035738639711024645e+00
1.229118726414473617e+00
7.285090522499096943e-01
1.403051061975487901e+00
2.742271389985874830e+00
4.461758957056670916e+00
1.220144731370191443e-01
1.050494047137477738e+00
1.161491267374904268e+00
7.102334004841500681e-01
1.451506396977591873e+00
3.587867171416863066e+00
5.760547748983133154e+00
1.388753652184524512e-01
9.805335318374075460e-01
1.251169985657669459e+00
7.908340337578027013e-01
1.185400951392520774e+00
2.356537648722702105e+00
5.233837476730387017e+00
1.418953038822434731e-01
1.075001626093161855e+00
1.197782438567197572e+00
6.823731092478388938e-01
7.739248345033058474e-01
3.256265269760779013e+00
4.954992425881544094e+00
1.588706360745954227e-01
9.952073848034738157e-01
1.199612909206082545e+00
6.711064591712958549e-01
1.455763951026179948e+00
5.049421312627268676e+00
5.094149542903112504e+00
1.773528535250671334e-01
1.055720300678664625e+00
1.104245181321891422e+00
7.946361722985226805e-01
9.471713345393799610e-01
3.341803222516086525e+00
4.675476974276729258e+00
1.956829415009360695e-01
1.070192586998278683e+00
1.306361297510153507e+00
6.354122779689591605e-01
1.332493572955711247e+00
2.633455042090460996e+00
6.101666156085872927e+00
2.145301900522099958e-01
1.029442701085887313e+00
1.263351076667964978e+00
9.052145167081903088e-01
1.245857161493460818e+00
4.205011291348272451e+00
5.927389124557025823e+00
2.270104771748094608e-01
9.702114047313511458e-01
1.047702275906694958e+00
7.859345572480070929e-01
1.081047389836187644e+00
4.171198060491971837e+00
3.800862189923728263e+00
2.730751889246939568e-01
9.656775243157840194e-01
1.260087423274187879e+00
8.485455282764812202e-01
1.177660580079678665e+00
4.485693425918443111e+00
4.029094717348050025e+00
2.889115873519353950e-01
1.007877892064726222e+00
1.230269849173213581e+00
7.849948447987880051e-01
1.288262407294717526e+00
3.399757090103696644e+00
4.972708285831570763e+00
3.136841088244811115e-01
9.936875333265886567e-01
1.020162667550063018e+00
6.926144422829657588e-01
1.406072449820942705e+00
3.522240683826189489e+00
4.402986507335165278e+00
3.561113629674583780e-01
9.130027674004255189e-01
1.292793928579350826e+00
9.372090739638517798e-01
1.135483440460665516e+00
2.878557820130696054e+00
4.420933943065239013e+00
3.841540746200265422e-01
1.000892885559894863e+00
1.474916951278943733e+00
8.067494705360065410e-01
1.427828988121637499e+00
2.463373235429832775e+00
5.272391918912457065e+00
4.240853114691452430e-01
9.882711620163260324e-01
1.634570185718023039e+00
8.255350089171968886e-01
1.617938548023968082e+00
2.724109770874793668e+00
3.890580924314172684e+00
4.478519020134290041e-01
1.061398923602692168e+00
1.056547306831879807e+00
6.555485531855314019e-01
1.798333149820972476e+00
3.580215597582296461e+00
4.868474762164590963e+00
4.885358260916601303e-01
9.685767814763911465e-01
1.519420693010343770e+00
7.398717564648772393e-01
1.279398821443196832e+00
4.594373271872169262e+00
5.776595263636158606e+00
5.728754430035783995e-01
9.670563592449651358e-01
1.143096928422967729e+00
9.149699694708456343e-01
1.294289423113717419e+00
4.134776832995892271e+00
5.482093298998107045e+00
6.024036914181821745e-01
1.043293848756751796e+00
1.549549563473147984e+00
7.687126512809171475e-01
1.316305700187043959e+00
2.588181982559842886e+00
4.929344264649867746e+00
6.731985790769066114e-01
9.324301485155315206e-01
1.269477975373797252e+00
9.419825714460710042e-01
1.496656317878483744e+00
2.663816459635313549e+00
4.943321610944765965e+00
7.450455175166985633e-01
1.005046943587596164e+00
1.317634517135302108e+00
7.309210356768350847e-01
1.379164931578914288e+00
3.871500894491231470e+00
5.697559173996975090e+00
8.107922611628296528e-01
1.026785376287823848e+00
9.915377163742060684e-01
7.783308811027583873e-01
1.224663691867362791e+00
3.165891539443020264e+00
4.849036489786128001e+00
9.005841271402965642e-01
1.048408427711811530e+00
1.288990961273635882e+00
6.955294406204727276e-01
1.546794709354943897e+00
4.647103403161041868e+00
4.229351639052640444e+00
9.709046454754425293e-01
9.446333167633250705e-01
1.345375223956242428e+00
7.140888784986448856e-01
1.259400801585712770e+00
3.071780927632033364e+00
5.072499552776075227e+00
1.097397173625729527e+00
9.667557572826572798e-01
1.711278714079529806e+00
8.458241924076309592e-01
1.630587686676961523e+00
3.033823363871099410e+00
3.130933593778741475e+00
1.195777188066744490e+00
1.019565402816640765e+00
1.343158525704854389e+00
6.377645285324298197e-01
9.728199401666592916e-01
3.522251368837513219e+00
4.211835686334615581e+00
1.307413503231181773e+00
9.318524777190109187e-01
1.234737569952254033e+00
7.906505122990494794e-01
1.591039296066188102e+00
3.933982604636286684e+00
4.385129819505967141e+00
1.438283065199166044e+00
9.894439227836627770e-01
1.169703311177737071e+00
8.253141782655102343e-01
1.344698201892605027e+00
3.629923760580217706e+00
3.818483007460202749e+00
1.591249361482361513e+00
9.241941455402802319e-01
1.873404973265332174e+00
6.750772514786822498e-01
1.924144048642739246e+00
2.505113803896969138e+00
9.999999999999997780e-01
1.185813366300025873e-01
9.034868497478720784e-01
1.691108359252963211e+00
8.074134218636886962e-01
1.898555807540122542e+00
4.860190706698322316e+00
9.999999999999997780e-01
1.814118221937522923e-01
9.097680787870556784e-01
1.627293438183426755e+00
8.322146725347966401e-01
1.753958862312048783e+00
4.826522607035815149e+00
9.999999999999997780e-01
1.516683115660502623e-01
8.976389043235102339e-01
2.505382925867343680e+00
7.182595618007151517e-01
2.175179229048149754e+00
4.236693092560155804e+00
9.999999999999997780e-01
1.768656957291015464e-01
8.956493529806305309e-01
1.647120159532478478e+00
6.865722299962195851e-01
1.555192915802537490e+00
2.998733117624325928e+00
9.999999999999997780e-01
1.974637004725624811e-01
8.750622463340699264e-01
9.690351811688998618e-01
8.602707156104401065e-01
1.681732734614864722e+00
3.845348258649065709e+00
9.999999999999997780e-01
2.454427682911157760e-01
8.606131181859850710e-01
1.149318328397223699e+00
9.742897968640805706e-01
1.910699770512860329e+00
3.224545356823693254e+00
9.999999999999997780e-01
2.461993473097600360e-01
9.047117448688455354e-01
2.415992631005291269e+00
7.762851973125167726e-01
1.522582143150040590e+00
3.639762503249686088e+00
9.999999999999997780e-01
2.812898134635192227e-01
9.064269008016333506e-01
1.888137671658458361e+00
7.509270970060406558e-01
1.965009490979621187e+00
4.673927298066122837e+00
9.999999999999997780e-01
2.878309208948449105e-01
1.025379099400663296e+00
1.864729904542989924e+00
7.858974079796652301e-01
1.384654355512157764e+00
3.487276708467442088e+00
9.999999999999997780e-01
2.186355180938361065e-01
8.822441728132230931e-01
2.128554742256171028e+00
7.667287394392963140e-01
1.843001482804804692e+00
3.892531195554404633e+00
9.999999999999997780e-01
2.716126823319164885e-01
8.337880597265827642e-01
1.594095901445921948e+00
8.894437015673501978e-01
1.709939655740627229e+00
5.206046697541976798e+00
9.999999999999997780e-01
3.723386964831901236e-01
8.512924555843500718e-01
2.078797325407360397e+00
9.610784654797468463e-01
1.831833389099583487e+00
5.153219112934622537e+00
9.999999999999997780e-01
3.510293655365716026e-01
9.650606614104267900e-01
1.787511963191549258e+00
9.159908680838370065e-01
1.586966613278592897e+00
4.735410654449245804e+00
9.999999999999997780e-01
2.907004448799165308e-01
8.186119080174787399e-01
2.626623117600662471e+00
7.518857063052982737e-01
2.139558683230100122e+00
2.740869192732466431e+00
9.999999999999997780e-01
4.216752368159667475e-01
9.479556248174212385e-01
1.126220207277977670e+00
9.188301012424583414e-01
1.571796552293773352e+00
5.174139573351093091e+00
9.999999999999997780e-01
4.421756353183211585e-01
9.409517786293399855e-01
2.141857530875699744e+00
7.758359468512969759e-01
1.642678144475756552e+00
2.754772434633640188e+00
9.999999999999997780e-01
4.715547527549724949e-01
8.627399666711019766e-01
2.085685380669251465e+00
1.019054259622454994e+00
1.625954965808342978e+00
4.208332394730210702e+00
9.999999999999997780e-01
5.495197567544222172e-01
1.003166546367145973e+00
1.849484762357039624e+00
7.171389933560560204e-01
1.759152617661014606e+00
3.641946905690372827e+00
9.999999999999997780e-01
5.173871040367636898e-01
8.966515218993489356e-01
1.760655203067317043e+00
9.274348737046151925e-01
1.639832585113432106e+00
4.363193591930650150e+00
9.999999999999997780e-01
6.501841839138199353e-01
9.465976221691405623e-01
1.702327423885095170e+00
8.222678928681776966e-01
2.367093784327768624e+00
3.526246427812941509e+00
9.999999999999997780e-01
6.539957999717157522e-01
8.001257597985074188e-01
2.326906681090259443e+00
9.545781815543954441e-01
2.493894751976212909e+00
3.060728730128454700e+00
9.999999999999997780e-01
7.641588049769109103e-01
8.461153949741776481e-01
1.455821479760148751e+00
8.832295531553240320e-01
1.950392987509359966e+00
2.526408873310995951e+00
9.999999999999997780e-01
9.096226160601631472e-01
8.337250581837405417e-01
1.603636714206552183e+00
7.683883312304322644e-01
2.282125067071606228e+00
2.653316090412038530e+00
9.999999999999997780e-01
1.023127352188364814e+00
9.515568311899030851e-01
2.029842819395843101e+00
8.310192152515399888e-01
1.735664200835386639e+00
3.651623785855758975e+00
9.999999999999997780e-01
1.003904127244092503e+00
7.856499452920434612e-01
2.054190822259920335e+00
1.044833960453234623e+00
1.929709817109516168e+00
4.852013660073392742e+00
9.999999999999997780e-01
1.085039133927449440e+00
8.341207548018735318e-01
2.411769827361733842e+00
7.563440613482910191e-01
1.944097414250898881e+00
3.547620209524895873e+00
9.999999999999997780e-01
1.370781204858635638e+00
9.282934957886735949e-01
1.915666365096933887e+00
5.110576141237838099e-01
1.606335688163165187e+00
6.033919339889736833e+00
9.999999999999997780e-01
1.360340843655296172e+00
8.220411039181891866e-01
1.762760068675708336e+00
8.905718621051776918e-01
2.273912853492892960e+00
4.311040998957829551e+00
9.999999999999997780e-01
1.470364091089042091e+00
1.052599217712013591e+00
1.813782444473315936e+00
4.426509141709528139e-01
1.452483511678174466e+00
3.862109802456392238e+00
9.999999999999997780e-01
1.596996657813759768e+00
4.028362173593085238e-01
3.854712058118697993e+00
1.663770680867022289e+00
3.185643267046313731e+00
3.491599245761256132e+00
9.999999999999997780e-01
4.333625938453730342e+00
4.589709406223828614e-01
3.818907545492974176e+00
2.297272261077979660e+00
2.280009269825248541e+00
4.728647546429448845e+00
9.999999999999997780e-01
3.883469524861993705e+00
5.589063736615622613e-01
3.867253496395348211e+00
1.392761218486605390e+00
3.030678722411905390e+00
2.768605082526835126e+00
9.999999999999997780e-01
4.212466286820051309e+00
5.745350486499358755e-01
2.997064434869060712e+00
1.486643282723307369e+00
3.969454396108010208e+00
5.248597065419629004e+00
9.999999999999997780e-01
2.890264119755659777e+00
4.631548750013197990e-01
4.519395907929777856e+00
1.833252592486215082e+00
3.050148791045401708e+00
3.995206620470452386e+00
9.999999999999997780e-01
2.989290165796872678e+00
4.963882767108581118e-01
3.422309244829094155e+00
1.391365830610217014e+00
2.431953359400877535e+00
4.377551062803798132e+00
9.999999999999997780e-01
4.103736705057006162e+00
4.851836259625238457e-01
4.225501843276756375e+00
1.736581625238948323e+00
2.317038565218433099e+00
3.905095953268576725e+00
9.999999999999997780e-01
3.692630875419887104e+00
5.146132757096405497e-01
2.938776017298136978e+00
1.547282783189542599e+00
2.740681126625215125e+00
4.202749284639468286e+00
9.999999999999997780e-01
4.805952649356389550e+00
6.339908065982827745e-01
3.552871109120119719e+00
1.437089602249095988e+00
3.411858126305502115e+00
4.254338341094966225e+00
9.999999999999997780e-01
2.776564536079341394e+00
4.619282556370097881e-01
3.688607598826652456e+00
1.429634281188319367e+00
3.336699184772363047e+00
4.159013658457849871e+00
9.999999999999997780e-01
4.856608773363776166e+00
4.706274143348599948e-01
3.811111966822630315e+00
2.122414581565952751e+00
2.704072662481597611e+00
4.875162708829691383e+00
9.999999999999997780e-01
2.807503176669180256e+00
4.480711215436971040e-01
3.453002613606027893e+00
1.938583402838037983e+00
4.308879377567610192e+00
4.460900646705026062e+00
9.999999999999997780e-01
2.711888054981890228e+00
4.856935757280999022e-01
3.202327006708968860e+00
1.660730231516796440e+00
2.865003111215260301e+00
5.240109196731609131e+00
9.999999999999997780e-01
4.964118349786494910e+00
5.868839267607893762e-01
3.684138871174867269e+00
1.368188330152276810e+00
3.198848956161335799e+00
4.168945835726807658e+00
9.999999999999997780e-01
2.534264210028428721e+00
4.684098489739582094e-01
2.143317435412406713e+00
1.479099693160925488e+00
3.597259145513423739e+00
3.497871110090149394e+00
9.999999999999997780e-01
4.126475449419965358e+00
5.719830494656807929e-01
3.786233858854295420e+00
1.699281454799329794e+00
1.882213966680646777e+00
3.135096221434156671e+00
9.999999999999997780e-01
4.183678247255214089e+00
4.893064177936829462e-01
3.904814882865665027e+00
1.462567979459837186e+00
3.482573875467580571e+00
4.242916007519554000e+00
9.999999999999997780e-01
4.122950680722951233e+00
6.236743416380889915e-01
3.408115052909066911e+00
1.239527672270521297e+00
3.205877849658172352e+00
4.005557710425772022e+00
9.999999999999997780e-01
3.378336033054611054e+00
5.655409236760065017e-01
3.936306789853742494e+00
1.195213213237652949e+00
3.538523721866783767e+00
2.747781579290586418e+00
9.999999999999997780e-01
4.642323686831100638e+00
5.219333793493048379e-01
3.384837816867296567e+00
1.339390758390533565e+00
3.696554767295980870e+00
4.284616520546721929e+00
9.999999999999997780e-01
4.214170899587697861e+00
6.040515739770970782e-01
3.353866631691562183e+00
1.471621705423857618e+00
3.280386196313512581e+00
4.399337869428792125e+00
9.999999999999997780e-01
3.311641827456264231e+00
4.837987828876680885e-01
4.643993106642347435e+00
1.894366090427567428e+00
2.008756436451016647e+00
3.718835033926464639e+00
9.999999999999997780e-01
4.532657613908036787e+00
6.566861723993469013e-01
3.351224429350081913e+00
1.503626349660729167e+00
3.207938608946578452e+00
4.490359808525510310e+00
9.999999999999997780e-01
2.185566907790159163e+00
5.718819700273402029e-01
4.019828639570432571e+00
1.597017429448223114e+00
2.287434633474723533e+00
3.519578557981669853e+00
9.999999999999997780e-01
4.342833575782888644e+00
6.218992710654676070e-01
3.794794501766967976e+00
1.517386573862667287e+00
2.460143328534508456e+00
3.680792074519726675e+00
9.999999999999997780e-01
4.349662175571681999e+00
5.390919919737989785e-01
4.341761553227663661e+00
1.349297979354922905e+00
3.098381129471474704e+00
3.451940353777058768e+00
9.999999999999997780e-01
3.649254689706023846e+00
5.482483208494015603e-01
4.118077913129683409e+00
1.333859580199491246e+00
3.471943955032503304e+00
4.017580186077085003e+00
9.999999999999997780e-01
4.769103558060536763e+00
6.687880069197016386e-01
3.750795859356698347e+00
1.773452223302620423e+00
2.645097023232369615e+00
4.295373687443133193e+00
9.999999999999997780e-01
1.897969148450381782e+00
4.632252985582338556e-01
2.795232153815851994e+00
1.142168412301358904e+00
3.302988294651708401e+00
3.022042433244365611e+00
9.999999999999997780e-01
6.080750247441282674e+00
5.970973408911339764e-01
3.356470677438671224e+00
1.360177866792231072e+00
3.462457519853760601e+00
3.754743169285473137e+00
9.999999999999997780e-01
4.835300210332890813e+00
