2.056082725757479024e-01
2.589609136399228517e-01
3.375014038563801666e-01
2.805069097588110405e-01
6.317609456784812894e-01
2.702036417105443955e-01
2.812043994880721043e-02
1.949180362302559977e-01
2.884161854629613275e-01
2.609494310208688161e-01
2.978110058093128565e-01
6.536247436940643141e-01
2.817029588265297924e-01
2.989884442143963747e-02
2.041296440905691623e-01
3.094501771371116483e-01
2.679964194206405081e-01
3.327873497822634863e-01
6.206810022120566872e-01
3.299457370137659495e-01
2.820118483973313092e-02
2.075883488648198605e-01
2.371188836703014557e-01
3.354953755644299318e-01
2.888434172167694269e-01
7.502555638906299729e-01
2.787887308084613935e-01
3.046206204970407228e-02
1.722521964012493079e-01
2.461797104601360919e-01
2.598084390835440627e-01
3.000972283898154513e-01
5.641979112659719631e-01
2.974515427943420498e-01
3.711238146221852718e-02
2.318133410904268388e-01
3.155773100352922134e-01
2.921101861927187793e-01
3.152007848928086720e-01
5.787210832511111569e-01
3.289871626577421937e-01
3.740075271997801709e-02
2.096512549209218756e-01
2.825895034673953088e-01
2.649481421788398849e-01
2.970926589136065887e-01
6.849771598443895604e-01
2.844108231494786310e-01
4.253043282626366856e-02
1.991805277493828852e-01
3.059140945752436003e-01
2.535076705890479398e-01
3.391920373129660993e-01
6.789591618418916452e-01
2.667203934164540380e-01
4.226404488169362844e-02
1.751677227753068444e-01
2.754098329729612882e-01
3.317786700423270285e-01
3.150744401127501537e-01
6.552538595091242923e-01
3.025944454809191830e-01
4.337736701928580213e-02
1.973070929352107039e-01
3.748620669569558417e-01
2.709293851681267573e-01
3.557443724159874976e-01
5.376053850963149472e-01
2.891670492637256062e-01
4.457319851137633848e-02
1.869966807051653412e-01
3.043615224623960058e-01
3.317326150823762809e-01
2.428951704591679195e-01
5.872598991050835826e-01
3.026251491096960122e-01
4.345542189468853261e-02
2.031832828538258640e-01
3.149308563136007932e-01
2.517639784272215353e-01
3.660053455398046274e-01
7.294404235869323960e-01
3.724606256533852244e-01
4.147165938951766218e-02
1.975878833091864184e-01
3.770120249681768732e-01
2.623140833483133538e-01
4.095654952475094590e-01
5.991344749818524607e-01
3.109256259960910262e-01
4.742177422773084100e-02
2.098470327022023685e-01
3.451924167568868884e-01
3.051601201453140733e-01
3.144902637819844138e-01
6.524829447328222010e-01
2.717790266054139758e-01
3.613947263662941473e-02
1.792756459340947295e-01
3.151627020162985904e-01
2.589368445591371803e-01
2.916333774892236330e-01
6.226198339505234491e-01
3.311606412686474155e-01
4.758522576477900584e-02
2.317585340169625863e-01
3.990324314599716926e-01
3.394568268583321724e-01
3.201900672093652145e-01
6.424212590152538205e-01
2.886675472165645129e-01
5.203661794874711588e-02
2.464405890119474585e-01
3.434537951516466459e-01
2.876379635871991747e-01
3.265516465501325238e-01
7.710667809181162013e-01
3.016420082230638067e-01
4.335051956381087007e-02
2.049955789939952866e-01
3.128845168797793619e-01
3.009926299772448521e-01
3.116363041073424989e-01
9.671496450641096088e-01
2.812047464718094303e-01
5.828084551341817382e-02
2.183765855087300423e-01
2.874373154366569039e-01
2.699404526024636319e-01
3.487698162523416023e-01
9.745873965396822936e-01
3.076304377230458797e-01
6.244495519332722566e-02
1.992097741570604263e-01
4.263196996518577864e-01
2.932923307287393921e-01
3.280582308615785370e-01
1.013737997849153416e+00
3.131449117694596884e-01
5.659447511940137593e-02
1.998246275585515708e-01
2.620778343859366810e-01
3.532318978883276506e-01
3.004540048684019582e-01
6.128657239382858668e-01
2.707542287192732933e-01
1.975680773311754360e-02
1.980472729398756737e-01
3.031401611535147200e-01
2.696345268987517807e-01
2.995319066705505184e-01
6.697788296217492832e-01
2.815192522701134292e-01
1.809635277273697468e-02
2.010318942002211895e-01
3.045985627555285458e-01
2.838597203651945233e-01
3.609635612334454735e-01
6.300229022930732281e-01
3.292712918540481870e-01
2.161175415754536255e-02
2.085555791125047465e-01
2.388818553536742328e-01
3.213539815255434529e-01
2.983647304006472600e-01
5.927366335703256883e-01
2.781386255000009022e-01
2.403954334306544413e-02
1.630385688620810125e-01
2.258361941274177886e-01
2.583748640791628248e-01
3.030415403135452435e-01
5.970850245145266078e-01
2.969680503884575828e-01
2.133113933527947328e-02
2.351819570366094625e-01
3.050217802627128716e-01
2.875852229170777208e-01
3.320386580090635142e-01
4.391370564130460674e-01
3.283997874208205436e-01
2.429882790823190142e-02
2.173383506527149234e-01
2.944859683889711199e-01
2.746907485686012618e-01
3.084104640853414514e-01
6.678515275062625323e-01
2.829737985840276027e-01
2.615313764490966725e-02
1.999059754737933792e-01
3.045017194050358977e-01
2.684594965469496164e-01
3.316673967043259896e-01
6.792763164667298126e-01
2.689170083456562388e-01
2.823055984379803721e-02
1.743639024958279216e-01
2.699323731097718615e-01
3.312528149789921716e-01
2.935074830392155887e-01
6.559067159986667894e-01
3.028482290341615313e-01
2.686035658313044514e-02
1.975282270429080944e-01
3.484794187269715793e-01
2.798898882007777589e-01
3.429159149247473781e-01
6.266597522826691247e-01
2.893549121044983186e-01
2.180972281585296171e-02
1.924678511462097896e-01
2.914465261013046149e-01
3.189034326804711661e-01
2.485900905848917042e-01
6.123707315305405574e-01
3.018982439452218558e-01
3.158647976508586336e-02
2.031607538661804047e-01
3.011371580301611672e-01
2.521925119696045714e-01
3.933073398914997409e-01
6.039716787996610714e-01
3.726662549355684306e-01
2.885294618042967552e-02
1.911962627899899958e-01
3.679845149587568365e-01
2.803055655789963296e-01
4.106099715335463363e-01
6.242519903088318278e-01
3.101415776846024319e-01
2.367642984759005600e-02
2.151433480887751659e-01
3.255576856010893860e-01
2.990465998815969861e-01
3.163248663934685734e-01
6.296129743091695152e-01
2.702746280129741940e-01
3.587433002536300625e-02
1.736077128429788230e-01
3.189517839866543025e-01
2.525626086542956950e-01
2.609558740499736129e-01
5.918635568760723942e-01
3.300786843370748791e-01
2.755366156375591014e-02
2.352145900355905317e-01
3.986621769567100793e-01
3.275237780925427389e-01
3.463402747901726531e-01
6.397680747943447210e-01
2.896751200231029166e-01
2.804059945602548412e-02
2.428173326619797734e-01
3.177537185552247734e-01
2.795266794723159087e-01
3.258684176945167987e-01
7.220999896115189998e-01
3.011138375142824453e-01
2.775336286554713761e-02
2.002445107362589016e-01
2.920615322708465800e-01
3.005153119324668887e-01
3.144853953083108777e-01
8.204899320405772967e-01
2.800012066326227345e-01
2.921851767220894416e-02
2.008235188455116949e-01
2.522708209330268847e-01
2.660342776668538356e-01
3.486490952987765790e-01
7.233664241329006428e-01
3.077848975075624938e-01
3.270775201349490624e-02
2.173969978808915626e-01
3.860020698938095851e-01
2.677914585050647500e-01
3.172991584304046264e-01
9.168566542213245629e-01
3.126678926294829131e-01
3.574726346380877745e-02
2.006802951035223936e-01
3.042776410861375291e-01
3.384230109359359084e-01
3.087259452751172084e-01
7.689609905426062486e-01
2.712885549789412210e-01
1.606707910290108149e-02
2.039661463228861771e-01
3.072481181362768377e-01
2.562015833114334451e-01
3.089349734306891526e-01
8.035610344391103110e-01
2.818888914299524928e-01
1.475520678277250815e-02
2.024446160213823065e-01
3.056954716904369262e-01
2.854509359494971088e-01
3.656117605061869891e-01
7.665955392569515636e-01
3.296644859161658725e-01
1.776327357917726474e-02
2.162884147044673022e-01
2.376602839425557834e-01
3.209582597569318740e-01
3.565835541697597311e-01
6.717697313325379227e-01
2.783916792266912243e-01
2.106994748843325424e-02
1.659424584894864940e-01
2.550390278723452808e-01
2.743937217069220558e-01
2.902815905888361248e-01
6.848227251665235382e-01
2.969810406452766949e-01
2.165370004779454405e-02
2.379463693379949563e-01
3.083779514986617620e-01
2.977805165181520719e-01
3.260298318632557368e-01
6.254867448106486982e-01
3.292461603368431744e-01
2.527816504471798453e-02
2.190833152773473125e-01
3.149616666267511245e-01
2.627097890209718623e-01
3.191405622237732942e-01
6.882157036033882402e-01
2.833382967586497436e-01
2.192918750907249525e-02
1.978086451509147303e-01
2.923612927075953105e-01
2.615075607695326321e-01
3.486750264953791256e-01
7.734992329919128107e-01
2.682439404693287011e-01
1.879414082743815009e-02
1.742397839385460834e-01
2.703324834962603229e-01
3.376517913643161672e-01
3.174192115425291671e-01
6.328959675595310364e-01
3.022463743513132961e-01
2.345286114105554071e-02
1.983185945761074542e-01
3.450817997220039235e-01
2.822511628861197330e-01
3.611713011395016881e-01
1.449972310162588318e+00
2.889595930604333951e-01
2.268945413552603957e-02
1.907355400394784850e-01
3.193492677615863973e-01
3.268548182425914383e-01
2.886401531417455146e-01
8.312575295431808842e-01
3.012685985715212733e-01
2.060429781948039038e-02
1.996030136985889603e-01
3.098881144361109730e-01
2.556702646583260963e-01
3.943097353345056955e-01
6.533415840315756062e-01
3.725728747686740672e-01
2.500649312378478567e-02
1.950070772439935485e-01
3.661465048739230843e-01
2.833728203610987872e-01
4.262765163779888011e-01
8.973308295792211675e-01
3.105178475679429284e-01
2.089726507278066164e-02
2.202638714779874551e-01
3.634302009879125106e-01
3.102432073184772654e-01
3.334129867481425147e-01
1.431162807392312164e+00
2.706997208351376583e-01
2.074986686911351949e-02
1.773025129721199633e-01
3.313027598859563660e-01
2.561393844581567603e-01
2.823478388501682868e-01
1.929699017895465607e+00
3.304015313937783693e-01
2.045402401670761219e-02
2.330455525041938425e-01
3.975901163774477887e-01
3.349810976171797017e-01
3.637467632735374434e-01
8.954965523029471131e-01
2.894564320019086257e-01
2.423846108953959730e-02
2.402905484519316792e-01
3.659342716026028342e-01
2.593910763443085243e-01
3.118105985865332608e-01
1.871610228092487560e+00
3.021303209453183869e-01
2.417316744087105382e-02
2.057611300554078593e-01
3.518570232294307432e-01
3.518514468244398063e-01
4.047683686448344531e-01
1.895014542039484384e+00
2.808593416862281145e-01
2.726179501187818779e-02
2.055484384834430356e-01
2.801085065829668763e-01
2.663016830847066418e-01
4.048717690336048891e-01
1.093859015877612917e+00
3.079980430492694765e-01
2.946007357896893858e-02
2.144739678878445632e-01
3.974196830510623446e-01
3.087167106278743134e-01
3.282033930251059273e-01
2.548632638272447792e+00
3.147688046344589430e-01
2.926964481522744896e-02
2.002319138942624532e-01
3.228717334544918827e-01
3.513567630652396079e-01
3.217442081912266216e-01
8.928425164562816541e-01
2.709407543591124123e-01
1.585719550058997673e-02
2.042750546045859206e-01
3.164977885164868554e-01
2.806306531502221202e-01
3.384738812211626757e-01
1.184325292971651455e+00
2.816232323777825841e-01
2.213882179468878997e-02
2.170956029726639758e-01
2.979810186010125039e-01
3.005517019765898135e-01
3.950941334469853516e-01
8.094642975046194566e-01
3.290347513674081181e-01
2.003422917164391151e-02
1.987432457912656214e-01
3.311303407929389042e-01
3.282390990364063565e-01
3.594929628697204893e-01
1.016034992649123891e+00
2.783994104581370421e-01
2.322330522242826295e-02
1.667956048097923860e-01
2.623707530936563170e-01
2.767899151348151010e-01
3.569650966438128181e-01
1.471477108946531276e+00
2.975222042718323467e-01
3.109033278780181514e-02
2.410179668792946095e-01
3.450021413282380323e-01
3.229422519575238515e-01
3.739557717904791190e-01
1.004384350650344038e+00
3.296943663528030255e-01
2.728961146917516581e-02
2.168266105724702686e-01
3.418434415931492221e-01
2.896125492145301683e-01
3.641340871732330342e-01
1.103658487604745497e+00
2.835297826365500429e-01
2.809622024919054134e-02
2.011070244889711089e-01
3.702071765347228482e-01
2.970659806756544841e-01
3.799310112326801936e-01
9.554917770968482937e-01
2.683382343962829597e-01
2.557897126985326022e-02
1.709143725110531531e-01
3.257167408120991148e-01
3.349137676468375568e-01
3.776992963237841283e-01
1.556301500752087286e+00
3.028023455491114513e-01
2.248518369050911403e-02
2.070612792230432930e-01
4.242204416316387450e-01
3.074672025237380479e-01
3.785616188790839054e-01
2.313578053133253931e+00
2.887897862282303163e-01
2.382700087043523873e-02
1.959339301582382897e-01
4.219678944814007626e-01
3.499233357465829086e-01
3.226902810932509302e-01
2.272563787151391068e+00
3.015455259204282701e-01
2.427172782707150145e-02
2.087340811840901478e-01
3.692954076555211573e-01
3.322044839843866226e-01
4.219657088893845609e-01
2.474018171540604882e+00
3.725699095319090492e-01
2.589412105835491029e-02
1.960347379169226079e-01
3.489194151042705472e-01
3.004622830147951618e-01
4.693228927792499894e-01
1.974932917256882359e+00
3.106265299090477661e-01
2.101304865265150520e-02
2.259013952669472192e-01
4.173406928755510337e-01
3.544745085858756473e-01
4.039853517403924066e-01
2.676764158601188548e+00
2.709015137952512919e-01
2.807785154782795056e-02
1.628614030669454649e-01
4.188944542785095204e-01
2.477414077592948738e-01
3.412901937233712713e-01
1.567559475903588240e+00
3.304974236916450314e-01
2.480927853534982061e-02
2.412172275845719527e-01
5.070481263627775181e-01
3.416445647485421011e-01
4.172311051709035601e-01
1.942001536350467905e+00
2.892284231293329455e-01
3.327699977159598310e-02
2.385152124868914481e-01
3.936443463289581723e-01
2.992251233788237319e-01
3.832506542262720250e-01
2.047708048221246191e+00
3.017067177349359586e-01
2.525764529186962093e-02
1.961252205750512734e-01
3.902728965269905426e-01
3.575128451968097587e-01
3.810959958293530514e-01
2.152987855216767166e+00
2.809875625062850935e-01
3.177124270456033184e-02
2.191512819647721821e-01
4.333970533101915712e-01
3.529024834942398603e-01
4.503708350309710284e-01
2.491391068739878367e+00
3.085113251522629829e-01
3.333192030989274440e-02
2.244981740959701433e-01
4.477048820698890097e-01
2.999895391156832680e-01
4.095011217044782770e-01
1.780124435498213753e+00
3.134272757302302148e-01
3.624606896688810365e-02
1.972251097428300848e-01
4.377522347577663675e-01
3.831592257626264542e-01
4.474898483648460101e-01
1.871615679964848233e+00
2.710143870067764360e-01
2.177433639623180262e-02
2.067577657879473285e-01
4.442441084041692800e-01
3.057970278882735093e-01
4.299481623597223301e-01
1.218619899813810248e+00
2.820483454631315667e-01
3.016907068568244754e-02
2.268822730008529520e-01
4.155162830092106740e-01
3.147606526334862376e-01
4.735822240225499580e-01
1.523118899070645016e+00
3.284991219859481060e-01
3.208335783085596027e-02
2.220689618734561499e-01
3.654582950208544734e-01
3.229232794441279086e-01
4.282765463838997255e-01
1.328219009179476329e+00
2.786561680391129725e-01
3.139563523980624937e-02
1.732380330585187589e-01
4.043066404999107188e-01
2.843232297796963182e-01
4.767214550261381634e-01
1.768622325927637462e+00
2.967130427225546097e-01
3.299660082352043333e-02
2.504098747779523459e-01
3.983693766243555645e-01
3.646893831121074681e-01
3.813876480233063804e-01
1.817407421219943808e+00
3.292753621393048058e-01
4.212689194854742081e-02
2.305916819051200550e-01
4.681476721338792557e-01
2.842226812701066363e-01
5.124215459000029949e-01
1.865374571734903064e+00
2.836820837448963961e-01
4.208263573540226704e-02
2.061269241364715177e-01
4.324240642581606009e-01
3.188194311272806725e-01
5.297408448681317772e-01
1.850797394218411718e+00
2.678868504914532211e-01
3.647135678350132970e-02
1.895601454860778023e-01
4.516485983464611498e-01
3.208221836805674743e-01
4.963983786448828428e-01
2.253134161851305439e+00
3.024725246998546391e-01
3.973681932084378865e-02
1.981000276818842554e-01
4.933942887168716873e-01
3.110508243263066519e-01
4.447640230095470382e-01
1.873975891986734865e+00
2.882250241705241467e-01
4.245052490349217333e-02
2.054073872655660937e-01
4.549886714915788444e-01
3.448202696028454528e-01
4.588936903997304362e-01
2.085371955477127059e+00
3.020163066142841912e-01
3.778136359552228263e-02
2.207829986526033128e-01
4.169488942057304470e-01
3.094144455210784406e-01
5.083566380269519680e-01
2.762590946131486369e+00
3.729978286641685847e-01
4.266848367263403885e-02
2.012425251676609184e-01
5.043552564494805379e-01
3.207436088554320164e-01
5.783759418212846004e-01
1.603304038654411068e+00
3.102743391149870855e-01
4.438219062252402036e-02
2.162789689747376398e-01
5.187691848092742530e-01
3.940393407802518233e-01
4.880132201046450402e-01
2.182042785347304115e+00
2.707957953743347912e-01
4.082688680523316460e-02
1.785276652314650714e-01
4.925908918096255640e-01
3.256775976683284335e-01
4.648248177929499847e-01
2.620949661533577668e+00
3.303301233195861664e-01
4.328886191415573514e-02
2.529453389076758429e-01
5.254741777864568864e-01
3.360076468883804734e-01
5.539826120454970360e-01
1.511727989250100546e+00
2.896538481369230755e-01
4.605561125601571187e-02
2.498398341138164391e-01
4.083820561300612884e-01
3.140553490210607479e-01
4.583764239066944191e-01
2.115340954435884768e+00
3.009745839464431638e-01
5.409689476494532884e-02
2.095804134749251479e-01
4.994057443789079453e-01
3.757597721539854829e-01
5.038785555901217350e-01
2.320488700645073177e+00
2.810494596644710352e-01
4.918071599544863309e-02
1.921915821154737691e-01
4.664665702576733519e-01
3.262523642229537280e-01
4.316474145296712583e-01
2.172367986120255168e+00
3.078666544244297865e-01
6.528004660082202537e-02
2.038365561508085066e-01
5.885160774505335812e-01
4.069261057387867364e-01
4.443894226377312351e-01
2.731683761326618942e+00
3.124914773918043842e-01
7.354057075116890441e-02
2.060769506750777524e-01
4.527092783214530236e-01
4.226372007055639868e-01
4.475174326378817402e-01
2.018988089369359695e+00
2.725386413993983181e-01
3.203968869471639225e-02
2.096712009080823613e-01
4.765296645729076852e-01
3.342681803644400040e-01
4.687043878646610651e-01
1.839030260863441901e+00
2.814295650143106009e-01
4.097431266310470888e-02
2.103416362068319112e-01
4.282614448883574343e-01
3.343639348576019632e-01
4.592410580471681381e-01
1.757227118760531726e+00
3.282096899915052379e-01
4.793766251378007992e-02
2.144369243258201774e-01
4.329603111027551243e-01
4.134743440163253236e-01
5.008862021316698998e-01
2.048032775733133359e+00
2.774350487650805719e-01
4.354569090220931221e-02
1.678845622586640496e-01
4.250037115586871583e-01
3.198682519019720449e-01
5.390886529347302947e-01
1.817240661134572610e+00
2.978984357767550661e-01
4.324200087522504787e-02
2.317399213651162859e-01
4.633392764767174099e-01
3.544500282370536826e-01
5.261652427197129889e-01
1.708329036461868622e+00
3.292348506979679290e-01
5.491452464858342930e-02
2.191206307445887902e-01
4.511754170073649095e-01
2.885323184182877476e-01
4.694640388018077592e-01
1.560881648210953987e+00
2.834546013362292394e-01
5.125216585153489351e-02
1.941951456357253747e-01
4.458321001369961456e-01
3.685144295766038525e-01
5.148178197410813173e-01
1.901279503717217878e+00
2.676622340383668641e-01
5.878829147917457448e-02
1.925614006140006496e-01
3.633252155665981364e-01
3.829859078539413764e-01
5.050758617644439674e-01
2.102144483185298007e+00
3.030407823700665970e-01
5.607102453180058677e-02
1.973492477651718480e-01
4.956959138437473378e-01
3.047684787082100000e-01
4.945609133792084888e-01
1.673174493586394584e+00
2.900804654324430909e-01
6.649887229615537854e-02
1.869102836610211926e-01
3.971992055785280029e-01
3.444393382149524840e-01
4.569523578809668307e-01
2.381332888158484540e+00
3.006111884682634572e-01
5.926337007130850348e-02
2.066908508623272467e-01
4.814240676586012957e-01
3.018684092147450038e-01
5.498083757188790832e-01
1.896519755804225271e+00
3.715305039583008395e-01
6.833101282454726033e-02
1.848252438072527926e-01
5.138313219956622824e-01
3.269699074901115110e-01
5.116354775513456410e-01
1.788104668677761078e+00
3.104008715540071961e-01
5.214747490436064808e-02
2.410526163577923486e-01
4.459983021967711125e-01
3.220890815521975092e-01
5.108761131313178661e-01
2.429198507629059200e+00
2.709415572444422993e-01
6.710712344489193348e-02
1.658089382853911442e-01
4.815936149765148167e-01
3.635944542558564585e-01
4.326718280793666049e-01
2.164952853529892529e+00
3.310797039924608387e-01
6.728201378477734196e-02
2.419306947364565363e-01
6.155377478221623067e-01
3.870361462911211525e-01
5.601315827717400220e-01
2.012894170174602149e+00
2.892718601912967480e-01
6.395195225263536343e-02
2.413514121071319574e-01
5.564700177294472638e-01
3.239435658231620274e-01
4.686664461561115269e-01
2.674513640913168011e+00
3.021061825648238552e-01
7.487391624149637714e-02
1.914714099533159630e-01
5.295974087907519001e-01
3.367108223478230689e-01
4.830880371218055358e-01
3.132740925949736965e+00
2.820604611550931451e-01
7.932866969673929569e-02
2.253261212948392267e-01
5.575653937731626097e-01
3.609420285138096318e-01
5.559699904621470123e-01
1.789530120698809679e+00
3.077002948903557744e-01
7.852435692214977669e-02
2.353607241894017654e-01
6.826106521327616194e-01
3.723173471902294640e-01
5.137249926975574477e-01
3.273503266157674840e+00
3.140492767863799495e-01
1.018982201632579743e-01
1.986367474882212714e-01
3.979422833311767604e-01
3.953800861660538568e-01
4.922579797343816232e-01
1.761248539341553787e+00
2.814588282663573748e-01
8.567050470825485209e-02
2.025386115152902899e-01
4.853179195142687807e-01
3.491702771123304516e-01
4.272594309697092529e-01
2.362464850946530692e+00
2.842414174780655278e-01
7.254070860383621255e-02
2.121806155138062921e-01
4.891041321039625300e-01
3.471641445085632549e-01
5.110466922390836109e-01
2.038164989720893772e+00
3.335709899046866433e-01
7.836342180065350438e-02
2.104721453678956300e-01
4.580379036521781133e-01
3.390696833396097953e-01
5.207515846477153154e-01
1.865745101589252330e+00
2.793996416631158164e-01
7.361457487955171131e-02
1.802312757292511558e-01
4.164040817692746810e-01
3.468873294598454615e-01
4.867798809536774129e-01
1.824605005099041222e+00
2.997815894435352235e-01
8.839809533353576443e-02
2.456472348652021520e-01
4.701044307828103341e-01
4.072595736379148734e-01
5.134472845561269816e-01
1.809863328343603639e+00
3.241432328662246509e-01
1.029777279586265165e-01
2.202175134794061850e-01
5.217892048916001890e-01
2.725702589088023764e-01
4.646043529613088641e-01
1.799174419632564303e+00
2.872581030246781908e-01
9.040969895694621339e-02
2.145767024327263628e-01
5.312599223250465963e-01
3.008429686906088363e-01
4.917235382720400172e-01
1.934085818960546987e+00
2.709575404738026050e-01
1.093638405838807670e-01
1.873720467401749634e-01
4.270129963823194319e-01
3.380161732243715522e-01
4.973342335438244999e-01
2.188616820489967640e+00
2.957881968401993578e-01
1.032155454586429072e-01
2.010252730896223972e-01
4.524382163757953434e-01
3.433252079189444417e-01
5.400419914205972782e-01
2.504301894919286120e+00
2.958387102948596414e-01
1.151749275512259224e-01
1.869045947149373110e-01
5.027901081734625910e-01
3.917902055889624369e-01
4.390730883046448096e-01
2.344363678830844400e+00
3.063345008493473798e-01
1.257856876655047418e-01
2.094068304809993397e-01
4.722075536708419397e-01
3.458766817120973447e-01
5.798974243238256276e-01
1.981500689979229790e+00
3.720751256148874808e-01
1.536534488858988245e-01
1.908640447274940199e-01
5.147408907143640189e-01
3.419132367354564828e-01
6.003790900998666746e-01
2.408381602708824953e+00
3.200032369199053983e-01
1.192015130940032308e-01
2.268787468798926510e-01
4.373366050712139685e-01
2.774908679523902522e-01
4.785676315202487818e-01
2.239215095226191998e+00
2.869815834262193777e-01
1.224017831136489376e-01
1.696711430076357219e-01
5.866087724697163219e-01
3.601765720971939477e-01
4.242363237035098877e-01
2.207721405290496541e+00
3.352413466668562880e-01
1.274243580632508921e-01
2.408496460260682315e-01
5.573158092840382327e-01
3.752080655643793006e-01
6.079029035326880548e-01
2.390741123154155989e+00
2.935174244653659392e-01
1.448268149259031301e-01
2.530152732408517124e-01
5.614253254539920412e-01
3.614955155364545925e-01
5.586363622747834157e-01
2.950001594816110018e+00
3.138696258501564307e-01
1.534457705682404083e-01
2.132865608590568673e-01
5.039800835699987935e-01
3.454979556446220457e-01
5.486057178426178016e-01
2.155539938357273755e+00
2.778758827994651237e-01
1.315613804974350154e-01
2.150447749233883044e-01
5.933564064034139163e-01
3.409717868181246780e-01
6.132302761599807139e-01
2.975120997018962488e+00
3.083016572161543234e-01
1.692153195343731320e-01
2.226889378823962706e-01
6.170760026729278369e-01
3.894045661462076091e-01
5.500264447027367609e-01
2.772246163618254933e+00
3.283674684218933493e-01
2.146061931315804139e-01
1.901258214135324032e-01
5.548793717784574753e-01
4.741719965981416873e-01
5.048475757261137176e-01
2.664209224776607154e+00
4.607698463919134291e+00
3.196541449234187038e-01
1.901921045904690077e-01
6.645250573156782359e-01
3.524945782588039811e-01
5.415371611542842967e-01
3.208477771291671665e+00
4.390050624095121812e+00
3.865156306722381530e-01
2.348759052400119229e-01
6.514254244785221415e-01
4.378139004000620726e-01
5.337673161968259361e-01
3.237254482185468962e+00
4.545188549876111317e+00
3.621258460927358480e-01
2.092263664119556332e-01
5.875612388219521032e-01
4.677080366176096238e-01
6.633298907600186922e-01
2.726970233038242597e+00
4.591031883979335149e+00
3.587837344763142866e-01
1.737153604902534343e-01
5.409512834658454228e-01
3.700179887249444577e-01
6.453845784281178055e-01
2.876897908628994749e+00
4.535063561776689234e+00
5.397461946788901788e-01
2.420294500090638123e-01
6.699003716151934462e-01
4.459437033505345149e-01
6.046192062468987993e-01
3.331637460258777050e+00
4.207644457187793563e+00
3.826325933656161138e-01
2.457889639748440380e-01
5.295471886812535001e-01
4.351038675983134874e-01
5.753573566142419216e-01
3.196396372866645574e+00
4.854777376800514688e+00
5.027415002046219383e-01
1.997117394040780480e-01
5.918562007365559818e-01
3.974689605838044315e-01
6.760455968596639220e-01
2.905156703395628703e+00
4.621568174110482374e+00
4.687429211182090327e-01
1.778473777207783824e-01
6.936795991293083219e-01
4.290905506117417834e-01
5.945424780140078358e-01
3.069752635408515840e+00
4.731667158724547129e+00
4.613406217690592670e-01
2.164912895774591672e-01
6.714156958613697324e-01
3.946943564661085091e-01
6.285783270432743208e-01
3.014248560855693704e+00
4.470875758256530830e+00
5.097820874162648508e-01
2.001221218919997935e-01
7.696845151494287052e-01
4.086083067311251371e-01
5.508617401771236377e-01
3.276391431197474891e+00
4.341919922631957363e+00
5.225974031096100036e-01
1.984517167417121919e-01
6.691686497057873773e-01
3.306972809048895345e-01
4.646199161681046630e-01
2.983723489493188996e+00
4.661491755321756969e+00
6.190422197788274516e-01
1.986059011205555946e-01
7.674430823670991275e-01
4.975250293823781367e-01
6.171720993491891516e-01
2.615895192131356684e+00
4.662376382868374414e+00
6.318844868205772958e-01
2.067396141053421399e-01
6.505626477180872502e-01
3.796599208418610649e-01
6.361526120931996209e-01
3.272654920812276824e+00
4.721361135431260792e+00
7.038859841772987513e-01
1.844676215363240113e-01
7.829303887741847490e-01
4.712306668053102832e-01
5.751066808438743960e-01
3.364281048651416306e+00
4.593697842429512512e+00
7.543578735861286022e-01
2.577770487618921136e-01
6.898384865794016108e-01
3.502707270930336403e-01
6.995982314069226771e-01
2.934118045741938907e+00
4.751398757129376094e+00
8.140938511785090759e-01
2.498690544044891715e-01
7.150575870047204408e-01
4.838535714198967663e-01
5.700826956956743796e-01
3.399855587619375896e+00
4.755737541025240489e+00
7.430030873758449728e-01
2.469176374661133933e-01
6.921231805025158668e-01
4.864327976635223760e-01
6.231572230422640635e-01
3.159618393997613683e+00
4.651993525390551554e+00
9.548533452791813092e-01
2.231792964507995358e-01
7.658371437728075382e-01
4.089581153254689960e-01
7.727632232356532738e-01
3.743004808407743411e+00
4.649711575305173206e+00
9.312029237388235181e-01
2.240071088619619288e-01
7.811271751205310920e-01
4.607477346654410555e-01
8.390316168466150915e-01
3.614634281359450529e+00
4.937280759614355752e+00
8.678649429195165466e-01
2.347701365072509538e-01
9.552434013874923080e-01
4.863143134369157794e-01
9.485741524425689297e-01
4.200281299353992637e+00
3.860831432761565374e+00
9.459270938901651604e+00
2.646765234294762292e-01
1.126979981316820423e+00
5.517356929719798853e-01
9.971439191745766761e-01
4.123524188511352939e+00
3.710593815140559304e+00
1.159689024938399093e+01
2.677002253371586482e-01
1.081675581251133833e+00
6.921880058104702416e-01
9.994120715290969459e-01
3.660617826518513418e+00
4.052420775539435915e+00
8.764376765297368976e+00
2.437452063789919132e-01
9.678768937047032006e-01
5.656386942982103427e-01
8.954038941216411196e-01
4.187375219856185993e+00
3.941840470559951459e+00
1.048495346934147854e+01
2.020654848330177555e-01
1.093782204267569558e+00
5.495728883226440598e-01
1.020228430797589958e+00
4.253777864015055421e+00
3.979612369693332763e+00
1.089559682802303975e+01
2.551297287788616419e-01
9.211821598799259103e-01
5.526566161904873375e-01
8.760303434959405555e-01
4.330016824790029695e+00
3.911260482647390457e+00
7.785826154768078489e+00
2.368998943469290130e-01
9.893980867708453975e-01
6.292046501009332937e-01
9.249695266798382276e-01
4.381826511092957510e+00
4.213620902014199032e+00
1.105549868503658928e+01
2.471539505027942063e-01
1.116575941554213358e+00
6.193866406875433439e-01
9.166579749824435019e-01
3.610015492581924335e+00
4.103682341772898923e+00
8.953686928480024676e+00
2.067811651320075883e-01
1.092412723680017406e+00
5.788929587806561639e-01
8.953888752218999159e-01
4.031148772562153759e+00
3.822491386766554644e+00
1.078769964572934725e+01
2.209867311180721550e-01
1.021487592190389870e+00
6.143189470883099190e-01
9.919669794668584117e-01
4.128164768529544837e+00
4.115263772467987025e+00
9.436556549555536577e+00
2.177149768333596358e-01
1.156116083297680230e+00
5.689420003832114103e-01
9.334697258983071233e-01
3.516095335936392452e+00
3.812550706778014664e+00
1.124107890100940388e+01
2.657212503285740768e-01
1.043468501615442134e+00
5.787585670566349760e-01
9.099800240684258190e-01
3.466167845091240540e+00
3.933425057509674083e+00
1.036479744862387165e+01
2.257810152236738865e-01
9.295740988791368897e-01
5.470580226050308914e-01
8.955292739217788345e-01
4.199155948809466743e+00
3.978910008427234413e+00
9.151342756768638509e+00
2.827880536424058899e-01
1.103673139052483210e+00
5.594932374225061178e-01
9.551412591854466783e-01
4.145615369826887608e+00
3.934911970301597783e+00
9.703361375639822484e+00
2.328263702730838103e-01
9.770444932064341614e-01
5.329529753990214225e-01
8.405581196991409598e-01
4.141378702680042601e+00
3.993246901587246711e+00
1.323132198801206982e+01
2.647813419423937775e-01
1.064200204674301986e+00
6.089156804768254272e-01
1.035601120157587651e+00
4.266251328160056921e+00
4.038104102205402057e+00
1.375829568930105218e+01
2.683630215261916807e-01
1.295876314414181385e+00
4.227801323148515089e-01
8.992529736342835811e-01
3.586347221321058765e+00
3.860888612282948440e+00
9.118694913977549277e+00
2.500601448561911022e-01
9.853522410688259070e-01
6.024999594460778152e-01
8.512714220841657298e-01
3.879751219703396536e+00
4.118636372298752235e+00
1.050946112864277104e+01
2.575625624345647680e-01
1.156450295792858851e+00
4.937185396985610542e-01
1.124533581607104704e+00
4.449659553244224242e+00
3.455022199462583377e+00
1.316719694498610949e+01
2.747809874259243279e-01
1.010781654764412396e+00
5.938198359266255721e-01
1.080772479066498315e+00
3.771306699939216411e+00
3.625093987780052984e+00
1.653823258768425220e+01
2.755959400429121020e-01
1.574949027649192645e+00
9.257855577218413456e-01
1.694933004119926645e+00
4.561209409086957933e+00
1.110223024625156540e-16
3.262367875329677645e+03
3.973232010901007194e-01
2.401995637876380929e+00
7.340593703665775349e-01
2.102570399721477745e+00
4.619089961418611168e+00
1.110223024625156540e-16
4.416801946967690128e+03
3.662031438546084483e-01
2.205554143114073717e+00
8.545322103446886253e-01
2.179125343323133901e+00
4.477021928855805299e+00
1.110223024625156540e-16
4.432323504344664798e+03
3.759951491843475102e-01
2.299422616798994401e+00
1.082230263198433295e+00
1.713330935360988239e+00
4.393414712708713310e+00
1.110223024625156540e-16
3.419411815374593971e+03
3.109400230864341474e-01
2.125393963607670411e+00
8.856363114314341756e-01
1.621331050086816772e+00
4.743819879349699065e+00
1.110223024625156540e-16
4.313846469275461459e+03
3.549868820315523754e-01
2.184985638230767080e+00
9.930006972096148132e-01
1.655137271677149080e+00
4.536801272496953530e+00
1.110223024625156540e-16
3.262461767630791655e+03
3.501300794406464467e-01
2.107182276451116998e+00
9.333876801576950211e-01
1.989593246389491421e+00
4.602160558435053339e+00
1.110223024625156540e-16
4.567257674716302063e+03
3.375481990933671406e-01
1.926140023256403655e+00
9.858687190809042322e-01
1.661723617336451575e+00
4.713341371328217733e+00
1.110223024625156540e-16
3.841141654847487189e+03
3.449116933400429019e-01
2.250415014930136959e+00
1.033861352246761234e+00
1.898858499384589393e+00
4.736851407782932455e+00
1.110223024625156540e-16
2.745780680878349358e+03
3.959159040878925673e-01
2.143076196858199722e+00
1.111290801462752942e+00
1.954354493324752529e+00
4.489488183382254860e+00
1.110223024625156540e-16
3.391060133197707273e+03
3.566949120989759137e-01
1.876028308311700865e+00
9.810715701349900231e-01
1.873380092032581601e+00
4.707348058381275457e+00
1.110223024625156540e-16
4.387708870491384005e+03
3.259709631680572373e-01
2.514916365392908304e+00
8.468583374983290613e-01
2.039604417831150318e+00
4.562017352710856066e+00
1.110223024625156540e-16
2.373736290096258926e+03
3.083911517994400442e-01
1.994477170952098088e+00
8.870559611282805568e-01
1.767656507006686306e+00
4.440712711361245901e+00
1.110223024625156540e-16
2.809192279600678376e+03
3.471197373547766918e-01
1.702346515144065320e+00
8.592238776929713717e-01
1.792807592232605884e+00
4.407726290813474002e+00
1.110223024625156540e-16
3.035771165117000692e+03
3.708217870761547630e-01
2.137816636328873088e+00
8.747328954529535183e-01
2.159972525174446822e+00
4.801052267086745928e+00
1.110223024625156540e-16
4.219869703414478863e+03
3.367055252977488866e-01
2.126614264273538168e+00
8.276146276852388572e-01
2.046981988569922084e+00
4.463558988152286133e+00
1.110223024625156540e-16
2.655354191893256029e+03
3.616136070022897275e-01
2.266640480861143114e+00
9.660109248566840501e-01
1.836108374593150572e+00
4.576670831103004211e+00
1.110223024625156540e-16
3.924204933982749026e+03
3.666929584145949272e-01
2.480542501982439862e+00
8.564005640559687604e-01
1.643406119322159409e+00
4.550580427589139276e+00
1.110223024625156540e-16
3.367810142250328681e+03
3.109730818213076731e-01
2.164232999251424872e+00
6.916771883363469486e-01
1.605201051044809590e+00
4.076014695066843885e+00
1.110223024625156540e-16
2.951664223467935699e+03
3.811061629652943705e-01
1.983041183843561983e+00
8.368102423184857752e-01
1.686613102575949430e+00
4.547435734978186872e+00
1.110223024625156540e-16
3.325623001721980472e+03
4.267968889970149005e-01
4.081621259237873112e+00
1.880038976030226516e+00
3.970758965962756015e+00
4.894821630185536065e+00
1.110223024625156540e-16
8.842106496953294936e+02
4.897961309448788936e-01
3.701591436156725923e+00
2.457261477499765423e+00
3.876460656289645090e+00
4.728417071210911260e+00
1.110223024625156540e-16
6.242276232455247964e+02
4.313275614753505072e-01
4.362324972235734677e+00
1.997096128886628463e+00
4.447949920704656002e+00
4.544534763831483026e+00
1.110223024625156540e-16
8.323116124829181217e+02
4.221291971105482488e-01
4.238703464361115003e+00
2.666066469763461289e+00
4.193165438071268625e+00
4.757706572343519902e+00
1.110223024625156540e-16
8.075200747999907662e+02
5.019497651116023862e-01
4.403177155036379631e+00
2.269454789710328768e+00
4.321334283309622215e+00
4.840083856516130822e+00
1.110223024625156540e-16
5.246114431387006789e+02
4.780470662125484993e-01
4.291989769848537861e+00
2.251112510053416393e+00
4.176334205469985683e+00
4.839718286668147407e+00
1.110223024625156540e-16
8.062361226787281794e+02
4.596489855791422441e-01
4.234402044689561606e+00
2.054775175523668285e+00
3.942239363893022652e+00
4.562663384792973176e+00
1.110223024625156540e-16
7.167841135089871614e+02
4.414044190283007429e-01
4.635904148584507389e+00
2.270925101757250708e+00
4.303282007832845757e+00
4.896005707119656769e+00
1.110223024625156540e-16
6.155165528896145588e+02
4.570401628532888560e-01
4.348464800770946326e+00
1.958975013292415746e+00
4.440933659469447292e+00
4.483561060522586850e+00
1.110223024625156540e-16
6.178562940555677869e+02
4.376542741155710625e-01
4.051196045706643822e+00
2.003981511745088095e+00
4.368065304177380703e+00
4.338857860008232592e+00
1.110223024625156540e-16
9.231929842101208123e+02
4.265888013393612233e-01
4.457527649351656684e+00
2.614879014695578263e+00
4.394992427194116758e+00
4.659082754474287213e+00
1.110223024625156540e-16
8.067607515375663070e+02
4.411632355180868381e-01
3.915718491668334522e+00
2.418322631451429672e+00
4.248327569049630270e+00
4.771203035001272852e+00
1.110223024625156540e-16
1.048050000232190769e+03
5.273937564887564156e-01
4.476736452459688209e+00
2.194620438035776555e+00
4.373679178153976999e+00
4.879697840098491390e+00
1.110223024625156540e-16
8.898985480649911324e+02
4.734599324742276294e-01
4.140215422038034276e+00
2.125132783509064982e+00
4.228398711470344296e+00
4.766938344648331771e+00
1.110223024625156540e-16
7.253845188694175476e+02
4.703742302425960031e-01
4.700854484765049968e+00
2.734516501606671479e+00
4.160769819948509252e+00
4.936329404632892270e+00
1.110223024625156540e-16
7.735680670237153436e+02
5.040068612669877934e-01
4.217215989119655895e+00
2.365366104105646627e+00
4.021281499373032808e+00
4.854262905868199418e+00
1.110223024625156540e-16
5.725068282751576589e+02
5.185102204558773575e-01
4.086683607705351662e+00
2.083772133332821852e+00
4.138456079044994240e+00
4.748019414351341894e+00
1.110223024625156540e-16
1.088875312515239784e+03
4.318052948542346892e-01
4.625191744980912567e+00
1.956603858790391559e+00
3.931589937939409918e+00
4.803797812769407649e+00
1.110223024625156540e-16
5.764310339447548586e+02
4.831520630926831594e-01
4.149551756171723227e+00
2.065376827946318272e+00
4.220411498395955086e+00
4.732063823468955377e+00
1.110223024625156540e-16
1.064795548505709576e+03
5.432992839211521208e-01
4.436799033554085447e+00
2.518131809306570990e+00
3.956527289621804666e+00
4.750409827099845828e+00
1.110223024625156540e-16
6.016527854446228503e+02
