1.811481179399386798e-01
2.722981448424962037e-01
3.071666510534016847e-01
3.661892196584042858e-01
6.401541956598267857e-01
2.873237960112885458e-01
4.867653032355531012e-02
1.929823196299954302e-01
3.043330706152356235e-01
3.327295763997964451e-01
3.588929223061713691e-01
7.118838255860430175e-01
2.918081797372352182e-01
4.928711762364075544e-02
1.890581286595895694e-01
2.962295711796923969e-01
2.827770672200182189e-01
3.145702706025594875e-01
6.752635311647996463e-01
3.274189139173405150e-01
6.099360630293617497e-02
2.159595862231038776e-01
3.300239658039932911e-01
2.645913242758720085e-01
3.187187565587566440e-01
6.876269926016922440e-01
2.617029288594745484e-01
5.922353526709905891e-02
2.197624156951240026e-01
2.959268573252914480e-01
3.000783368627930603e-01
2.795768410989701303e-01
5.962341103294257483e-01
2.552799163256022075e-01
6.857232136093729946e-02
1.981848180509046820e-01
2.750510158414338768e-01
2.626526627615782816e-01
2.803022044355273912e-01
5.564880742928027813e-01
2.823626973721312661e-01
5.005266686291637290e-02
2.364783979296734284e-01
2.659053070884581649e-01
2.580193635610691372e-01
3.107888689951772698e-01
5.754926759144453063e-01
2.611113701939827836e-01
6.138376174090372922e-02
2.365789046690870423e-01
4.007850577229498668e-01
3.281133601452407289e-01
2.795276827938398823e-01
6.058254854571095693e-01
3.272479986571993904e-01
6.125884119765704489e-02
2.060972528927356717e-01
3.380937356580025477e-01
3.048630948186963896e-01
2.883884642617725591e-01
6.427557730222135390e-01
3.093610891644972827e-01
7.375111023838067104e-02
1.779961339021277067e-01
2.827435475157798472e-01
2.689878598844612223e-01
2.780286856693948150e-01
7.809431053533464340e-01
2.754733971029545980e-01
6.672223732594821655e-02
2.343560768560618846e-01
3.259072320993988137e-01
2.719162568868102037e-01
3.694555295562567676e-01
6.081358974977446596e-01
2.840067932870108391e-01
6.364045200380205602e-02
1.742847751277281643e-01
3.097751264587327857e-01
3.146680669197670643e-01
2.871022264576423844e-01
5.914866392244600979e-01
3.160549543247705984e-01
5.992619906768070076e-02
1.793155214816534726e-01
3.071461047664144073e-01
2.583915977233904315e-01
2.782228556160690203e-01
7.228684831420342238e-01
2.690644877926172684e-01
6.525466406297465716e-02
2.465309000091278901e-01
2.978252020669290290e-01
3.043791070007204058e-01
3.190273266210588710e-01
6.603128042675745490e-01
2.506342036569382814e-01
7.015711250051046011e-02
2.069808245188511087e-01
2.720468826637121307e-01
2.863076915247636522e-01
3.043331553766280839e-01
7.496083400497353111e-01
2.845825485354709916e-01
5.230309522865323607e-02
1.870798059350452236e-01
3.465146631732713423e-01
3.738222961584639625e-01
2.832548705747948148e-01
7.043803711446743332e-01
2.636960189495029527e-01
5.464294361700716696e-02
1.918850333596728575e-01
3.659598681209971782e-01
3.190207389792951709e-01
2.797213145627159281e-01
6.759060748202326829e-01
2.425374357827599636e-01
6.457908175880022750e-02
1.924794254934471538e-01
2.536235908232843395e-01
2.801030468445938060e-01
3.294467778431773852e-01
6.088908040014708867e-01
3.080993614519540458e-01
7.803662272952732737e-02
2.219082960261732351e-01
2.882356791710898869e-01
2.949020218719038966e-01
2.631129780398552831e-01
7.452643600791937217e-01
3.007932316632129233e-01
7.019950482504404288e-02
1.578594555498998575e-01
2.583357265642706180e-01
2.227320378540359747e-01
2.970063448192621913e-01
5.441089402528794805e-01
3.211417265435466128e-01
6.222396683219034302e-02
1.998283802352145422e-01
3.237248463373124108e-01
2.880535595597212284e-01
2.460362932670730196e-01
6.708743226036647522e-01
3.240508988708845073e-01
5.458425508776021395e-02
1.959286858666079989e-01
2.749598116817087989e-01
2.753379069810881763e-01
3.245139323060576286e-01
6.792422199986520859e-01
2.780899675707306229e-01
6.825764346881021960e-02
2.007593584959405097e-01
3.057339776770460205e-01
3.035142572807976169e-01
2.623724788401530783e-01
5.869278564956802446e-01
2.534718293514354182e-01
6.569777409239803412e-02
1.910230504964474108e-01
3.119085285542563812e-01
3.124790493461547247e-01
2.823276665647388439e-01
5.949037693079693989e-01
2.660452183691277561e-01
6.425383497826553381e-02
1.955285653642308275e-01
2.620186220647688913e-01
2.979342271065959502e-01
2.809259905803589419e-01
7.783684087659948903e-01
2.965478507764467975e-01
6.996826476796452754e-02
2.128439222451150581e-01
2.876744251993465507e-01
2.853446003044609602e-01
2.928644722341486872e-01
6.532937748473272022e-01
3.382448954085163217e-01
5.808860794502933300e-02
2.275887844167123752e-01
2.624420942967382042e-01
2.625461797632471228e-01
3.512886008841481500e-01
6.850109660219241281e-01
2.694118298090524277e-01
7.159649034861573225e-02
1.781609936804620375e-01
3.070683790717336770e-01
2.509311226988469312e-01
3.327142903678010910e-01
6.406313866675322766e-01
3.004717818197419343e-01
6.204670836781943366e-02
2.445610276908977698e-01
3.418738839881920177e-01
2.429195216540574742e-01
2.509779943622073572e-01
7.476475662794137556e-01
3.523426376928589510e-01
7.294340977057149622e-02
2.369222563639713230e-01
3.237306962953570566e-01
2.787751015385007136e-01
3.240827431222107480e-01
7.145563204626633746e-01
3.483553989839409115e-01
5.746632542313744735e-02
1.846339880047515036e-01
2.803086481220276593e-01
3.080677122197341133e-01
3.485359167639361933e-01
6.319335683493501055e-01
2.869105042672940864e-01
2.607027420702567877e-02
2.015605753161927860e-01
2.930047598712732793e-01
3.290332760097277598e-01
3.612384033422944563e-01
6.139698691006338915e-01
2.922982455776022004e-01
2.185009182574668141e-02
1.931105777298028903e-01
3.028952532591180358e-01
2.854977794349150555e-01
2.846378520556366309e-01
5.689048292750320535e-01
3.263473133917787483e-01
3.002311075524071241e-02
2.215596434084085575e-01
3.720580853504604213e-01
2.589646085364323280e-01
3.260526279686953854e-01
5.556849606627277671e-01
2.617277238978978349e-01
2.312305154146958308e-02
2.021388187328483632e-01
2.915552234506428864e-01
2.935055895106753465e-01
2.975835395412869677e-01
5.517980744929282810e-01
2.558617777331574916e-01
2.340717645997811985e-02
2.074137714571163693e-01
2.766428113063096883e-01
2.419705411993137711e-01
3.124530297111188237e-01
6.499875071629256373e-01
2.837552440433656620e-01
3.333064437259391360e-02
2.327452686475263433e-01
2.592372035318407653e-01
2.528615742441338576e-01
3.083549145911302913e-01
6.492730915913951240e-01
2.613289263462585943e-01
2.657139497423327210e-02
2.214238558302232818e-01
4.033057071785748349e-01
3.294884873080968224e-01
2.992059943083260065e-01
6.413056020774682287e-01
3.263041793079794473e-01
2.719654695875329403e-02
2.110206050898278396e-01
3.365990349723930741e-01
2.890491841017796548e-01
3.461256911333609465e-01
6.740390939392887359e-01
3.095768983060060986e-01
2.734862717819687428e-02
1.798295185963190990e-01
2.371219592665396725e-01
2.850121027447267141e-01
2.957074529783603745e-01
5.438366934239302619e-01
2.757981349403195170e-01
2.502721777496128008e-02
2.267798510069845286e-01
3.015278759865177016e-01
2.623105848957302810e-01
4.010039881212933977e-01
5.859328139579739192e-01
2.834154968746163683e-01
2.838602177248708211e-02
1.881368390331170370e-01
2.821405361405222578e-01
3.084697165377920935e-01
3.060181747259773100e-01
6.227830085117139758e-01
3.167587518096016130e-01
2.741305819542700153e-02
1.983037455036272823e-01
3.039824750838399092e-01
2.691672690915493660e-01
3.017124625550252071e-01
6.194826247933495900e-01
2.677921893110589147e-01
3.051221785496730995e-02
2.406807241962869159e-01
3.166933826898967186e-01
2.946234600769438994e-01
3.396361187869822440e-01
5.807291551117768069e-01
2.520176143597401275e-01
2.747478552816644271e-02
2.246606873258163162e-01
2.935715435871951162e-01
2.759934366627962432e-01
3.085375948386278600e-01
6.633437167651961008e-01
2.843309655723409990e-01
2.628999661812102956e-02
1.742943653250589586e-01
3.395208882595727728e-01
3.805099659070030893e-01
2.846120817838017070e-01
6.177627079186314152e-01
2.632656884206717729e-01
2.576492520145862164e-02
2.007924810288925499e-01
3.862567675579502424e-01
3.298239791586943248e-01
2.522640155721425081e-01
7.451159575370768229e-01
2.413837308165277251e-01
3.096003212548317785e-02
1.787036997932233973e-01
2.662418501365383383e-01
2.740118775038364318e-01
3.424673848042145696e-01
5.656753987185487720e-01
3.086045512687261017e-01
2.319400429769414088e-02
2.199962087107949216e-01
3.388115866087600403e-01
2.840097969530205879e-01
2.635976844157930654e-01
4.879547340216802143e-01
3.020400028219862865e-01
2.967937589803686105e-02
1.635388495367119110e-01
2.543770382270625352e-01
2.241452508128804200e-01
3.117755911024277515e-01
5.971789089891420543e-01
3.196321881096853001e-01
3.217241562773671265e-02
1.937970993843666501e-01
3.478310812601613788e-01
2.705450761753155908e-01
2.596860644577190791e-01
6.395628320586460580e-01
3.242946209276560410e-01
2.870390878606235083e-02
1.998235514702013937e-01
2.614107754900062419e-01
3.045758488583136248e-01
3.227004085595835403e-01
7.148532534278391193e-01
2.769256506667689965e-01
3.016459075206586599e-02
1.862152919009115726e-01
2.954285862757470293e-01
2.934981537296593168e-01
2.740735192561110645e-01
6.797618973706338608e-01
2.522184171084845272e-01
2.468563746304480028e-02
1.913600846708422287e-01
2.858193360569191155e-01
3.073313981197716704e-01
2.783431853656851973e-01
6.406241677406124824e-01
2.641917318223973576e-01
2.763429813654741732e-02
1.957151240228096889e-01
2.615386939892216378e-01
3.000865661999911338e-01
2.988389304184884132e-01
6.214271387418506265e-01
2.961545527372911324e-01
3.366767605658989998e-02
2.105973291428054339e-01
2.949320406486648505e-01
2.862182104389083825e-01
3.000751698123253486e-01
6.340506050925183157e-01
3.381739525949257752e-01
3.187448819395248545e-02
2.198779127573623760e-01
2.254200173784582095e-01
2.476454882236015231e-01
3.175977759428649794e-01
5.769605773758507139e-01
2.669858156139638949e-01
2.743370326889159674e-02
1.744896653400345998e-01
2.941565917988219758e-01
2.404096072147025587e-01
3.325811230783407568e-01
6.407099929326769416e-01
2.990769933665908265e-01
2.769591213973545546e-02
2.366942484554963033e-01
3.181165635166256500e-01
2.439763905973699187e-01
3.107697154754405222e-01
5.972922329956787957e-01
3.516877195584371951e-01
3.139998498020962064e-02
2.492027140901338922e-01
3.363429693644157670e-01
2.698792712836876606e-01
3.172529027145987723e-01
5.573506276974080631e-01
3.487945852214260345e-01
2.950828483073910519e-02
1.908493045729379445e-01
2.620759015839623784e-01
2.920653127144282601e-01
3.465448871909662665e-01
6.916888837493561093e-01
2.872071605982021714e-01
1.269759628179907215e-02
2.012512326595870260e-01
2.953358927234985831e-01
3.219432781812259226e-01
3.945603895426375574e-01
7.244018920304395870e-01
2.923545935252693240e-01
1.582050346948390626e-02
1.828261181015826686e-01
3.029148384913778469e-01
2.999609705036220819e-01
3.109810488214526658e-01
5.882474697150125165e-01
3.260258522758432420e-01
1.596298065190245030e-02
2.157154213291634648e-01
3.447130496789383436e-01
2.500997828203745943e-01
3.585807241798671940e-01
2.055524438304650481e+00
2.621881228140202080e-01
1.388420957582330549e-02
2.004150225896419446e-01
3.123878502050164152e-01
3.077252667442501033e-01
2.862098246699555926e-01
7.677570629282556292e-01
2.557617838043590996e-01
1.446879148521427322e-02
1.920438482492058951e-01
2.850833239401631691e-01
2.647630865144819934e-01
3.342856728848300207e-01
8.174137825648035705e-01
2.837834127587089417e-01
2.721433036699932514e-02
2.412121469305662791e-01
2.759363172739946468e-01
2.665629026553886227e-01
3.598233170076127196e-01
7.629806617041260397e-01
2.611290334908483723e-01
1.829675778013666390e-02
2.335828516374760799e-01
4.051474265929213003e-01
3.265073826125445833e-01
3.162933733091176092e-01
1.020845823056756529e+00
3.263789398933630292e-01
1.914141046956664011e-02
1.986506295872772498e-01
3.723347161817391338e-01
3.036443197194442223e-01
3.495225095800307824e-01
1.587978215899359613e+00
3.088852712966039804e-01
1.629544134818182097e-02
1.826198052457756738e-01
2.685878402397381959e-01
2.881987954592453161e-01
3.277112911686789753e-01
7.016251936872983652e-01
2.760531276571867032e-01
1.381227285966921819e-02
2.192388953233610493e-01
3.114426766723445983e-01
2.758954577495211224e-01
4.060958587287015198e-01
1.545352462805381411e+00
2.834602141331930558e-01
1.492725367594715039e-02
1.896377822229978194e-01
3.011279339062195581e-01
3.160824310458279496e-01
3.151494002741347944e-01
6.240051546352316514e-01
3.173140541791429903e-01
1.557154091050277044e-02
1.896958721759992861e-01
3.091132309253493138e-01
2.755600683407358753e-01
3.353695011536995674e-01
8.628203383043103747e-01
2.683192805391665936e-01
1.407918549409555888e-02
2.518060250017267188e-01
3.561669303390099239e-01
2.998688361024762772e-01
3.931376554501812559e-01
6.515888577451853791e-01
2.522494608382048753e-01
1.428985139310502174e-02
2.244080080164812807e-01
2.922603777061524855e-01
3.282467011012333291e-01
3.250897983709222783e-01
2.423014848470638416e+00
2.857984612477825204e-01
1.365862626703175618e-02
1.862590776608945009e-01
3.416121667478924095e-01
3.649801531107741415e-01
3.445583909462529015e-01
1.622088373975403508e+00
2.637567519886886425e-01
1.684478977615596479e-02
2.113030158027222605e-01
4.027396749705955958e-01
3.310986288503781627e-01
2.927031773983096441e-01
8.953988839358250074e-01
2.421823357084277317e-01
1.545493817823652069e-02
1.763164842174778091e-01
2.822176519784947990e-01
2.692000693083554941e-01
3.691632780686659454e-01
2.100439806006129562e+00
3.088449971620686463e-01
1.436235604157466532e-02
2.197312211899226930e-01
3.225263719194041978e-01
2.724321194108879074e-01
3.111052202694908897e-01
1.546655508356344244e+00
3.024296268416858946e-01
1.354655925689486271e-02
1.570042610200651501e-01
2.780500506224787283e-01
2.324957124464624714e-01
3.555654005176401289e-01
7.140543295320905814e-01
3.205108741290153551e-01
1.428447542563738258e-02
1.879360327839534328e-01
3.482312002304730481e-01
2.959710405212409023e-01
2.888235292558285483e-01
1.589857302958458396e+00
3.248222233087035282e-01
1.506479658874276990e-02
2.014020310885512588e-01
2.895201609552821020e-01
2.810448621336401054e-01
3.427272623379819527e-01
8.587530775587176590e-01
2.763628803855410765e-01
1.291686628472122657e-02
1.869749858978285995e-01
3.405985891381121400e-01
2.739236007454712851e-01
2.851659134679765395e-01
1.554943329987238165e+00
2.531834885704985494e-01
1.453235695135541086e-02
2.018641473336782732e-01
2.871131053169180269e-01
3.189245262852354323e-01
2.951666264867225387e-01
8.340660436434292890e-01
2.643298667990416906e-01
1.666759323173115301e-02
1.801034541354225305e-01
2.596465265085062812e-01
3.061596662947814740e-01
3.157798056323317115e-01
7.837171381133211101e-01
2.958713886234864976e-01
1.592803359888604608e-02
2.125423973666138444e-01
3.243195931171926616e-01
2.765021398858926727e-01
3.311273721163989769e-01
1.576461554278516086e+00
3.389911523389817494e-01
1.688093645218706820e-02
2.231496732333495825e-01
2.754946446754051315e-01
2.543128572139304877e-01
3.629310566065545030e-01
2.106579309353447282e+00
2.678245835176310541e-01
1.597216342091152888e-02
1.701450624271015621e-01
3.306475547472629284e-01
2.560869734100099104e-01
3.845970987377246852e-01
1.582781672215292534e+00
2.989460559921482408e-01
1.370957825651441565e-02
2.402678730762115300e-01
3.310876953849945514e-01
2.352312029129786097e-01
2.982371305360182467e-01
7.989072379583170846e-01
3.520915361928737553e-01
1.436148717023946579e-02
2.393736068193567657e-01
3.533582661022518501e-01
3.000745369122735373e-01
3.400404225480307963e-01
1.573563108136510902e+00
3.488889681089256123e-01
1.399222907487562319e-02
1.825977531229360795e-01
3.001380218353815743e-01
3.058616887167692755e-01
3.985018074385691111e-01
1.144943505213889878e+00
2.871093017467579167e-01
1.235397008868796380e-02
1.982308112164555824e-01
3.314595192042089078e-01
3.353108967025565934e-01
4.256060069397198942e-01
1.006735768137901665e+00
2.926226610012805929e-01
1.133608096552059068e-02
1.800063651472638138e-01
3.421190182277695779e-01
2.838737717405532268e-01
3.752688739637851656e-01
8.043441383107532427e-01
3.261375459567510404e-01
1.221141933619214470e-02
2.220900246955381796e-01
4.006964597537867045e-01
3.132359863046237369e-01
4.363248413382540547e-01
2.204041993641923991e+00
2.617858906700588628e-01
1.025514365286921657e-02
2.202852311174735289e-01
2.932329642139999692e-01
2.944272189193051226e-01
3.482952913419262719e-01
2.519019392624029408e+00
2.559617494250122638e-01
1.202975339058584732e-02
1.950501260900562028e-01
3.381419269192602606e-01
2.736784583405734161e-01
3.419877259028648586e-01
9.516267536229857660e-01
2.836230941380333270e-01
1.228930557353913669e-02
2.444013310120049798e-01
3.296509504054697115e-01
2.938864640834527031e-01
3.777226565338521747e-01
1.116074341355677291e+00
2.610342306485615160e-01
1.015825545282370013e-02
2.247920999546011434e-01
4.600437167639514491e-01
3.661775744409124789e-01
3.915308593834120332e-01
1.082607787133706978e+00
3.268125489843848319e-01
8.545942271964973927e-03
1.960811420738929889e-01
3.943859681121203442e-01
3.510282186599050225e-01
3.472018291776426957e-01
1.955899820014800561e+00
3.090457753938695706e-01
1.340619969249179713e-02
1.786244650692175029e-01
3.722555161468527052e-01
2.873851620848700272e-01
3.413932518659563708e-01
1.135850461124735977e+00
2.763277593371715746e-01
1.024484364471750682e-02
2.290264639824649562e-01
4.043703188051144259e-01
2.630028913103699684e-01
4.506906337882926050e-01
1.742636104782545381e+00
2.836289316069272037e-01
1.064293479866672623e-02
2.007432225572279016e-01
3.431935694190289543e-01
3.414277004265295345e-01
3.739169632453525072e-01
1.108063942309264860e+00
3.166937196301152224e-01
1.216441444640330681e-02
1.941424709854455699e-01
3.978972779203940879e-01
2.959060220258865614e-01
3.608796917897327816e-01
1.135776608535560284e+00
2.677869856693133044e-01
1.087495127632781208e-02
2.523173042565584057e-01
3.830202895562110355e-01
2.886277325031202379e-01
3.933764643737984179e-01
9.483411279517937054e-01
2.518490473177091848e-01
1.274978210267968537e-02
2.226288115260871836e-01
3.370312822752457582e-01
3.226753598655318078e-01
4.107916779370844873e-01
2.512649439862876921e+00
2.853870616515477021e-01
1.307100425073802127e-02
2.038587530106660550e-01
4.407759332535167718e-01
4.419219298185815825e-01
3.271664313238745181e-01
2.896974566610215795e+00
2.641643673803301118e-01
1.176879872272221586e-02
2.205569055634101772e-01
4.143763154346440380e-01
3.398421654457137731e-01
3.443951032084536790e-01
9.037782942854728496e-01
2.414089800980425415e-01
1.059155001839402407e-02
1.810568877441934843e-01
3.175653153825760966e-01
2.806139095730412758e-01
4.157554635572706103e-01
1.233309866540182487e+00
3.083353996465663105e-01
1.472137610734854281e-02
2.196224269971780441e-01
3.484225514898475207e-01
3.352399463655891809e-01
3.772475098821364003e-01
8.527140364369067971e-01
3.022769677702814572e-01
1.264068825298035256e-02
1.708709101442479616e-01
3.429794679791052792e-01
2.640269842263519018e-01
3.999706499528392634e-01
2.195416221561325987e+00
3.203112579252476166e-01
1.307766580509120598e-02
2.157914593156774474e-01
3.806802300351063706e-01
3.082817351316018417e-01
3.239821036550099564e-01
1.719479636054980443e+00
3.245637017319078499e-01
1.391171988232131097e-02
2.041266749984313178e-01
2.828683984054855549e-01
3.141718211421312135e-01
4.013945529130964474e-01
1.336284593660675535e+00
2.760451679937471758e-01
1.183153364021027540e-02
1.849005327754244254e-01
3.756312391930161643e-01
3.132308505842434365e-01
3.628818288158826011e-01
1.672785292344428187e+00
2.525578368620265968e-01
1.154887619821178685e-02
2.059598990219846104e-01
3.806041333241741431e-01
3.452127250552672888e-01
3.134417388094672963e-01
1.173889047621511139e+00
2.641754306953406073e-01
1.303330301514826241e-02
1.739539933317848508e-01
3.621033323930463732e-01
3.406826153948936953e-01
3.757341200693590788e-01
1.805320929840337874e+00
2.962348202204925784e-01
1.115108082250421649e-02
2.152839750460328883e-01
3.349010374473987417e-01
3.208350186084619193e-01
3.865299839768947532e-01
9.170134577310504742e-01
3.382858084405987453e-01
1.231990012312847611e-02
2.186047563100457503e-01
3.616373614036026973e-01
2.965986702657636420e-01
4.814880726891609952e-01
2.122540100045849254e+00
2.677315561894118012e-01
1.268061224549170245e-02
1.894021186755756592e-01
3.707757482551737871e-01
2.821331947535153928e-01
4.516631859169766283e-01
2.763074885861144470e+00
2.997773677056831398e-01
1.482117043765155892e-02
2.332283672709509204e-01
3.973853059471759708e-01
2.742236400100118709e-01
3.627086949191011822e-01
1.147686899779071235e+00
3.527883759063347724e-01
1.284286685312842520e-02
2.598118915414601715e-01
3.905028855570125690e-01
3.469152029414032112e-01
3.398307468801027298e-01
1.387109387673513217e+00
3.481083006735469776e-01
1.161072752970412035e-02
1.853498753529736753e-01
4.359568589903737301e-01
3.625043577465425493e-01
5.771729433150529776e-01
2.345940096002417707e+00
2.866165232954884790e-01
9.569945788920503418e-03
2.078995124248950999e-01
4.236963880290091633e-01
3.262998115817767886e-01
5.720003722020843284e-01
2.381479676930073008e+00
2.924041800826364668e-01
1.077934420198366043e-02
1.921922424863027890e-01
4.506179693269708464e-01
2.836803156516290447e-01
4.948863609007870812e-01
1.158638884475996278e+00
3.263372500442444091e-01
1.222218752263604276e-02
2.161582400365481549e-01
4.947734763403909275e-01
3.456080232792544393e-01
5.292979592005488954e-01
2.487107391215241492e+00
2.618700682440374128e-01
1.018328644886980737e-02
2.284229212781426765e-01
4.409392701779714097e-01
3.661702571902433201e-01
4.163771953694059835e-01
1.897979118803801324e+00
2.561613385839717760e-01
9.414279461257961737e-03
1.911150179827355300e-01
4.761914369100944122e-01
3.401793008025535414e-01
5.830797471395740006e-01
2.300406583790515214e+00
2.835909099376663911e-01
1.003290443273732735e-02
2.544966950108284998e-01
4.276068928159512672e-01
3.068494611946939177e-01
4.796417850097053348e-01
1.915882548516940620e+00
2.613249435325685766e-01
9.716274736261062972e-03
2.435840385681266596e-01
4.961379375145915649e-01
3.928863903969289084e-01
4.341926406551116502e-01
2.249625707594377744e+00
3.274537847364531462e-01
1.250142690647340973e-02
2.268330288170648246e-01
5.014784514939020221e-01
3.874335780397464291e-01
4.659883056024900494e-01
2.065405479364708974e+00
3.094518332616672529e-01
1.074150182540924668e-02
2.000650160378326103e-01
5.077493929120028282e-01
3.242696672744800890e-01
4.398990858650934643e-01
1.913171829137639834e+00
2.767151846352969846e-01
1.236549603834692125e-02
2.333259829222981419e-01
4.243764129350511838e-01
3.542220380390275758e-01
5.330462350128867266e-01
1.854203908037281634e+00
2.828670567152896664e-01
8.779066642356560604e-03
2.071847849282349441e-01
3.844729984367441511e-01
4.109133779673619369e-01
4.304542789523287949e-01
2.214752352098211752e+00
3.172008802244917214e-01
1.073685151142253665e-02
1.990723433274801668e-01
3.329958019172431505e-01
3.362739346422728426e-01
4.798129420795602673e-01
2.842932003746008629e+00
2.685645756423462038e-01
1.173838090963336134e-02
2.651643343873249514e-01
3.807937670965650945e-01
3.450626432384318876e-01
5.465708927435526387e-01
2.391476296822048209e+00
2.523365101069764416e-01
1.068341327069853054e-02
2.035151357819463824e-01
4.267783128271777637e-01
3.506165996902110282e-01
4.564232740782362963e-01
2.054759747970122064e+00
2.848689396143653241e-01
1.045354005113365015e-02
1.793334307347475842e-01
5.313125376541230072e-01
4.565314808588192275e-01
5.122636679507518442e-01
1.341399934708240593e+00
2.628502993105656382e-01
1.031246079057873341e-02
2.035076979074040837e-01
5.323682807853902244e-01
3.695247435062651853e-01
4.021296797447073690e-01
3.168608222309014621e+00
2.421450676319346074e-01
1.107528108123431027e-02
1.932343691939714392e-01
5.138355722997095532e-01
3.473169191358576047e-01
4.404677662372538105e-01
2.438068431267370606e+00
3.087451370439111553e-01
9.644226071176665790e-03
2.322052565869690277e-01
4.541186111739801134e-01
3.786900277836205975e-01
4.918921942630312683e-01
2.439218322047876697e+00
3.010372504997922971e-01
1.059647688240854604e-02
1.761762194299498763e-01
4.484345633107610918e-01
3.207017384499299961e-01
4.041768699177345492e-01
2.070214391882273297e+00
3.205248011440406386e-01
1.237885934405335078e-02
1.852751210310087104e-01
4.584659983941662964e-01
3.408828076866929346e-01
3.939937422456964433e-01
2.033928411704948314e+00
3.250295296017257640e-01
7.550150438227687909e-03
1.988304298667178116e-01
4.472942690952703693e-01
3.043887056026456928e-01
4.747394778269088955e-01
2.170358339347230547e+00
2.763435222015804826e-01
1.240300936331826739e-02
2.006534818955598154e-01
4.720404586543665570e-01
3.893181585161729630e-01
4.117439161168648387e-01
2.018014275098294785e+00
2.529052425480835531e-01
1.327455548013829582e-02
2.185090018009478441e-01
4.352740984590094397e-01
3.741936831917052619e-01
4.876260756046124634e-01
2.918754120789087914e+00
2.637000555110213806e-01
1.147941359874542211e-02
1.890074067502223731e-01
3.648216365473302969e-01
3.212025823127896973e-01
4.325321720773889211e-01
1.808091796037073262e+00
2.961608897237175686e-01
1.064323082523818166e-02
2.408847604862099367e-01
4.119418303646216195e-01
3.943008783030370057e-01
3.746871537707648359e-01
2.491492674261603479e+00
3.389620730276285410e-01
1.251356984454495523e-02
2.363601681056946291e-01
4.741448690874003336e-01
3.089253599720594434e-01
5.997743891343511047e-01
2.023311188213495537e+00
2.670887658402956166e-01
1.717316426391070003e-02
1.831450617520252733e-01
4.493060778043435066e-01
2.809040148459553410e-01
4.343772535724980122e-01
1.856419695911960321e+00
2.978664144933306779e-01
1.058216372217369791e-02
2.284129537102566332e-01
5.939134462484493282e-01
3.395250609556215715e-01
4.224719160240313354e-01
1.586401003006346011e+00
3.520616182554020535e-01
1.238500606159300549e-02
2.654744620602113581e-01
4.777644684412440945e-01
3.715591068310892808e-01
4.599304192609027786e-01
2.404450735854210652e+00
3.488701717067363428e-01
1.623306230057176835e-02
1.673953224552817975e-01
4.721203042443978259e-01
3.461803063436853511e-01
4.926822325767221677e-01
2.563728053124359363e+00
2.871966400769492278e-01
8.337085594971010982e-03
2.020647411042067465e-01
4.492872606069251984e-01
3.568321326506121993e-01
5.284561555528849430e-01
2.283108041892501383e+00
2.927230503905677295e-01
8.916666853616982830e-03
1.982482436867176734e-01
5.438728570548874153e-01
3.713343527894085727e-01
4.964246575931368644e-01
2.428523380399671527e+00
3.261535639837413458e-01
7.167841408368983043e-03
2.209965890532225308e-01
5.763382944493035120e-01
3.028719644418697010e-01
5.062179812724301176e-01
1.971910553494075957e+00
2.617537766859311943e-01
6.880562108663311645e-03
2.252539161302848925e-01
4.553382370398382784e-01
3.288683136608637203e-01
5.170894820073891340e-01
2.721344146639375516e+00
2.566240628857913708e-01
6.749366015551605709e-03
2.011431661080823607e-01
4.803881459451929126e-01
3.002324290985879940e-01
5.002427275560403785e-01
1.673471802777334760e+00
2.849472041315052606e-01
7.700535605552511452e-03
2.607942816702705224e-01
4.650894503574636296e-01
2.896042666139357902e-01
5.370569803011322474e-01
1.923037406472324573e+00
2.619857181907190857e-01
8.509623625198518837e-03
2.459782871462970477e-01
6.057623554091556839e-01
3.966674944948316850e-01
5.085192653730137291e-01
2.155266898291270827e+00
3.265793614897979924e-01
8.329577130110947525e-03
2.248836759251709450e-01
5.268120497126519419e-01
3.771209674801310752e-01
5.087002038149647243e-01
2.869701718855521388e+00
3.080960304214387380e-01
8.698355340063430169e-03
2.103539046407658930e-01
4.723687514293419265e-01
3.719683610693971798e-01
5.918060459233436266e-01
2.007212311594456899e+00
2.758923456723182399e-01
9.191241642553226940e-03
2.246661097218786429e-01
4.967177662632684121e-01
3.324880341200667777e-01
5.432225884494249479e-01
1.753041951983279167e+00
2.824019849101664925e-01
6.940419404158196248e-03
1.971913376275788166e-01
5.124137180729628760e-01
3.883599110808132471e-01
5.614854819489802917e-01
2.369228278319404080e+00
3.173021046887403718e-01
7.688311608042172791e-03
1.978539372596921364e-01
4.979931152895311630e-01
3.278174626125283653e-01
4.723378784146368692e-01
2.006205825831783418e+00
2.682757267872731277e-01
8.162159101785309775e-03
2.469212314597506175e-01
4.351424468027905723e-01
3.524850330837814849e-01
5.585937789768978812e-01
2.099319414414032359e+00
2.536253889218885726e-01
7.105572426015479941e-03
2.321893647944098527e-01
5.072227340851767075e-01
4.013878452706001188e-01
5.426009634783375279e-01
2.536292395703835911e+00
2.852685431488524159e-01
9.048860441870691662e-03
1.831540945429469824e-01
4.782813645686702642e-01
4.368197902605699401e-01
4.722359016347292271e-01
2.587048664826692157e+00
2.640213986407384805e-01
1.044161090321313497e-02
2.014187760467702204e-01
6.233649039118228652e-01
4.083179785161382136e-01
4.960965612634696265e-01
3.072443703041998653e+00
2.426569585622917191e-01
8.907248012499363946e-03
2.078498035250410103e-01
5.297066137177809386e-01
3.401191159773582218e-01
5.202022431637670641e-01
2.448365323087647649e+00
3.088774413702618515e-01
9.238500766864176511e-03
2.258226338769352137e-01
5.714409614545524763e-01
3.409163483959412599e-01
5.707200168724637646e-01
2.587977745534963070e+00
3.007868920740032204e-01
9.927647692268547555e-03
1.801156770195070089e-01
4.421829206407503210e-01
2.900405835352582451e-01
4.563154806049187218e-01
2.056327796555245779e+00
3.217618768114379191e-01
1.052651284901558702e-02
1.866116981702965472e-01
5.690747642469897727e-01
3.618536741718838545e-01
4.535852148398155093e-01
2.250090508977658832e+00
3.241039402018588977e-01
9.381459422080845947e-03
1.999045775894112142e-01
4.947541168161723735e-01
3.411194186230649961e-01
5.742164683852134521e-01
2.858354069665719255e+00
2.766866226005452734e-01
9.055322507560834705e-03
1.995321402057872451e-01
4.462035198249303392e-01
3.954203266385166726e-01
4.027523506403612452e-01
2.562944052441136655e+00
2.530467941605288318e-01
9.274708939961717399e-03
2.299062171948269284e-01
6.361232485822558846e-01
3.634103836723733272e-01
4.710893175490629692e-01
2.181093330361546734e+00
2.641619531033781998e-01
9.415577121821096240e-03
2.057749500118343233e-01
6.074462879420172712e-01
3.780153709570008846e-01
5.201470039894744435e-01
2.676045271632958578e+00
2.954359054025040288e-01
1.088946244239684391e-02
2.107383939353598412e-01
5.016773484112703185e-01
3.618254626622591785e-01
5.307310337399017142e-01
3.152875683882776059e+00
3.370391734596607236e-01
9.487714275690504670e-03
2.141168668238504491e-01
4.290515908320229332e-01
2.932427167164538551e-01
6.586832950504426520e-01
3.127652994237109851e+00
2.685696785488927985e-01
1.251619045858046869e-02
1.827336186162683007e-01
5.456089263252571486e-01
3.543347671713055758e-01
5.494740832552912346e-01
2.287993503197258249e+00
2.999121001576393608e-01
1.135448669177145133e-02
2.209551406967887321e-01
5.766636672037782629e-01
3.764754245322293191e-01
5.349740322753631094e-01
2.772679898747966387e+00
3.517526015267330441e-01
1.099068035255407194e-02
2.653339224427043175e-01
6.814461282062516112e-01
4.124329395970017242e-01
5.640763453530509564e-01
3.112451147729045520e+00
3.509476316838727183e-01
1.256709141943349733e-02
2.044829892352959810e-01
5.669695837058258414e-01
3.860239114338905875e-01
4.734193373985253195e-01
2.238040529991323524e+00
2.920244904634556327e-01
6.011682188082637969e-03
2.101014496429441103e-01
5.671078478450455318e-01
3.860879433756940760e-01
5.286194728062229009e-01
2.597826696500878274e+00
2.960291737546669188e-01
8.394253956511074297e-03
1.618715270637909875e-01
4.819356594972928343e-01
3.733428088232061959e-01
4.740728963718626177e-01
1.790537445224244850e+00
3.377283129266137607e-01
8.058493682265072469e-03
2.144379007183139785e-01
5.502421700055583065e-01
3.249899467601845005e-01
5.936787501169098480e-01
2.544513973821969088e+00
2.815292834238294906e-01
8.048621674456971770e-03
2.134830593571159230e-01
4.734085594495956451e-01
3.565957552337023495e-01
4.932248909414966853e-01
1.826756690022083518e+00
2.630672016486686471e-01
8.285115125455237359e-03
2.149187582782223771e-01
5.145214102526343147e-01
3.563315217728207918e-01
4.932888219577488687e-01
2.413191857635716531e+00
2.861473351778539564e-01
6.679344867209483297e-03
2.276724251936232957e-01
4.834566380837789779e-01
3.840929098450444612e-01
6.098044073856100367e-01
1.440304809684018306e+00
2.611792458774332970e-01
8.625909591241938401e-03
2.472935290728819624e-01
5.057705830104550770e-01
3.752324839186608751e-01
6.204286072051902190e-01
2.385419936246133688e+00
3.351284441840385320e-01
7.715575037319961915e-03
1.976701901800416161e-01
6.892622657642282213e-01
3.041147740191939008e-01
5.161121854324719482e-01
2.314637418540004710e+00
2.970915890657631064e-01
8.310991540347570719e-03
1.873383873442974468e-01
4.685413025498467721e-01
3.518658627787167870e-01
5.479967775213770986e-01
2.138049876190412313e+00
2.777293977526431035e-01
7.938021758588386517e-03
2.324999894323372118e-01
5.846762143191839289e-01
3.604231241872482006e-01
6.273016093481063038e-01
2.245236692105765375e+00
2.878135415838585787e-01
1.000187222498731890e-02
2.008230903124700317e-01
5.496589522895229951e-01
3.961598432213958021e-01
5.713377805394965758e-01
2.242768109215773631e+00
3.164502361159235999e-01
7.770404855576753395e-03
2.052555030347943954e-01
6.652112308091731041e-01
3.582701902168579644e-01
5.790908486889386753e-01
2.823442735010570193e+00
2.708701565705469161e-01
9.570066637315773408e-03
2.466759152255346976e-01
5.886295545896174097e-01
4.234634355941553352e-01
5.807127753575207496e-01
2.624886455320036394e+00
2.582957274922921820e-01
1.014167244227625990e-02
2.202702136681091161e-01
5.354500070062458983e-01
3.719267071389973922e-01
5.717904355859797505e-01
2.494122606211148785e+00
2.953412798313082566e-01
9.461964625571325435e-03
1.765529803969391465e-01
6.117812305226306702e-01
4.380631100655427712e-01
5.011584265390426340e-01
2.708480834940745208e+00
2.602694877579204147e-01
9.402016506720768663e-03
2.116144200420805865e-01
5.327156005995722365e-01
4.499901388649276135e-01
5.806041045717642568e-01
2.051084297062737427e+00
2.317504926205779248e-01
8.831594074733214311e-03
1.817150787958105029e-01
5.753736980170826021e-01
3.905590088826409456e-01
5.528848657129126209e-01
2.831734537479165148e+00
3.147378819326449029e-01
1.105556981868631265e-02
2.399564712344752493e-01
6.177168959994154829e-01
3.830784103284753939e-01
5.690052912659576689e-01
2.485790571808925709e+00
2.833953353508590900e-01
7.605246928059089181e-03
1.682714731883859782e-01
5.310020823447069160e-01
3.249537425043453887e-01
5.621380161324426306e-01
3.536618053208421930e+00
3.263405821434153808e-01
9.107032035264962105e-03
2.035266224436608484e-01
5.557182417314094902e-01
4.198556668843156370e-01
4.666712537774344027e-01
3.046303517772405378e+00
3.244957577804040150e-01
8.304522781844599424e-03
1.984101736323017340e-01
6.046971125682825132e-01
3.650643385233932614e-01
5.011534742888251737e-01
3.191272273148228589e+00
2.716248093285485443e-01
1.308116051303457456e-02
2.068029543221624744e-01
7.100380604492503300e-01
3.738013169725072360e-01
5.485389425854678702e-01
2.776462416427080360e+00
2.454106954255251272e-01
1.273994996690516746e-02
2.277385189224980511e-01
5.257426854924645010e-01
3.943363036217544804e-01
5.851876424224916606e-01
3.131213652725338914e+00
2.771427612248704708e-01
1.345739555979158161e-02
1.893958163583478738e-01
5.991395814458924107e-01
4.286134793183630776e-01
6.168561817784199430e-01
3.551213741945341784e+00
3.214337051884032515e-01
9.939298269837299263e-03
2.379977765125488032e-01
7.663131702674781387e-01
4.514920090248825124e-01
6.402547292963588488e-01
2.755602951441255222e+00
3.385545829998637402e-01
1.238989726932620758e-02
2.387923750669574130e-01
6.020350175168781570e-01
4.290188126774185373e-01
6.411435631953265046e-01
3.081168567578109752e+00
2.881273921986297615e-01
1.347993200821409436e-02
2.105506637606740505e-01
6.139222322935141696e-01
4.731973762212671186e-01
7.372718591711868719e-01
3.076325246502494615e+00
2.907281245193019115e-01
1.375067770899316040e-02
2.410863463559894670e-01
6.640308086250363839e-01
3.785448450718371660e-01
6.639778755088024953e-01
3.528854493833776917e+00
3.681713670952488915e-01
1.604652731962906420e-02
2.455671251615288431e-01
8.126469485589541408e-01
5.114737272426644887e-01
5.940307549005787724e-01
3.153302950029345464e+00
3.620363713199800104e-01
1.656387163707722168e-02
1.938193267409111520e-01
6.551653783525064334e-01
5.225622558131864936e-01
6.137843627919217226e-01
3.558963655009686367e+00
4.859188147524242218e+00
1.258376174584491768e-02
1.830652724089021077e-01
7.660803976605040644e-01
5.039736861120028832e-01
7.156918856605999357e-01
3.160441782150616774e+00
4.572042816954803079e+00
1.100966467736229359e-02
1.945825419606276585e-01
6.594161662168671612e-01
4.339093528790067267e-01
6.720620158121581866e-01
3.345004584705152162e+00
4.722898032634059717e+00
1.159588614994717416e-02
2.296059231415050472e-01
7.593275813578330702e-01
4.701687776062647428e-01
7.502220633333254174e-01
3.259368723928611100e+00
4.750965870512912304e+00
1.058945830372910041e-02
2.436501921148594152e-01
6.124265478398492890e-01
3.990239303135340032e-01
6.840909507611193652e-01
3.149943643789600678e+00
4.408077349858624316e+00
1.300842859449418722e-02
2.091810284335731129e-01
8.313442616544735042e-01
4.411224696334691275e-01
6.459177716569706185e-01
3.591077591005300995e+00
4.743368360515439086e+00
1.360199250491682735e-02
2.615447579648109699e-01
8.374560859662464329e-01
4.040509110961010286e-01
5.606798628507524418e-01
3.137798096921689428e+00
4.616886897383868593e+00
1.077680382443325056e-02
2.684135776644599458e-01
6.093811394806148973e-01
5.096600061050294839e-01
5.603584669394457984e-01
2.818925135857018205e+00
4.733857250459230670e+00
1.439094983586313055e-02
1.970847521119459267e-01
6.480472635816461047e-01
4.409613591782867159e-01
7.181102438661151055e-01
3.218259311022834357e+00
4.691265730049503979e+00
1.436791379319083371e-02
1.991621916134402870e-01
6.984074027012956432e-01
4.167325046134872091e-01
7.019894562756365808e-01
3.868748187212994516e+00
4.836182540737637758e+00
1.296706382457568120e-02
2.463081515615083150e-01
7.203111092501245372e-01
4.623425115446742617e-01
6.005041009035385624e-01
3.488106264789260891e+00
4.699323943861851482e+00
1.399846286892390650e-02
2.181692912409252672e-01
7.401598996368955463e-01
4.597014682509074079e-01
7.360616317271423403e-01
3.722912200120313653e+00
4.645643923440978540e+00
1.113860910355984196e-02
2.336261941975298073e-01
7.509911009383392066e-01
5.746513000823708639e-01
7.966726850980198060e-01
3.367915423285516852e+00
4.764979931780301214e+00
1.333551111884507395e-02
2.699138102240883352e-01
8.586508635296808967e-01
5.116680614337913990e-01
6.177443456284685830e-01
3.818332312526874439e+00
4.644444332342247073e+00
1.784793973577848344e-02
2.263189980204337870e-01
7.893635304758055415e-01
4.195285613244242873e-01
7.046137525604935226e-01
4.105256195010037246e+00
4.723756349015458156e+00
1.615341338033495291e-02
1.939806351673835638e-01
8.254124150731987353e-01
5.814515305756844388e-01
7.523030226693716571e-01
3.278567709371594585e+00
4.810431197423468141e+00
1.732287130385967017e-02
2.264439532809363054e-01
7.554958962127231725e-01
6.296019693182008936e-01
7.662117108507109364e-01
3.469835687422693216e+00
4.895129769150959653e+00
1.749299795298602661e-02
2.000254607835500742e-01
9.498364062142603537e-01
5.079352087707296182e-01
8.360389482134105155e-01
3.286463860731031250e+00
4.888324624947146368e+00
1.782380327679064166e-02
2.142392231655326218e-01
9.738428844054085598e-01
3.602645898435374860e-01
6.987538669391203383e-01
3.842727666441670298e+00
4.907017722972423890e+00
1.960205885721253219e-02
2.072074294867416178e-01
9.762012007317260043e-01
4.744826311652516337e-01
8.212915331114970519e-01
3.972085437718251733e+00
4.431952860388866711e+00
1.918940568640633074e-02
2.441307454172102209e-01
8.505945413237744335e-01
4.521924472405348672e-01
7.077524622402832088e-01
3.756881188718220965e+00
4.800789920822581713e+00
1.632323271463889322e-02
2.377627341440488595e-01
9.643828056265371096e-01
4.589412485022438815e-01
8.679990094105080045e-01
3.938342045248726553e+00
4.881149976656489642e+00
1.970014207576972071e-02
2.310071122296671609e-01
1.086697515564311489e+00
6.357318575898651680e-01
8.149080727466123664e-01
3.527504793627325608e+00
4.828612943333478569e+00
1.893080336034452110e-02
2.703690197816746577e-01
9.219617431933438967e-01
5.526382790730181016e-01
8.772243774586038212e-01
4.067628434086917544e+00
4.879979126641723397e+00
1.993676167457347076e-02
2.295433556325815194e-01
9.718076825908215088e-01
4.887102566395202241e-01
7.959132294496593651e-01
4.137945228860753666e+00
4.984487502325942287e+00
1.974615824252867399e-02
2.705898664836519085e-01
1.125550935845882838e+00
6.097849895124100028e-01
9.054212529284242361e-01
4.253959041705063449e+00
4.829704904879295491e+00
2.598383215147920949e-02
3.072861148457902147e-01
8.931206269753660942e-01
5.961871219043970438e-01
1.044937054764744300e+00
4.254240405326115138e+00
4.976320645961973987e+00
2.483094112132867848e-02
2.312549016662253376e-01
1.110498381653922007e+00
5.465347809150740144e-01
8.881045243175745840e-01
3.806701376610361010e+00
4.558882236488599915e+00
1.766171796808903988e-02
3.232057075365432075e-01
1.056813697999958723e+00
5.605777604568051853e-01
9.402763180165876200e-01
3.975382655072726923e+00
4.793804017035911080e+00
2.781410393598853989e-02
3.024318061583403106e-01
9.179274466931214294e-01
4.981092690690160918e-01
1.057281723931626116e+00
4.171618968245745407e+00
4.905858534167809815e+00
2.179800171838407186e-02
2.346596869841579558e-01
9.508532106084929270e-01
5.909627444067822033e-01
9.130909616561753150e-01
4.207380286972878025e+00
3.727803045193811116e+00
3.541787082025450728e-02
2.555891117149645675e-01
1.326333946287662435e+00
6.316402173283072186e-01
9.896229344813021189e-01
3.963921570073803746e+00
3.763011427754647809e+00
4.626010441313958138e-02
2.688559966886225339e-01
1.198786848199245858e+00
5.418375380392979057e-01
9.417433744628562753e-01
3.783382720386365250e+00
3.831347255013513031e+00
4.585244075735231406e-02
2.540987523380188740e-01
1.069199610893221797e+00
5.397942788509074719e-01
1.085025048439754336e+00
4.159045069498647607e+00
3.883867089232375669e+00
4.167747143119780034e-02
2.774473524369462374e-01
1.014966714876487375e+00
5.812980866596448859e-01
9.781074101057352088e-01
3.827083408901851502e+00
3.970695954007329664e+00
3.887985645364566006e-02
2.220335246221177838e-01
1.170227609697992666e+00
4.864466366439522682e-01
8.421380821058415123e-01
4.391869214642762032e+00
3.855498609818543532e+00
3.733208133764887027e-02
2.659187982733886013e-01
1.124199892616642771e+00
6.210474860732361213e-01
1.273467355554318114e+00
4.421662347055609565e+00
3.826348902537703101e+00
4.052444458834723873e-02
2.895950645006005741e-01
1.088213153257714838e+00
5.234452805448983614e-01
8.828871864578299311e-01
4.295596667028806159e+00
4.153160119344089907e+00
4.031378642402471540e-02
2.852379764210165036e-01
1.497755772685005482e+00
5.694715449919247607e-01
1.022979349025436413e+00
3.926645960508879263e+00
3.882763954938396989e+00
4.166433672451894110e-02
3.004579829105397670e-01
1.229964287300137737e+00
6.114132829642946465e-01
1.097572574256210132e+00
4.282400874188240003e+00
3.748446923967786670e+00
4.657919105466668680e-02
2.485093090769591728e-01
8.562745623844574272e-01
5.820430458689831443e-01
1.098977995958603460e+00
4.300800558608838919e+00
4.034096513899043224e+00
3.815093663875952085e-02
2.956833067728292797e-01
1.412873567181666346e+00
7.467778793016759398e-01
9.961495500635751954e-01
4.434750503746785810e+00
4.003420857044025283e+00
4.522137792376946380e-02
2.744343991667498872e-01
1.117612783474155824e+00
6.328801512044857080e-01
1.091468113991097777e+00
4.199069890808617700e+00
3.925671012984309982e+00
4.405227257178832845e-02
2.830958262779922907e-01
1.106222109651187724e+00
5.027574500902246557e-01
9.932547774680959840e-01
4.043816930483955296e+00
4.103967459883897995e+00
4.012424670686220302e-02
3.094578994118861726e-01
1.200025067321067063e+00
5.799410721127075119e-01
9.871452427897520199e-01
4.167117537574209329e+00
4.014764970230343621e+00
4.453612415764333921e-02
3.185284602490989214e-01
1.459045844667584690e+00
6.896248966992868379e-01
9.272395134249615811e-01
3.646824570831185941e+00
4.182951030506026235e+00
5.195211267679586409e-02
2.970397017756569724e-01
1.202237615597649079e+00
6.579462520812373594e-01
1.008451014336537499e+00
3.765300765370048541e+00
4.093095977653463891e+00
4.975758606450635807e-02
2.949544771691067768e-01
1.150348288363623572e+00
6.855099087573466310e-01
1.030584959680161727e+00
4.449583029610319151e+00
4.022893372238198317e+00
5.146783380916288703e-02
2.841864072329511326e-01
1.280120893026426732e+00
6.463038354778704031e-01
1.199114450599475745e+00
4.514372669577690012e+00
3.998538315058585368e+00
5.821868849143598673e-02
2.654255106842353662e-01
1.278329212042220497e+00
6.675180672210274668e-01
1.220488858270258659e+00
4.316188730196533818e+00
3.769590677563280146e+00
4.378191566338812679e-02
2.894420486143657878e-01
1.454332449075350420e+00
6.474794677380484309e-01
1.196947790963946101e+00
3.946507976939421347e+00
4.036663906338296748e+00
5.922455195696146174e-02
3.349538623765521139e-01
1.234660598974865353e+00
7.126552387274734945e-01
1.108300670227046814e+00
3.913375625081220388e+00
4.264655550026447806e+00
5.867287149953117481e-02
2.440273993236638239e-01
1.555405887149129640e+00
6.638805118018866747e-01
1.239122742820364165e+00
4.209212202127206481e+00
4.101296130454333166e+00
5.096847514861398143e-02
3.455532688924181084e-01
1.300856643227927378e+00
7.849755929197445026e-01
1.237754141746535419e+00
4.159400524691895029e+00
4.068841400292473764e+00
6.794591922567833064e-02
3.238268733195136528e-01
1.572111320000101786e+00
7.804667822704886015e-01
1.160730538409227464e+00
4.442272994128829033e+00
3.985192178876389324e+00
6.581398167936386434e-02
3.394396433952748815e-01
1.399483345243850207e+00
7.444869517612482390e-01
1.277827709252033372e+00
4.144569903033031188e+00
4.263233203363779644e+00
7.847790570413645805e-02
4.184413283982592047e-01
1.620736202060687470e+00
9.089523993957746573e-01
1.438437887075722399e+00
4.376872683999767588e+00
3.633333880280645634e+00
8.323279417320281204e-02
2.822058885687905860e-01
1.381124082765085914e+00
6.293204069172442239e-01
1.247750542167559651e+00
4.361150387120979133e+00
4.152802865314520808e+00
5.853989079324788125e-02
3.803011898992592066e-01
1.628896331725168789e+00
7.435276417329225174e-01
1.589218182647984978e+00
4.464835798430345726e+00
4.162375594735451045e+00
6.044173870194340797e-02
3.786601704602419738e-01
1.280414884216868332e+00
6.736803323761594298e-01
1.256790693656051339e+00
4.388686192134183095e+00
4.058862584811537388e+00
6.621804360345713569e-02
3.864985823247375496e-01
2.355401452094302073e+00
7.561534988636006149e-01
1.891051472800761246e+00
4.157763011499351791e+00
0.000000000000000000e+00
1.451677560782705101e-01
3.579861195674643448e-01
2.100753959196335341e+00
9.842512269653924672e-01
2.070328457262900379e+00
4.733615926443453858e+00
0.000000000000000000e+00
2.051171891746461362e-01
3.091311007107466757e-01
1.889453537643363656e+00
1.176335538664177616e+00
1.703964819829137722e+00
4.694535233221897030e+00
0.000000000000000000e+00
1.779212433669815630e-01
3.591093526113118828e-01
2.470748059162240384e+00
9.324568093972533944e-01
2.105846835791445049e+00
4.760953924461592379e+00
0.000000000000000000e+00
2.095505273720624229e-01
3.843635464811805402e-01
2.000786990549381361e+00
1.025383395585913737e+00
1.506796766493759154e+00
4.254984297919723879e+00
0.000000000000000000e+00
1.968151638004358162e-01
4.141346763737679959e-01
1.750733571526627896e+00
9.661577004323439466e-01
1.730117890929360858e+00
4.701206092475387344e+00
0.000000000000000000e+00
2.629712838613065262e-01
4.053536593294651547e-01
1.662878233938319683e+00
9.066253962768894281e-01
1.634669643284806462e+00
4.504234575198987400e+00
0.000000000000000000e+00
2.279200512953119540e-01
4.307998776317361056e-01
2.712662173289441814e+00
9.830998298819508818e-01
2.146503396126538732e+00
4.519065811865806914e+00
0.000000000000000000e+00
2.618552777983523816e-01
3.901119779104704199e-01
2.168345865924188320e+00
9.810548976548376654e-01
2.072276937282450771e+00
4.798325756231844430e+00
0.000000000000000000e+00
2.579145051565203683e-01
3.254316147658599667e-01
2.353314350089610318e+00
8.270584381651648886e-01
1.312242994850356670e+00
4.524010251436996199e+00
0.000000000000000000e+00
2.248430672738880587e-01
3.711185356317256989e-01
2.344326761997090447e+00
1.024723936914942124e+00
1.913866252961754055e+00
4.486813611969839855e+00
0.000000000000000000e+00
2.226472733552094518e-01
4.312388154958746167e-01
1.757654364270195391e+00
1.059303009760560688e+00
1.884312809352180373e+00
4.735814782449654814e+00
0.000000000000000000e+00
2.255830571223212955e-01
3.652676805818055317e-01
2.753340079344666069e+00
1.066019777908523203e+00
2.047171095874551039e+00
4.555932515169948793e+00
0.000000000000000000e+00
2.509093781399348022e-01
3.539252977950368417e-01
2.071726026094982132e+00
1.182977302674355968e+00
2.065931012086629881e+00
4.819466637291200506e+00
0.000000000000000000e+00
2.340413339507562140e-01
4.022660542812734330e-01
2.942457074393987071e+00
8.369482418941345259e-01
2.255086115489914000e+00
4.218980408947729188e+00
0.000000000000000000e+00
3.600767363833749513e-01
4.096991905317854954e-01
1.879145880035987259e+00
9.701166669906682305e-01
1.754897132842625052e+00
4.780668773590909026e+00
0.000000000000000000e+00
2.548730150699951014e-01
3.834624188663846578e-01
2.489528699477596696e+00
8.886680107933997430e-01
1.646100217293146262e+00
4.284354666213633145e+00
0.000000000000000000e+00
3.066167272196646532e-01
4.199455188800214067e-01
2.252132203829775303e+00
9.873174403744102712e-01
1.903772329045672063e+00
4.442586151505402370e+00
0.000000000000000000e+00
2.762769447215407959e-01
3.860692182464273703e-01
2.284585786937785912e+00
9.936866872492878811e-01
2.137148772620213855e+00
4.611642825508680765e+00
0.000000000000000000e+00
2.898992190614961828e-01
3.950750006526992375e-01
2.561277051575332031e+00
1.030375353493765411e+00
1.961133129092660132e+00
4.709281711532814718e+00
0.000000000000000000e+00
3.441981419202307935e-01
3.912897672039403196e-01
2.254807738627019553e+00
1.037310300925439410e+00
2.703672048368228609e+00
4.602201445304578087e+00
0.000000000000000000e+00
3.250648930042914220e-01
4.487665413082357335e-01
2.840622613941844232e+00
1.037270885896307560e+00
2.247110808853600705e+00
4.266243481465163967e+00
0.000000000000000000e+00
3.424835554519205516e-01
4.443273708779239550e-01
2.153805783173425414e+00
1.126557971454488882e+00
2.304436787934360353e+00
4.012995824400182876e+00
0.000000000000000000e+00
3.321925998278483227e-01
3.818281981527788527e-01
1.678033366870238963e+00
9.628254065000241280e-01
2.173907536681236152e+00
3.977549284028803811e+00
0.000000000000000000e+00
3.431815878807225051e-01
4.387705940993960052e-01
2.301401102748835914e+00
1.116507273368234854e+00
2.108308232666813886e+00
4.545257612155257476e+00
0.000000000000000000e+00
3.313937833866789084e-01
4.636508133201074910e-01
2.558388205232480228e+00
1.197569146385347283e+00
1.829860084229565143e+00
4.760330770189442617e+00
0.000000000000000000e+00
3.659333842168701612e-01
4.351540525899279532e-01
2.875015101009716911e+00
1.078167105541307347e+00
2.396566460977541002e+00
4.616736087383231713e+00
0.000000000000000000e+00
3.791184604700463256e-01
4.524785656979815052e-01
2.420849158042041260e+00
6.883185278516709138e-01
1.724132381541672698e+00
4.622949893089943529e+00
0.000000000000000000e+00
4.008089773006212053e-01
5.248496126601066569e-01
2.237328310318169589e+00
9.933017192443155396e-01
2.816867347013234379e+00
4.778877377491721035e+00
0.000000000000000000e+00
3.907620052117308229e-01
5.192060610836571888e-01
2.247392913723581298e+00
6.894666968918867767e-01
2.028868957660791228e+00
4.786796749734020473e+00
0.000000000000000000e+00
4.489696428693562558e-01
4.318672784092937866e-01
4.363067801220054776e+00
2.390584296628137650e+00
4.046390195706747406e+00
4.745928780992108464e+00
0.000000000000000000e+00
5.919476735865436545e+00
4.656994387904160315e-01
4.616369468549311073e+00
2.586233681141122176e+00
3.054876941301692739e+00
4.950360725354720159e+00
0.000000000000000000e+00
5.648343164910653691e+00
4.685401722213733966e-01
4.429952619582947726e+00
2.093103064950828429e+00
3.707729467461998940e+00
4.449084239692447262e+00
0.000000000000000000e+00
5.057161802605822487e+00
4.496434774735617035e-01
4.033703420485212021e+00
2.545402963705161614e+00
4.438919384027804504e+00
4.987881633222539079e+00
0.000000000000000000e+00
4.970612132574887099e+00
4.529162817914254568e-01
4.442471167299913759e+00
2.192389040963879765e+00
3.569181280538481271e+00
4.879910513627765845e+00
0.000000000000000000e+00
5.354226392584514826e+00
4.142229245209977373e-01
4.254932168894184130e+00
2.159892217316679908e+00
3.472542737557873682e+00
4.883114537350628837e+00
0.000000000000000000e+00
5.926396206040799974e+00
4.898279721030048273e-01
4.334221793222149621e+00
2.279965348942747827e+00
3.575021464823735506e+00
4.653702358436402342e+00
0.000000000000000000e+00
5.907409468030070165e+00
5.165934735269931410e-01
4.195456284875773711e+00
2.449959567400668004e+00
4.240290623790597735e+00
4.833653000189232607e+00
0.000000000000000000e+00
6.527607116758148642e+00
5.121236536842699305e-01
3.992885518339685191e+00
2.488915328210028477e+00
3.960255381072950165e+00
4.912340601890345049e+00
0.000000000000000000e+00
5.552126236484825839e+00
4.356855295975201048e-01
4.286893915952185274e+00
1.739812136151967170e+00
3.985607068066176595e+00
4.859629691975928978e+00
0.000000000000000000e+00
6.459434038832163161e+00
5.217471886056855856e-01
4.368914703337734906e+00
2.521787522981351337e+00
3.868194727365054764e+00
4.884203957998952461e+00
0.000000000000000000e+00
4.346098230603013590e+00
4.578567780528277065e-01
4.183033310117886039e+00
2.251168845133153518e+00
4.076878843515700623e+00
4.897752013171809082e+00
0.000000000000000000e+00
4.336867097561438733e+00
4.622349128676456753e-01
4.239927533991643571e+00
2.065142366894590964e+00
3.704158041024097958e+00
4.983634232079081627e+00
0.000000000000000000e+00
6.183245619077847977e+00
5.102340852878055610e-01
4.466335105664223981e+00
2.112903177056064230e+00
4.321539620828070305e+00
4.854962881905809269e+00
0.000000000000000000e+00
4.430702183429279906e+00
4.049401261831572785e-01
3.522480705082305708e+00
1.975068544038461882e+00
4.148235385243203233e+00
4.764030786046738797e+00
0.000000000000000000e+00
5.179527036981542487e+00
4.569271017512872013e-01
4.224398881232552583e+00
2.640185130643335043e+00
3.310668601910971454e+00
4.546849208222438321e+00
0.000000000000000000e+00
5.999301942770511431e+00
4.074625965354836676e-01
4.325664806946339702e+00
1.849675296539263103e+00
4.333664770090321916e+00
4.829626693456306796e+00
0.000000000000000000e+00
5.931661900764716222e+00
5.069553210390563835e-01
4.219346713716834785e+00
1.958857143606376416e+00
4.157042401604980064e+00
4.893560174856124156e+00
0.000000000000000000e+00
5.033051999399138943e+00
4.890370281240521422e-01
4.488756463404144803e+00
1.825333893919307560e+00
4.084091778606465439e+00
4.456574367177077889e+00
0.000000000000000000e+00
6.414707014851202871e+00
4.596598436912022745e-01
4.389686871532189727e+00
1.947334955059930595e+00
4.017642155949939564e+00
4.827175544732417833e+00
0.000000000000000000e+00
5.648495539054967374e+00
4.782173627928001380e-01
4.038515116866800980e+00
2.201691268531190016e+00
4.108174459513850962e+00
4.858016643363812115e+00
0.000000000000000000e+00
4.523870054122616224e+00
4.166207414850769952e-01
4.525598030783047676e+00
2.547706177848090725e+00
3.421716848104065178e+00
4.653960078012324253e+00
0.000000000000000000e+00
5.931968408688772953e+00
5.065765355536927528e-01
4.460546296835555147e+00
2.353003067374710433e+00
4.079682074489230814e+00
4.961504266798425711e+00
0.000000000000000000e+00
3.713606715915378942e+00
4.956338349125412601e-01
4.318877194522558582e+00
2.264484664224132082e+00
3.770769628272135687e+00
4.753026689331904642e+00
0.000000000000000000e+00
6.292192150113215199e+00
5.627672821315115037e-01
4.365080829373789051e+00
2.118998193019957732e+00
3.730705334179513333e+00
4.766899693653154912e+00
0.000000000000000000e+00
4.983650287415261282e+00
5.218874707460875451e-01
4.540601585212137969e+00
2.147339480935726908e+00
3.876340977102552543e+00
4.682701957344993282e+00
0.000000000000000000e+00
5.474476545471684830e+00
4.965905776548489858e-01
4.128024307700598250e+00
1.748799972617165688e+00
4.121667572737445440e+00
4.851229019131146458e+00
0.000000000000000000e+00
6.338106368212801378e+00
4.799289963793275104e-01
4.333333198220439719e+00
2.564864279883367626e+00
3.854676162968225572e+00
4.827059669207021564e+00
0.000000000000000000e+00
3.100595619245859691e+00
4.775443026400225666e-01
3.830597815987167643e+00
1.890826617283150046e+00
4.115267981830193378e+00
4.565184973051589878e+00
0.000000000000000000e+00
6.591531332667972087e+00
5.091180486895510171e-01
4.352810016708335894e+00
2.200511989564093884e+00
4.196693439154670635e+00
4.785728771625757716e+00
0.000000000000000000e+00
6.868279433574948634e+00
