1.434616571715833899e+00
6.508138484558034786e-01
1.265232726118670215e-03
3.174467736161631706e+02
5.481045932197840642e+01
5.392471337919424457e-02
1.018870229097967872e-02
1.206875802173235368e-01
6.483719751271266318e-04
8.646489735308904301e-07
9.994051288058561910e-01
4.955040324433951926e-01
1.536254119217637992e+00
6.632294714791465706e-01
1.763979694431316858e-03
3.244448937248408811e+02
5.627276560467340261e+01
6.390247556093520132e-02
6.591973124558947461e-03
1.196032755047737733e-01
2.328676844779442590e-03
1.236938978244062071e-05
9.489899747989661849e-01
6.622900077389363149e-01
1.466895033728337072e+00
5.732157859048914172e-01
1.514746547480960714e-02
3.232340502660782136e+02
5.414090367724612207e+01
6.458486102782656779e-02
1.302426358543717910e-02
1.140118665397637787e-01
1.148133626258651674e-03
7.655567405562280214e-06
1.082095275721456362e+00
8.595367008496158645e-01
1.417417285295969664e+00
6.293673364069585219e-01
2.324943985813066050e-03
3.171899682188280281e+02
5.263979341732856199e+01
6.302848830751384135e-02
5.280210778986216269e-03
1.081744055829225865e-01
1.319911819289698585e-03
6.375638006428374638e-06
1.040425707983856363e+00
1.053694196425626561e+00
1.428129574957077708e+00
6.512755667676008997e-01
2.004466259054593635e-03
3.209839187087851542e+02
5.541074793837975676e+01
6.066076818273535842e-02
1.018095563567023021e-02
1.201119562121844148e-01
5.922671360569786714e-03
2.534982430413279531e-05
9.581496361227168634e-01
1.545064426971553440e+00
1.451676773195285319e+00
6.387566278490662830e-01
4.438966995541360205e-03
3.269544765530531549e+02
5.622708966819050858e+01
6.722724041451910715e-02
1.096151474924367264e-02
1.246560338721591776e-01
2.938170277895224558e-03
1.242313251381688133e-05
9.631510286687915423e-01
2.154909087072044649e+00
1.451369133300346448e+00
6.158385469782144961e-01
4.086020179919769291e-03
3.189863510905077533e+02
5.386901253048991123e+01
5.989789391578459465e-02
1.208478157470826986e-02
1.119783160058174382e-01
1.712571941600016245e-03
1.200655777799930490e-05
9.393315874828807033e-01
2.965372878938738577e+00
1.403002482223423053e+00
6.072979243861974519e-01
6.303594368931575431e-03
3.332057054310221247e+02
5.092190488733142928e+01
6.126908005855025152e-02
1.481991187900821849e-02
1.077311428849525993e-01
4.315084101974564490e-03
1.386644753353927229e-05
1.069505470953352466e+00
4.277502826460367835e+00
1.455966058017937215e+00
5.726800530854824212e-01
1.553914559317970401e-02
3.160181379600508649e+02
5.268909510125827467e+01
5.997705261165053869e-02
1.621077454963426590e-02
1.136008998235227413e-01
2.579208324844373124e-03
1.799323118389928311e-05
1.079232661117992542e+00
5.952165925847269889e+00
1.440670350413561396e+00
6.234990858074974662e-01
9.785474136414507029e-03
3.019721534769414006e+02
5.201815180872241484e+01
6.099103817103990188e-02
1.011896815169111008e-02
1.026981614337285353e-01
1.191959977167367235e-02
8.147642205358351930e-06
1.040131536101347676e+00
8.547149091460115145e+00
1.419755689897258755e+00
5.837845491781847862e-01
4.537014009634576794e-03
3.133927684961595332e+02
4.936557546337719060e+01
5.516770209766597155e-02
1.238103345284180534e-02
1.008438840878778109e-01
3.424375586943417815e-03
3.044153816800232448e-05
1.034983662028157392e+00
1.227726260808456260e+01
1.511146672859850826e+00
6.686249878307970462e-01
5.945376148215331114e-03
2.904381894307056768e+02
5.515290785098200388e+01
6.259503422552659124e-02
1.729743448830478592e-02
1.190166419927784908e-01
3.560011604768487103e-03
1.647674246818553456e-05
1.091316719449648698e+00
1.751863051466968813e+01
1.506594889879262711e+00
6.642391091224397748e-01
4.718075525897980071e-03
3.266175939589255108e+02
5.435490440679119217e+01
5.011424318991930527e-02
1.083277356361156407e-02
1.075641209380529123e-01
5.563937325480106111e-03
1.900377675889686202e-05
1.013446330939797635e+00
2.502879471150837176e+01
1.484020106882400158e+00
6.656865241510478981e-01
1.267908597291644845e-02
3.161236748792721869e+02
5.261272962884905269e+01
5.483387045468579579e-02
1.995844947158098570e-02
1.139037733769110300e-01
8.847743243568517713e-03
3.942580441118614942e-05
9.929782782374637629e-01
3.584391586754476577e+01
1.515847359041176290e+00
6.453626887995522754e-01
1.387481459474315670e-02
3.041498646981848424e+02
5.666959563392612154e+01
6.051526708876098226e-02
2.956015533771449988e-02
1.192717915101149384e-01
1.269046877871771173e-02
6.393259722736743811e-05
1.046170353297765976e+00
5.157360203905318485e+01
1.454609448130806948e+00
6.288174441668417103e-01
2.654995831891326930e-02
3.458462971900005982e+02
5.353915719615513780e+01
5.498053325171947670e-02
3.324273631518104288e-02
1.159353155953824488e-01
2.043448779435852458e-02
3.032527312152311083e-05
1.084949374190107729e+00
7.400043021903384499e+01
1.452357375006392282e+00
6.429780310500821106e-01
1.448438578678490352e-02
3.292383656183124572e+02
5.245933758849358952e+01
5.184562806796799705e-02
2.608908487186645253e-02
1.099814145402800009e-01
2.202354796640992873e-02
2.541660174759652335e-04
9.357233912553887256e-01
1.064354478177790071e+02
1.484646704136278750e+00
6.206460648321032725e-01
6.905687879185662403e-02
3.279823606129180007e+02
5.204452196110179329e+01
5.198525658076880163e-02
4.115283453224871657e-02
1.112468576806324855e-01
4.682066794350348005e-02
2.669225472429204160e-04
1.068283609292491887e+00
1.530270521177713476e+02
1.435385078361200328e+00
6.187251459276620347e-01
1.314381931609742427e-01
3.330850447379944512e+02
4.981494778476935892e+01
6.361779481969365158e-02
2.087225981141305198e-02
1.296495431381561036e-01
5.686266933281114433e-02
4.330489370629742041e-04
1.057144787881484360e+00
2.200842233871023836e+02
1.439671926920235601e+00
6.452750658827810515e-01
2.503692653955047476e-01
3.263358728797492745e+02
4.917189853191430160e+01
5.219759265285839334e-02
3.166216026971313546e-02
1.100982786676796138e-01
8.704334848700366611e-02
8.135693631505791501e-04
1.151590465486680648e+00
3.162956057202835041e+02
1.334312927209394761e+00
5.055217600085259999e-01
1.616400883482915773e-03
2.620589195957451238e+02
4.332292829137005441e+01
5.134649766942778193e-02
8.123832327320279489e-03
9.487146752739651634e-02
1.533795114750935440e-03
2.813782506994044752e-06
9.915213948877356076e-01
4.828085005529936802e-01
1.419903975569929422e+00
5.176474982961088989e-01
5.523208339768270747e-03
2.732988002849509144e+02
4.500182165594065964e+01
5.252661813407333291e-02
3.254497508614617729e-03
9.325498500643789046e-02
5.593309891032127723e-03
1.026120080016568181e-05
9.411982891555413788e-01
6.110567040792439508e-01
1.349834004303317903e+00
4.653649699576711818e-01
3.105039847379753581e-03
2.753469986626589048e+02
4.276247968593798987e+01
4.832672495144407776e-02
5.056645208225685195e-03
9.185412602286781303e-02
2.317084394672930259e-03
1.053856943045161643e-05
1.075413573485716423e+00
8.691365237637660446e-01
1.310730864481144176e+00
5.052695282409280786e-01
1.609527469991212101e-03
2.621243979960917159e+02
4.118940395399788912e+01
4.979605472199555294e-02
6.197787980098956595e-03
9.561437219568814927e-02
2.825432014520457003e-03
3.948142416332345306e-06
1.033324918113982527e+00
1.125991153315379689e+00
1.318252993450423460e+00
5.287506044687362294e-01
1.074058384074039196e-02
2.688643247971705250e+02
4.312394597941042917e+01
5.172206081137109557e-02
9.997149567542162885e-03
9.577379313961077723e-02
6.191381978661869567e-03
4.048398330791513899e-05
9.506323724536103192e-01
1.546042984880413140e+00
1.339448589353944286e+00
5.014715557506810306e-01
1.260201989948361856e-02
2.725365087019208659e+02
4.397963960504622349e+01
5.255132082018998396e-02
9.806449088600732722e-03
9.956840286542087415e-02
8.790160950175041066e-03
5.273901245828049866e-05
9.534282867631003189e-01
2.173367736733280431e+00
1.355619793308340482e+00
5.258183269154281803e-01
3.592142617226956602e-03
2.638087142810501859e+02
4.101294890829572637e+01
4.259367597720942200e-02
1.117954082831107421e-02
9.232507779960653915e-02
4.746470256377088859e-03
6.156677794244558299e-06
9.310257952144774807e-01
2.946693606510377261e+00
1.308180887752491195e+00
5.110735098009677735e-01
9.243889589349851832e-03
2.770241432748040893e+02
3.922669541866818577e+01
4.205699425780085043e-02
7.087227272045693027e-03
8.595905419635950506e-02
1.211344877614317639e-02
1.772102342645354156e-05
1.062602611128247165e+00
4.175953310972952082e+00
1.351813464947566601e+00
4.921500099212737234e-01
2.444336896222587541e-02
2.621226797812452673e+02
4.027480298306215900e+01
4.025726209144542267e-02
1.049353133161234908e-02
9.116792765703209123e-02
1.311007782971662650e-02
2.411667067270251152e-05
1.073203486430665210e+00
5.967069451494308119e+00
1.355271604357275228e+00
5.271012982580693951e-01
8.505785896913975463e-03
2.439064208357515611e+02
3.959449816808889011e+01
4.107626866179381331e-02
1.071415725289015519e-02
8.915022010224983584e-02
2.648345152990061457e-02
2.670602453069825799e-04
1.032576485056794446e+00
8.516333332214919949e+00
1.326828083647980661e+00
4.622209910557794066e-01
1.487202800319331608e-02
2.598101011170576840e+02
3.891188439140454847e+01
3.873919568765593624e-02
1.547840775549813586e-02
9.210242995239426023e-02
1.213079024911967174e-02
5.105820889306222909e-05
1.025146336346469900e+00
1.219776387920378902e+01
1.405389029519168442e+00
5.487069187970363693e-01
3.769438779510636550e-02
2.428139554992483795e+02
4.262104049578868370e+01
4.738983759290049669e-02
8.522617311357283398e-03
9.525988182421669948e-02
1.404114563320901787e-02
2.319020525720638659e-05
1.082806394196063282e+00
1.741831247794204884e+01
1.399318082386925788e+00
5.315868660468869855e-01
1.368140422191577166e-02
2.734059187411172616e+02
4.225771504074645435e+01
3.661870446804660340e-02
1.926047308115408363e-02
9.516052148556440604e-02
1.221765025602339350e-02
5.128799238196535271e-05
1.003093252772724320e+00
2.504567291693030739e+01
1.368792333197154099e+00
5.209113536757291607e-01
4.018957270884859767e-03
2.718673037272009196e+02
4.189685165090746466e+01
4.137869712682484824e-02
9.967520250652173175e-03
9.421145878542037944e-02
9.243081302756639417e-03
4.390713933988266149e-05
9.824841104481164544e-01
3.591688671809681210e+01
1.398837176890145306e+00
5.274455021790247500e-01
5.846423238601072825e-02
2.546125644691102821e+02
4.349609439193025651e+01
4.207104831366992315e-02
1.461560219976676400e-02
9.385659326394237001e-02
4.274918334913557771e-02
5.090991216927243102e-05
1.039661174253836196e+00
5.150430274603309044e+01
1.363712754752158585e+00
5.208415725312276479e-01
1.315999530780653792e-02
2.819147766153204770e+02
4.014627611417855491e+01
5.204407481956940806e-02
1.681491592135153645e-02
9.180482202848061490e-02
1.668828860933779801e-02
5.625431249600687522e-05
1.076486882303719694e+00
7.399995437034033330e+01
1.371541596043108990e+00
5.317134756927335282e-01
1.887418699263232469e-02
2.639051383570234748e+02
3.876997761954677912e+01
4.056419401695543492e-02
1.640561322206357531e-02
9.021963221259143850e-02
4.651517537804905622e-02
4.548310211327510899e-04
9.269702559559280797e-01
1.064245843392697140e+02
1.387820137042195867e+00
4.969174991397929397e-01
3.673253249345087568e-02
2.744413658423284232e+02
3.923223162131103692e+01
4.837558423759658055e-02
1.611220895553988619e-02
9.517975950298795951e-02
4.111306383257851138e-02
2.142638387270245914e-04
1.059665248745047528e+00
1.530086675596197949e+02
1.322886515671520380e+00
4.899655831781670190e-01
9.392420736136440629e-02
2.803398551881676894e+02
3.948063583012193334e+01
4.807114703198722694e-02
3.428046353839864224e-02
8.863349761270455929e-02
4.426216253383463695e-02
1.361827214063637825e-04
1.051214484905630187e+00
2.200632524720024605e+02
1.366481626690453144e+00
5.375290844811420055e-01
1.459294642532771025e-01
2.626351917423150439e+02
3.432727828908026879e+01
4.839305848804431598e-02
3.180084517424575097e-02
9.011787534097033536e-02
1.136703716198072950e-01
2.718306591853458798e-04
1.142931830104871871e+00
3.162401398191619819e+02
1.248966919476767190e+00
3.574335852637167688e-01
1.672727444018695664e-02
2.151456265452606260e+02
3.311216463152110379e+01
4.549677955545283758e-02
7.903455146878179960e-03
7.232094381621867463e-02
1.676260302351684217e-02
4.967332995375883797e-05
9.869585684996632358e-01
5.469017841832899407e-01
1.320098626737839176e+00
3.894961561754561319e-01
8.618960236421724375e-03
2.301612705630292339e+02
3.432515959615793122e+01
4.424329689598271997e-02
7.292176291273655409e-03
7.074771322232553672e-02
1.010524645494781382e-02
2.926169904160502711e-06
9.359376736550772957e-01
7.207793230092913728e-01
1.274945945377460532e+00
3.928629105411385880e-01
2.678034972474319098e-02
2.241798851080349095e+02
3.056813948205097020e+01
3.139280756807916184e-02
6.808693841536817004e-03
7.160241268047706775e-02
1.567001350795904635e-02
7.781442275422989496e-05
1.072144960484788134e+00
7.739507727183181363e-01
1.225191290584070059e+00
3.969879373484330176e-01
7.030579926206037555e-03
2.213884148819871882e+02
2.972712686050891051e+01
3.559744755799121307e-02
1.265192931237946183e-02
7.361311086661270764e-02
1.964556117770688282e-02
1.023145910439282602e-04
1.028353888820875195e+00
1.126528966263903975e+00
1.258621434785214266e+00
4.323045228182376687e-01
1.272657382530351100e-02
2.045829767635850942e+02
2.998911580764564988e+01
4.388013158690196036e-02
6.259010935129039055e-03
7.959609043832971409e-02
3.990712381875205494e-02
2.559878718888519700e-05
9.462038967246277910e-01
1.544154436654654905e+00
1.245559243598244992e+00
4.104645370519844350e-01
1.042066866595026120e-02
2.244179882913095128e+02
3.192226673493552269e+01
3.306565506497882723e-02
8.012520310193282924e-03
8.913241847908980053e-02
2.121060659569073970e-02
6.764205593312588860e-05
9.492464683912770207e-01
2.149926017091841057e+00
1.278350964428847103e+00
3.943885074205634722e-01
4.008647093749928558e-02
2.141875323274229288e+02
2.998430182236020869e+01
3.650850088694257423e-02
1.646981346405618218e-02
6.850553523762958896e-02
3.241907690516132590e-02
4.618177201765050199e-05
9.266065585315109709e-01
2.986877428007812973e+00
1.233981618332222752e+00
3.906347670594512156e-01
3.895877036415473782e-02
2.271380558468675872e+02
2.876827755636970707e+01
3.827802948713765474e-02
1.010545404505180933e-02
7.244413702548913037e-02
2.044641883498510282e-02
8.700783133308576112e-05
1.058006042670982749e+00
4.153194458266905364e+00
1.273421944909553849e+00
3.699487579355232314e-01
3.345277942848889907e-02
2.167491166646928491e+02
2.961496232633679426e+01
3.498783352732459662e-02
1.288879045616586616e-02
6.778524689040277273e-02
2.684579710254597629e-02
2.022074065766155115e-04
1.068216328433362117e+00
6.002196434811541970e+00
1.269617941864983335e+00
3.998915507246914580e-01
3.815398261959312975e-02
2.034361766632455044e+02
2.862966838060971497e+01
3.548049463683589089e-02
1.779493641580254248e-02
7.417287126063043523e-02
4.103414766627677679e-02
8.702835924245810872e-05
1.027798374671085258e+00
8.594246033001944340e+00
1.259440050613348738e+00
3.690540369458362724e-01
4.413413129017662584e-02
1.997044291075761464e+02
2.799815567574562181e+01
2.599095056575961848e-02
1.513262301761630901e-02
7.755920866870047448e-02
4.657761516149716563e-02
8.023051275229953205e-05
1.021234490498983627e+00
1.221500307228001425e+01
1.315868824424990757e+00
4.061318212782026871e-01
6.111286072621679999e-02
1.985294281683233919e+02
3.211778201008847589e+01
3.942317001239259433e-02
1.857827256503741253e-02
7.068041868037888698e-02
3.227978183919844035e-02
1.307031835862115798e-04
1.077950094288885108e+00
1.746833908902339161e+01
1.318166492283864066e+00
4.267948201212711790e-01
3.186760238173325099e-02
2.237403712379889100e+02
3.061429569144141638e+01
2.890077679044700254e-02
1.131918124096964462e-02
7.111099760766070865e-02
3.143524308819256596e-02
7.044769325115218805e-05
9.984307169603369170e-01
2.497168435987946467e+01
1.286347844001802798e+00
4.220860947525029161e-01
6.694554822563869578e-02
2.221248509791105619e+02
2.945630386047338689e+01
3.825276745623718000e-02
1.740941888233371593e-02
6.369737026316379946e-02
4.138829801397458930e-02
1.939721499122359916e-04
9.789710117173143766e-01
3.591360148618782944e+01
1.324618765696195855e+00
4.348816666740840109e-01
5.153356591816593557e-02
1.965821826563650063e+02
3.000927980793428418e+01
3.600148187568152913e-02
1.384789605557434911e-02
8.414620226501078049e-02
6.032227395577183238e-02
6.147631982256207550e-05
1.034718242677412636e+00
5.158597623092142470e+01
1.286632796529664002e+00
4.001478246701661856e-01
1.112999728342578543e-01
2.288597068007371149e+02
2.796669548657029836e+01
4.017163745591467716e-02
1.324276593032913674e-02
8.109806366055405391e-02
5.812491545898024192e-02
1.556347473408159487e-04
1.071413163800674306e+00
7.397959163370411773e+01
1.321855952214004981e+00
4.353337757041265133e-01
1.137825308530715368e-01
1.890442397113564823e+02
2.519316886293817248e+01
3.692596308742301936e-02
2.029921612618168503e-02
8.393411004976482348e-02
9.288216304659258071e-02
2.637431826235658860e-04
9.220378195974702207e-01
1.064577174093092111e+02
1.313626233415637667e+00
3.729293387056721309e-01
1.313910360110870923e-01
2.150335964097356509e+02
2.885809946102287427e+01
3.975720206506161425e-02
1.986907932161496859e-02
7.904083055915833711e-02
6.563969538761926792e-02
1.491795307040355567e-04
1.054976570646385392e+00
1.530851705239421960e+02
1.270014667418909227e+00
4.110778444418006772e-01
1.508817714916144137e-01
2.104319480407014282e+02
2.706739215454244984e+01
3.585256912939094320e-02
8.486235183147172734e-03
7.496057624767793470e-02
8.344476939585622477e-02
5.980284095918886322e-04
1.046367303098008961e+00
2.200629018708214915e+02
1.300027389887815410e+00
4.004030795542278809e-01
3.507434285925281614e-01
2.038931054509208423e+02
2.386072928410979799e+01
4.789598881661971674e-02
2.517735162370637880e-02
5.404017748278366895e-02
1.110355690068598605e-01
1.232229283653074603e-03
1.137980783192024337e+00
3.162402409896556605e+02
1.200235817236297908e+00
3.057759041165575287e-01
5.528870981946099050e-02
1.801627291346239019e+02
2.367161856098186945e+01
3.569023401922444272e-02
2.712368117502306220e-02
7.301843533953467080e-02
3.254014288473383587e-02
4.104950366323745214e-04
9.855902577813355769e-01
4.807982646548555339e-01
1.294407067115202148e+00
3.477552587313958998e-01
3.199996950046690714e-02
1.771404141161912662e+02
2.185005006353861035e+01
3.952957775767096393e-02
1.037952147497911426e-02
6.887215511585664807e-02
5.425391717365224409e-02
6.621821900698598995e-05
9.343915677588586766e-01
7.201775333180555627e-01
1.222128235213941982e+00
3.149871866773334417e-01
6.103525685539512580e-02
1.887338130958109161e+02
2.266187067415744849e+01
2.874158295839701616e-02
1.478800425927295770e-02
5.782074033695461246e-02
2.738122950145083223e-02
1.140515437869638049e-05
1.070048386971261589e+00
8.237399260012220337e-01
1.175907548376827760e+00
2.841117335779108077e-01
2.843528279346752008e-02
1.877383451272554566e+02
2.334887529947958740e+01
3.569680230537497501e-02
1.924903622322782226e-02
6.443787316084859107e-02
3.020183210953986119e-02
1.266083562212472202e-05
1.026421054174702086e+00
1.116800657595211410e+00
1.199266023992254793e+00
3.428968621908757286e-01
3.536733577743089718e-02
1.761139571854972132e+02
2.264395747747367693e+01
3.263548178039754610e-02
1.289580848795268686e-02
6.667829902139654763e-02
3.958280242390976866e-02
4.198225501650387770e-04
9.438207507931251072e-01
1.539622950273089819e+00
1.192871416703153775e+00
2.841526030298358041e-01
8.467897994887561841e-02
1.868256912880980281e+02
2.400839829760223409e+01
3.401320395281737241e-02
1.349723043819195389e-02
6.637409060403665073e-02
5.796452355226300313e-02
1.222392713784437035e-04
9.472480571593046017e-01
2.178331781447178539e+00
1.231405348063808747e+00
3.121721116201936486e-01
7.931633743386345969e-02
1.799754806163232672e+02
2.265527246043883380e+01
3.564826866996440025e-02
2.127212192910787891e-02
6.980013646712857067e-02
2.005257030629148396e-02
7.383069686284216004e-05
9.244420847846958056e-01
2.987946210213594966e+00
1.186950065323743697e+00
2.881450523173100242e-01
1.029841895161542759e-01
1.899680986233244369e+02
2.081024781800037715e+01
3.065279151349575848e-02
1.845624801661616132e-02
5.624684410169833448e-02
6.388422902204649034e-02
2.172281438506118434e-04
1.055779544309655149e+00
4.272732228907252683e+00
1.263610187492840931e+00
3.302044839918261143e-01
8.719413424744250352e-02
1.572583485855450931e+02
1.893101419786182049e+01
2.852130813159492462e-02
1.470185280859293009e-02
7.078542382959573942e-02
5.507505474329987827e-02
2.185375229957209342e-04
1.067065733940748551e+00
5.903937019769333716e+00
1.229896213321949094e+00
3.121440029072642397e-01
1.350703876149084437e-01
1.698166205522701659e+02
2.149544648516027223e+01
3.294145243575852255e-02
1.782447002503850797e-02
6.103204030150966020e-02
3.908545471208668687e-02
3.300526434046879842e-04
1.025915516546567208e+00
8.479605111309368226e+00
1.212467863430592763e+00
3.162644667178326485e-01
1.002928688276316649e-01
1.600928679439771258e+02
1.819076488785760048e+01
3.262914770247204999e-02
2.190568294227590584e-02
7.078096937324640514e-02
5.485329375249592410e-02
3.047160289249006837e-04
1.019753133014217994e+00
1.225401084658168216e+01
1.255068852217832820e+00
3.308098079571042960e-01
8.571328908142718250e-02
1.676835694990777768e+02
2.387153299097853676e+01
2.782437257552228260e-02
2.237833171152558975e-02
5.930720229148533917e-02
4.451356159797748013e-02
1.666121031473899450e-05
1.075613932397444739e+00
1.761474074388476652e+01
1.293885615465107941e+00
3.524036016658915749e-01
8.653679526638420605e-02
1.675146476784620972e+02
2.065446891467094659e+01
3.526654856338073962e-02
2.466187972228861547e-02
6.615448122210265680e-02
5.432174635013997666e-02
1.371537405481237926e-04
9.966395096814405496e-01
2.495345043765822979e+01
1.266253822470712054e+00
3.568183751084207378e-01
7.539027164017331195e-02
1.726906693529013523e+02
1.931345602138918949e+01
2.906906044630286345e-02
2.244815340267325432e-02
5.647736997902108591e-02
7.314759592542130484e-02
2.350484495861060452e-04
9.764760418580267221e-01
3.586757086227418512e+01
1.245126294756915497e+00
3.241117978494600926e-01
1.715800342775486431e-01
1.771820849341188762e+02
2.360782873369054258e+01
3.415669562100709378e-02
2.067376114550545374e-02
6.444707233425495119e-02
4.808656011910605876e-02
4.430266528376858304e-04
1.032253110835466892e+00
5.167967689771967343e+01
1.226781492485295111e+00
3.111525777999780695e-01
2.742569028038898682e-01
1.894078106676450375e+02
1.813969723594122385e+01
3.869211693617313763e-02
3.761661040901698172e-02
6.697388832095030331e-02
1.165743342552360839e-01
1.257716385347773524e-03
1.069723933188801990e+00
7.411442299430110836e+01
1.234470650774031064e+00
3.127659960918471871e-01
2.148389948404660632e-01
1.772254814555612370e+02
1.992752589830859122e+01
2.528980762169119600e-02
2.847435437541845360e-02
6.052229051272783877e-02
1.139177457629403645e-01
8.844615649072906649e-04
9.200354336791605192e-01
1.063864005153812258e+02
1.295206138812388552e+00
2.991763598535424062e-01
2.631172190784268894e-01
1.646531818919632428e+02
1.787968890121035059e+01
3.632044138369039388e-02
3.261485462838331628e-02
5.519472364684308019e-02
1.000683016955339621e-01
1.612946321514208137e-03
1.053279726761011670e+00
1.529998421310234278e+02
1.218127317403919774e+00
2.877339877750496044e-01
3.316988715362256257e-01
1.724212923597744407e+02
2.141653746127644808e+01
3.181829504744215775e-02
2.993126716981819868e-02
5.767508129703946551e-02
8.144143290947149227e-02
1.262116406307578487e-03
1.043606718816161072e+00
2.201196605155037958e+02
1.227826557427723841e+00
2.858231942317457364e-01
3.172112904131162980e-01
1.856571224217594818e+02
1.758532005344612870e+01
4.346783368245898949e-02
3.615037176514457329e-02
6.227213391419628152e-02
9.456201709729832039e-02
1.012421676908070722e-03
1.134274028370747534e+00
3.165433800479010529e+02
1.148703292921368524e+00
2.294802012526853396e-01
9.225559449521746058e-02
1.643057881262743081e+02
1.865819206395109120e+01
3.067624664105483845e-02
3.056345609538824171e-02
6.132238201451922777e-02
4.015972619093921558e-02
1.158033657556734042e-03
9.846607306304477891e-01
5.892021256326555045e-01
1.246535896265271948e+00
2.550229189478481207e-01
1.934650341588284306e-01
1.532526354706533596e+02
1.674293607971340592e+01
2.724585677004287554e-02
5.263178266066037558e-02
4.897806185560127368e-02
7.303359186773494827e-02
5.561680319310369214e-04
9.339543825196371385e-01
9.015854517792830647e-01
1.184743736272435122e+00
1.899622243052146719e-01
1.481566619329710566e-01
1.623022047376122146e+02
1.817553718336766622e+01
3.981844426929059821e-02
2.493136221594971502e-02
5.391390008423035951e-02
5.954316972749174042e-02
3.135570930334896644e-04
1.069317483981705230e+00
1.059687753098041085e+00
1.140964754920767987e+00
2.423074106195289013e-01
1.896382689346543526e-01
1.548616634391514424e+02
1.634295225143748098e+01
3.696131840228655818e-02
4.027682843756874576e-02
4.319146653605887565e-02
3.670459840028672538e-02
1.059149865476616270e-03
1.026368636458736772e+00
1.351367922454446147e+00
1.172794897409796810e+00
2.628110204771972880e-01
1.498186656768818736e-01
1.419977018212830160e+02
1.625818394683620483e+01
4.193105451537615380e-02
3.124541923391288556e-02
5.144779702712654057e-02
2.870990665403305719e-02
7.787207188114653178e-04
9.434710319682005908e-01
1.689254958463173750e+00
1.155242098575748111e+00
3.034129712349032393e-01
2.315147820078355956e-02
1.506003449091733728e+02
1.588335507513140321e+01
2.375527746837802212e-02
2.485591880826976130e-02
6.012192987331688165e-02
4.317546518641801612e-02
3.532857103860642667e-04
9.472803112962000505e-01
2.401555853984425060e+00
1.202530416866286478e+00
2.787246380865737727e-01
1.734872347776084678e-01
1.433955168357149432e+02
1.715664546822982572e+01
2.426292699868382030e-02
2.653413871169574278e-02
5.737625608209451222e-02
5.869601110008337841e-02
5.624171466589444890e-04
9.249900975429529160e-01
2.843611594310707869e+00
1.170561618891700073e+00
2.237330228307688185e-01
1.400931720102416289e-01
1.575466945747351986e+02
1.467351014919234942e+01
2.570698068396382041e-02
2.912992999844377096e-02
5.215244142011465911e-02
6.511521099142325575e-02
1.185316455507567923e-03
1.055232971266131914e+00
4.208095964689613666e+00
1.197977622561777089e+00
2.244801522122253090e-01
2.494257762212459817e-01
1.467624201688631160e+02
1.570416473538849012e+01
3.607583038310657741e-02
2.841299040031941558e-02
7.255015685265431280e-02
7.111652781739419282e-02
1.231121391981337965e-03
1.066344349773339584e+00
6.061161738715526326e+00
1.191104386051368147e+00
2.455477337012379746e-01
2.615770225447022201e-01
1.423875171159372144e+02
1.468811890643226725e+01
2.384828923747694951e-02
3.555384375987014067e-02
6.169374505026858913e-02
1.154672783352161808e-01
1.332315421918028875e-03
1.026025939902996065e+00
8.504907055190743748e+00
1.174902479330376392e+00
2.438514671460712546e-01
1.145140181087034442e-01
1.343387190178765707e+02
1.385396125590398952e+01
2.460916438098315062e-02
4.020024566538160649e-02
5.332922040941934227e-02
8.449012246341869314e-02
1.714975412122621279e-03
1.019172988581230621e+00
1.223095367915915332e+01
1.221795020093454642e+00
2.359013999847535681e-01
4.892418818567268457e-01
1.394275907080608476e+02
1.865166666083132441e+01
2.412424758422626603e-02
4.286250574700556371e-02
5.050594765286464671e-02
8.537696413919437788e-02
1.817818443706764597e-03
1.075135594740741496e+00
1.729307980453628346e+01
1.242162574383912643e+00
2.338856110456198900e-01
1.934593084398794349e-01
1.537921635398194269e+02
1.915042509027907158e+01
3.130149133568571607e-02
2.938218231963940497e-02
5.044046765228626938e-02
4.557363390788160551e-02
1.368383317855714765e-03
9.956963254180951628e-01
2.468575821880559573e+01
1.248481165257896874e+00
2.349627788711682597e-01
2.346321299952870143e-01
1.347990134384293981e+02
1.413851886198473551e+01
3.187710439378599325e-02
3.327341869467481672e-02
5.781431032583994600e-02
9.068031507991182461e-02
7.822464434548148660e-04
9.755251922121520591e-01
3.597713971987580805e+01
1.216484684996895549e+00
2.734189357932004794e-01
4.722718914475433905e-01
1.421763065171729181e+02
1.346042082040989030e+01
3.933382157076614760e-02
1.753668110864969876e-02
5.381944003958083478e-02
1.359141035934974540e-01
1.257896680314507520e-03
1.032238147300424735e+00
5.161174581314867993e+01
1.194617092177602258e+00
2.219393081315769456e-01
3.614625012391592396e-01
1.584066397913584865e+02
1.519867689136267330e+01
3.312234949678471985e-02
3.121771767611414283e-02
6.499790785463477327e-02
9.121795606705671022e-02
1.806276442901655344e-03
1.068628373734328285e+00
7.413649948309760873e+01
1.203358243691522445e+00
2.621836288760703293e-01
1.508990248497044107e-01
1.469255187072853346e+02
1.338157023440723314e+01
3.507789374617265032e-02
4.217990433208917977e-02
6.130872956040755994e-02
8.871630897273494187e-02
2.891600124421689344e-04
9.197056321875775042e-01
1.065293581915427836e+02
1.232260507131826888e+00
2.336949499998718927e-01
4.594000782219774814e-01
1.519753027644962913e+02
1.342702448681570360e+01
4.028385262340505868e-02
2.913757520112914001e-02
4.821874753415222870e-02
7.849936995656503491e-02
2.913964408935987294e-03
1.052358947951377299e+00
1.531012167586643784e+02
1.178319906860777255e+00
1.927417808302589186e-01
2.572720642811243685e-01
1.539164685152765344e+02
1.514639781641173677e+01
4.774127264497995959e-02
3.095904532989690594e-02
3.989122771321351735e-02
1.229185276682987354e-01
4.748421388737211757e-03
1.043656089072620752e+00
2.199759721638073700e+02
1.195661427806937294e+00
2.124190712862484565e-01
5.286049063196418540e-01
1.506411723289258759e+02
1.298911172204868159e+01
4.964356374207778977e-02
3.559247784116537083e-02
5.231515896843674795e-02
1.013255702513038148e-01
3.810321879696987324e-03
1.134883452611587185e+00
3.163105569176399854e+02
1.120352319226133098e+00
1.847068902486980468e-01
7.227916960243496725e-02
1.477726957948700601e+02
1.480227888888260779e+01
2.363325886422629196e-02
2.660613254379717851e-02
5.618870369018758026e-02
5.831734559953227759e-02
9.959277084015116799e-04
9.862804275274439370e-01
1.084777493506537738e+00
1.207415434382674624e+00
1.787026850372152587e-01
2.278115299383743908e-01
1.443353649323126717e+02
1.763029109771305869e+01
3.175446972929818479e-02
3.005918852440725431e-02
5.132902949458006958e-02
4.339636153177672817e-02
1.191170883644288025e-03
9.343724808326436815e-01
8.823558812200898993e-01
1.159783699387939127e+00
2.203748552978235242e-01
5.584734879351627157e-02
1.436985796673642426e+02
1.417498721931196037e+01
2.004182095258766338e-02
3.561725075374888583e-02
4.692292550590115852e-02
2.988031860104545245e-02
2.795331465921258030e-04
1.071074984069617431e+00
1.193471697203610571e+00
1.122936733876018778e+00
2.154516155567920421e-01
1.218376983686143000e-01
1.380442803635548330e+02
1.249403169977048655e+01
3.231710735225767905e-02
3.719052925294175083e-02
5.663841245145295744e-02
3.364843778530968166e-02
5.382577048040904089e-04
1.028222715606422533e+00
1.408590143620503499e+00
1.116907134890696707e+00
2.173213601742373380e-01
8.710925115643532168e-02
1.422015908704105698e+02
1.654578218808785195e+01
2.668505597486547920e-02
3.888671629398321450e-02
4.728340221273219512e-02
4.702687706068631179e-02
1.132614027287148772e-03
9.458033507524534755e-01
1.457813045426914922e+00
1.122464874969265392e+00
1.927471008090274884e-01
1.672158283102164467e-01
1.388441826490685571e+02
1.658895937923716346e+01
3.053418087545778370e-02
3.168035092940169051e-02
5.498657470954237958e-02
4.035921579887857824e-02
7.132009563304286814e-04
9.491712246273519282e-01
2.111186752486346574e+00
1.184418414918253282e+00
2.388233509104409069e-01
9.542987758636935214e-02
1.295415593741406326e+02
1.156629163876139010e+01
3.094787487311401186e-02
4.412050491870544988e-02
3.673768205787131258e-02
5.173897792460580014e-02
9.006714017767425418e-04
9.265447256018032318e-01
3.136039713569454435e+00
1.124992693951036848e+00
1.819967294078151110e-01
2.158312544333351457e-01
1.519125565600420202e+02
1.256973459672952309e+01
3.171166304993366936e-02
3.359935332790442430e-02
4.264017528641361743e-02
7.289559501568843025e-02
5.312225324327624065e-04
1.057771201819635243e+00
4.115987052523059297e+00
1.199832532919092420e+00
2.060640193247565699e-01
1.724425571030552828e-01
1.183007802282671719e+02
1.132649280845311068e+01
2.454131565663209003e-02
4.465124791742880461e-02
5.422514052133897700e-02
5.100816949675346379e-02
4.552275965341578967e-04
1.067058363816314248e+00
6.128447080886221698e+00
1.177308618475568780e+00
2.132022848322568387e-01
9.179416598108171288e-02
1.232276849496785331e+02
1.301833337140619662e+01
2.392711682204229362e-02
3.271981933716583413e-02
4.756177001044026298e-02
6.086924700683060685e-02
1.194848290793082413e-03
1.027908736491351060e+00
8.466341460633456606e+00
1.150253628843288078e+00
2.370215245113005409e-01
2.870740513572800912e-01
1.128536626396339244e+02
1.071796765155060172e+01
2.530292774001630107e-02
3.423547748696798010e-02
4.806864133097388248e-02
5.577657183268081020e-02
8.159106256155901349e-04
1.021348671965530919e+00
1.220534727383935447e+01
1.193181819921248277e+00
2.296383644478616481e-01
3.101725615196159747e-01
1.186599996905568730e+02
1.533047522648287497e+01
2.745191380673861481e-02
2.917679427042241258e-02
6.193289933213552700e-02
7.237841640259423670e-02
2.266798445476059243e-03
1.077740577665563304e+00
1.743717530308384411e+01
1.198290866265301347e+00
2.533301772477059566e-01
2.010967620433045944e-01
1.426774243400714965e+02
1.231293154142441537e+01
2.355033026757546999e-02
2.059373539947007004e-02
7.174715058024583314e-02
5.148794602808037801e-02
1.822106107312038148e-03
9.976493434065001331e-01
2.505871199199517463e+01
1.191677294464889014e+00
2.587658106264567603e-01
1.748288555244415510e-01
1.323642700686567366e+02
1.162853106217277244e+01
2.172978605753939085e-02
4.451814591416858313e-02
5.478491074738189859e-02
6.513421584742884463e-02
1.066533329353580584e-03
9.782271358429295294e-01
3.609740740532690495e+01
1.180459508683272318e+00
2.141079004698697719e-01
2.416406241510582475e-01
1.272711525559179933e+02
1.448658032501426263e+01
3.099748159305804052e-02
2.444806432458368484e-02
5.621970695683042862e-02
9.050900309966579405e-02
2.657093740384697256e-03
1.032336074888443811e+00
5.199724991081434666e+01
1.160095797223789305e+00
2.253151757011894185e-01
2.971745475726084718e-01
1.473576636760068936e+02
1.163596827632146891e+01
3.100336874276243826e-02
4.375466852842069265e-02
4.644266428301402350e-02
7.368874218767973439e-02
2.397054606173565361e-03
1.071329196941150252e+00
7.405737937547213789e+01
1.170172006765742845e+00
1.896051690613575480e-01
1.389960148376201410e-01
1.412673938767115942e+02
1.477735087954028792e+01
2.983068222683127324e-02
1.864072000677841068e-02
4.960523368227831575e-02
6.299773403040553887e-02
2.625385256201928641e-03
9.213148875357723977e-01
1.061687422390275231e+02
1.200185713663275422e+00
1.529596377410047392e-01
1.820183117211704726e-01
1.452773113409056975e+02
1.392889161675566356e+01
3.432568440767225226e-02
4.137913119122815786e-02
4.860089064747441512e-02
1.038304092464736456e-01
3.253510314681351545e-03
1.054899390599391973e+00
1.525856335521576739e+02
1.161608013237473758e+00
2.172029943207031966e-01
2.775746657113908888e-01
1.271256845607958894e+02
1.156651991265818857e+01
2.709200319242044408e-02
4.377695689290250769e-02
5.750348372794866769e-02
6.767494075991420388e-02
2.833014644854081610e-03
1.045602437159506515e+00
2.199231488169589568e+02
1.149332445554146487e+00
2.050860137669797412e-01
2.520485417651609494e-01
1.502962231950702687e+02
1.136462362494766509e+01
3.517683042728370069e-02
2.825735348248148426e-02
5.915549697465549706e-02
7.502546362749273889e-02
6.198437195074069095e-03
1.133759018459839840e+00
3.168223100615308567e+02
1.113226681580099520e+00
1.468829873222176619e-01
8.318683913764779447e-02
1.308668557142759994e+02
1.492779945269160713e+01
2.471965315475443958e-02
2.013149576920114647e-02
3.962933369852317256e-02
4.805250733693200438e-02
6.547554715397030378e-04
1.002611729821277553e+00
1.197848925261240760e+00
1.189073067617081092e+00
1.377114104899102021e-01
8.272324337171951814e-02
1.369918635105779288e+02
1.592251688375317542e+01
3.682540985725735183e-02
1.504935114553629383e-02
4.468343075900604866e-02
2.488785632877688059e-02
3.314062135861828295e-04
9.560746033287428336e-01
1.184809261339947906e+00
1.153128207450846432e+00
1.420345446856930427e-01
7.070021308665519477e-02
1.276047868147565367e+02
1.377744351507866050e+01
3.103750372814184644e-02
4.623901930455698306e-02
4.509278285071638415e-02
3.638592551948538478e-02
9.168571708761952266e-04
1.092296437840300394e+00
1.438667576807847848e+00
1.096802576555006903e+00
1.655485719379945764e-01
3.108527808749039778e-02
1.338783000531494167e+02
1.437886937871141591e+01
2.267684077896237049e-02
2.178074872557611563e-02
3.904501237888324816e-02
2.070106430385632024e-02
9.695520228159004716e-04
1.052121813710740428e+00
1.696141394294593319e+00
1.110272061138085409e+00
1.758630738558775164e-01
7.602038659685228517e-02
1.224226473247632327e+02
1.482508620200522209e+01
3.492470092227195622e-02
2.951068413344914987e-02
4.507335604153284159e-02
3.110057400593224664e-02
1.549552624668937284e-04
9.772557563104858902e-01
2.002699517052354494e+00
1.099545052791330857e+00
1.396918938483605044e-01
5.796545526603691378e-02
1.379096384755973190e+02
1.467430134104271389e+01
3.901249543409979204e-02
3.333239761852624383e-02
4.258981291140884196e-02
3.228783599343976185e-02
4.345100369573806631e-04
9.656448801178018071e-01
2.591821339355060871e+00
1.142843644688362525e+00
1.537597162151749519e-01
4.168222706067203909e-02
1.311418741286780403e+02
1.476208702506451864e+01
2.383967290142785522e-02
2.203011770488094712e-02
4.895879392392221696e-02
4.218536093912761409e-02
6.544488895643407744e-04
9.571128484804140024e-01
3.629156349988659436e+00
1.114292979013126406e+00
1.855877854406595140e-01
2.476023002067950785e-02
1.370692341439261099e+02
1.204171245693395598e+01
2.048933407095221426e-02
3.933340286847442080e-02
4.249308540374641119e-02
4.271574681262713113e-02
2.201260337997279493e-04
1.092281304540728915e+00
4.397764765464358128e+00
1.164511998474723198e+00
1.890896024392675068e-01
5.254887097772220628e-02
1.145979105448518567e+02
1.283000791481689440e+01
2.600462955228310946e-02
3.118874453781228517e-02
3.902800824080010500e-02
2.786187227699188362e-02
1.247921403049190303e-03
1.114161627230888740e+00
6.041847601182626981e+00
1.173362168694774832e+00
2.061007691322748192e-01
1.694596628871004040e-01
1.086773731082260213e+02
9.435232960053170359e+00
2.788183040304148541e-02
1.715265813455491006e-02
3.951839510212495910e-02
5.260030341056709524e-02
5.297124684233711633e-04
1.058770511507489909e+00
8.628910235713743049e+00
1.103881202584235055e+00
1.474267486977676456e-01
6.578907032441461133e-02
1.231262906816061502e+02
1.289570228210143199e+01
3.341755096311294082e-02
3.263556755897512041e-02
3.627678540845336030e-02
8.245281723005648544e-02
1.895792297740284127e-03
1.051014567846800585e+00
1.213821284955122159e+01
1.189456414777870785e+00
2.077584212627615334e-01
1.584739408304147446e-01
1.041109194371344842e+02
1.313653175685785612e+01
2.452566622226703963e-02
4.621370240493249959e-02
4.438623725703916278e-02
5.030311159685885158e-02
1.315254503293505906e-03
1.110605746598567478e+00
1.763655431834418863e+01
1.182308721536342366e+00
1.969610338262007265e-01
6.031311309591225189e-02
1.335463432964816377e+02
1.344063997768428820e+01
2.372348426726289539e-02
2.005196563951039401e-02
4.200894941445820763e-02
3.681223384146004030e-02
7.815947191758265689e-04
1.028596243104568320e+00
2.488970040753721946e+01
1.160380062735874240e+00
2.323205081655556059e-01
2.893742399428000933e-01
1.305699891537609574e+02
1.210847818007152732e+01
1.575114969752600125e-02
1.463956607718475134e-02
4.752204948259119988e-02
3.893979460373508950e-02
8.187575682760961371e-04
1.014276233308253561e+00
3.617842492388902542e+01
1.175466851998736351e+00
2.121412660305288522e-01
1.039678172910906834e-01
1.110966544306021149e+02
1.244773299902024455e+01
2.445579079043191939e-02
3.655253724638152235e-02
5.399151471489949117e-02
6.288018634108993865e-02
1.253236552255510006e-03
1.072990787431721493e+00
5.164767000423258736e+01
1.160270329289312397e+00
1.617629280544529979e-01
1.086133712448000971e-01
1.345626047368139098e+02
1.259352412522289200e+01
2.373563739963224783e-02
4.296818625361242816e-02
3.856357577735058939e-02
6.368913132546061284e-02
2.207186709806130409e-03
1.105197160247975985e+00
7.335623057580123429e+01
1.158408455099385614e+00
1.505416510409018360e-01
6.091166988458684983e-02
1.273366190210288664e+02
1.366710854961878852e+01
3.590970824044692478e-02
3.802142376978845384e-02
4.850537700618384740e-02
3.278317421471221849e-02
4.095469098469584068e-03
9.372015860669326015e-01
1.064206204692559936e+02
1.191687263368237604e+00
1.882999316631550069e-01
2.210513795544500337e-01
1.298320814313799474e+02
9.403281176059898883e+00
3.417169050630164406e-02
2.404462205320867518e-02
3.730579841486725279e-02
5.589339173712737363e-02
7.934798772206708151e-03
1.108830626402778297e+00
1.522136552922221142e+02
1.113160307156691120e+00
1.892732637452598232e-01
2.977278970020968418e-01
1.302188301294414430e+02
1.115415210092678500e+01
4.040101301888920915e-02
3.902606448847878440e-02
5.390388090942610511e-02
7.900189630408838148e-02
2.331229758589792311e-03
1.078227408691540212e+00
2.204618537843480226e+02
1.119725805824896003e+00
1.641550783048406625e-01
5.910106739030850376e-01
1.345770058440989771e+02
1.271822216858324772e+01
3.249782449805227458e-02
3.115191052984633835e-02
3.842802617708862556e-02
4.311749915483886753e-02
6.284982512292369705e-03
1.165611695843102869e+00
3.169697046759075079e+02
1.081014838612769369e+00
1.606758749440118095e-01
4.542847226403634586e-02
1.199860891305587955e+02
1.359823546103990033e+01
2.335287333452340519e-02
4.638057239678583521e-02
4.349556825697264983e-02
2.776468664017484045e-02
1.862507068058905091e-03
1.469315185684959957e+01
2.203242344582726275e+00
1.177291685625790230e+00
1.803805843585737645e-01
2.339468337830042100e-01
1.134604388948688580e+02
1.143445202106129344e+01
2.712333514410913970e-02
2.444381122849614840e-02
4.516507742989506191e-02
6.031895174699819506e-02
1.764911610295794020e-03
1.338112265239620768e+01
2.281462873946135783e+00
1.123927666306773210e+00
1.871229037433840836e-01
1.435669063302114357e-01
1.185464779474274906e+02
9.616727065469845570e+00
2.222654952767855185e-02
4.547554088575100906e-02
3.427249132654908159e-02
6.236488114753857559e-02
4.572531011645120103e-03
1.228629542496614313e+01
3.285193925546495919e+00
1.075226109471931535e+00
1.941680626223241390e-01
8.910911805298131483e-02
1.226826326671640004e+02
1.090614398648415317e+01
2.503659500382005021e-02
2.018495022275246242e-02
3.647214740878146344e-02
3.629044178561691147e-02
4.812477587267105505e-03
9.555025037505668450e+00
3.241582576522665793e+00
1.111015475302977951e+00
1.732042353923202438e-01
1.005591324827004446e-01
9.563989128748025337e+01
9.838571831754505226e+00
3.067835748074898561e-02
3.403623946012346302e-02
4.915034709630727860e-02
3.414628353717197307e-02
2.344511646363844903e-03
1.596045985145592816e+01
4.264104965050812268e+00
1.097451256552809395e+00
1.222303566090965771e-01
1.992831256402883833e-01
1.096038816065431121e+02
1.243293724021136804e+01
3.426328633252095912e-02
4.277136956430616088e-02
5.011423107321721915e-02
4.403564084196842643e-02
3.203705715275617649e-03
1.077334953976942344e+01
3.971884446669578406e+00
1.136983966146488445e+00
1.445503415291571614e-01
2.902382085185117866e-01
1.075430739285874893e+02
9.469616663299706971e+00
2.022454267208595446e-02
6.117750525931553440e-02
4.404442610230430155e-02
8.739634532383465382e-02
3.212572472701680226e-03
1.438813067869974915e+01
4.679631459205137567e+00
1.109740540706787293e+00
1.614408134623013802e-01
1.503764373719274350e-01
1.216246317217171935e+02
8.564587252446166588e+00
2.040242720006912869e-02
3.215510681248923142e-02
4.992315255583634759e-02
6.712749566461062578e-02
4.236140931630494322e-03
1.103860331059431310e+01
4.791758550825257146e+00
1.135066998009675920e+00
1.847225757249237876e-01
1.950005170267554433e-01
1.078151249848670687e+02
1.008843455928330890e+01
3.043292153228405184e-02
3.507469844581834195e-02
3.711053893775795309e-02
7.148215607387542470e-02
3.889075848966250248e-03
1.798609008269654552e+01
6.033600500727860805e+00
1.150036570609979991e+00
1.561601245140964433e-01
4.070828447869779265e-01
9.897583898400800706e+01
8.291332102815331950e+00
2.653997946493680260e-02
4.248018049943236285e-02
4.304392804484691304e-02
5.240462247255717187e-02
4.801090921153772229e-03
1.070172252747495101e+01
9.420045539297609238e+00
1.131544209019661462e+00
1.527089416756854667e-01
1.721969621632880032e-01
8.543053450620379863e+01
7.930773489227124884e+00
2.249625284325706964e-02
4.616370172480954714e-02
4.206471319682214549e-02
7.836865217993871369e-02
2.853516414029755310e-03
1.498180867542571626e+01
1.209252052970663094e+01
1.186558495209925512e+00
2.022103409969378540e-01
3.490464392844128128e-01
8.983096273033487478e+01
7.872569244578215830e+00
2.141722289922043387e-02
6.654946922465376780e-02
5.008250241863354546e-02
6.101798166386229738e-02
7.117908730289723707e-03
1.318375991073380682e+01
1.692801009990904149e+01
1.181455304430460096e+00
1.407748971342470679e-01
2.199621571225707228e-01
1.141712099465840566e+02
8.790316357348297416e+00
2.908001064759413445e-02
3.585374700084575927e-02
4.596618036677768693e-02
1.105621191079009386e-01
5.045078710178563242e-03
1.263067443009248336e+01
2.412406651325867202e+01
1.178034854257245412e+00
1.337596903308868601e-01
2.281594636158601475e-01
1.042572647296871935e+02
8.816330122925164048e+00
2.385571095087968274e-02
4.557360667496013207e-02
5.057488885230054798e-02
1.030717889577015406e-01
4.888941299777682659e-03
1.408874712014291397e+01
3.679417531233139727e+01
1.177628250007688226e+00
1.805276510509656873e-01
3.395800263211234959e-01
9.132170192193594005e+01
1.013927108567696322e+01
2.928430681580440620e-02
4.870823614804065116e-02
4.963779799635914536e-02
1.264341475073516019e-01
7.093642366523544851e-03
1.473226429096232515e+01
4.879532191847232525e+01
1.146516995631528424e+00
1.693240093063074769e-01
2.568010244311514367e-01
1.091756297291388904e+02
9.421653656317142023e+00
2.251220314015811574e-02
4.793285809000291664e-02
3.983632157254723971e-02
9.003799695038949835e-02
5.528122456056605571e-03
1.617373383529307418e+01
7.417681395843729319e+01
1.155374114167713406e+00
1.674233098424049160e-01
3.782083518664312027e-01
1.060197397773521288e+02
8.528685757385352062e+00
3.280313905737575197e-02
5.218465600436705820e-02
5.078083994266680001e-02
7.175884197349158278e-02
6.424716407955610720e-03
1.440971064829135706e+01
1.052918738839022836e+02
1.151689291481938993e+00
1.625968131217492008e-01
3.549433952871927089e-01
1.207437187739577382e+02
8.916768223925615189e+00
2.488662215553216761e-02
5.000030822595147306e-02
4.320832083209213970e-02
1.136759322376945797e-01
5.858159936688034364e-03
2.071465026680244037e+01
1.510278891772729821e+02
1.066025136915413007e+00
1.529151777245552069e-01
6.191899474922378799e-01
1.288987524168517496e+02
9.761767435069771182e+00
3.295591228409389117e-02
6.772060500668697358e-02
4.192426932510984194e-02
1.094478990109004762e-01
1.054630036928738690e-02
1.674810016737252383e+01
2.212571698230961488e+02
1.115203348995148724e+00
1.697976948892709614e-01
4.971028621150141436e-01
1.154328501587815055e+02
6.082310617679086207e+00
3.352827057926943688e-02
6.097372343308760101e-02
3.844089973091047163e-02
1.428349667717765670e-01
1.385852130290743389e-02
1.673258196517047125e+01
3.165512789104757303e+02
1.067449154098456976e+00
1.121824092633727510e-01
5.552775817548348813e-01
1.012412232767251652e+02
6.698802212156420133e+00
3.456813596400709621e-02
4.439521451448880107e-02
6.902845091517950671e-02
8.505313908489187114e-02
1.002852374558327320e-02
2.485093170631794521e+02
1.001937553084957777e+01
1.135120243296254827e+00
7.771005438452327496e-02
1.131991955535556205e+00
8.967308366222584937e+01
7.367104622802392200e+00
4.545878036567585490e-02
8.127474204457696416e-02
6.698605377075006473e-02
1.060023416595102241e-01
4.755635754229992074e-03
3.526827324015446834e+02
1.888676256668431819e+01
1.076912225815599200e+00
6.256859964270833352e-02
6.020633314281266246e-01
1.057427267177372414e+02
8.324175780736089436e+00
4.380249683383241610e-02
5.131243973142796122e-02
3.575827702350764525e-02
8.454563432733210038e-02
9.629801481578770250e-03
4.156370608336972055e+02
2.076629780495631650e+01
1.077256634765222154e+00
1.080710256133632502e-01
1.107119800593510117e+00
8.542407539490895374e+01
6.848294320113682332e+00
5.237756174566232659e-02
3.971640897692307881e-02
6.297021225790011556e-02
3.063705420627726994e-02
1.000202436103103665e-02
3.045952688510527651e+02
1.092806489686361893e+01
1.082770566596876760e+00
8.409988607555153595e-02
8.471086887712018232e-01
8.012720907699845441e+01
5.930793488565777594e+00
2.508892399429529796e-02
6.297585610702927106e-02
6.437200146327537453e-02
8.897776793993174282e-02
7.640680077020123306e-03
2.491981699380639839e+02
1.661238401017414645e+01
1.062289818823523913e+00
1.078444174283998830e-01
7.742171473725335540e-01
8.946832720667518402e+01
8.008974501864443596e+00
3.720555738157216297e-02
3.898670851141372573e-02
7.545516847682676165e-02
6.924356015255983543e-02
1.296649756692191957e-02
2.456566086314567201e+02
1.761849598609946810e+01
1.156261363941971876e+00
7.628416895953504806e-02
7.641737044205787477e-01
7.399385716157692627e+01
7.284558307984761782e+00
3.672323727683890482e-02
4.582055507772353486e-02
6.876860798338491065e-02
1.060268908037187846e-01
1.138918623148854614e-02
2.154943206085930569e+02
8.227159558290253472e+00
1.052343927525124290e+00
9.194442207869805983e-02
1.037585174734029225e+00
1.044875304914092169e+02
5.947023711043413208e+00
4.024667393336511800e-02
6.391727063403074283e-02
6.677798006412882792e-02
6.716217409367009061e-02
5.157712555817761668e-03
3.150858386197347158e+02
1.988705848806280230e+01
1.166781131231317881e+00
1.246683848717900084e-01
6.158802599004608025e-01
5.376682293922083034e+01
3.797977265124544477e+00
4.246657587470448192e-02
5.614523772821455871e-02
7.118077194841698763e-02
7.669611975369194923e-02
9.650566100988244855e-03
2.492329153653136302e+02
2.396783718680379138e+01
1.129075416751792016e+00
8.676142214747774306e-02
1.212273942506765012e+00
7.797506606603687374e+01
4.159575913975592343e+00
3.972360120396922767e-02
6.851553893877038171e-02
6.503845034218969090e-02
6.651680254589953378e-02
1.280545526618492858e-02
2.357599774872443277e+02
1.461898690748438945e+01
1.089488582098382619e+00
3.745397513172821213e-02
7.284239847637897780e-01
7.434646291770884829e+01
8.514246966468576261e+00
3.199738943981289552e-02
5.799062110573460771e-02
5.138169025187266925e-02
6.831265147868914589e-02
8.448892415595654626e-03
3.361115660613535283e+02
2.152222626969044228e+01
1.122189855617364396e+00
1.042035124417239750e-01
5.116416009324177283e-01
1.002928324611809501e+02
6.169315650782486671e+00
3.813881330825941163e-02
4.149419608149185201e-02
6.842341245959615570e-02
9.212279194123151882e-02
9.801671778911780208e-03
1.717817379136735099e+02
2.502011682352731015e+01
1.180624142854836744e+00
9.443541251038967133e-02
5.585534631196300559e-01
7.523165471982147778e+01
4.646307212572467371e+00
3.541799280795232541e-02
7.741417288083640713e-02
5.167046486336035471e-02
8.157575761050361862e-02
4.282738252320283934e-03
2.005654338751163834e+02
3.927139863930870689e+01
1.180712944792601249e+00
1.070081279732992968e-01
8.535635713475929753e-01
8.290643673780382983e+01
3.790118985913712990e+00
3.384542035416160388e-02
9.324544773099739670e-02
5.944448559334292170e-02
8.439237901047723367e-02
1.407580900816274294e-02
2.147035646362027137e+02
3.809563767205529672e+01
1.154800730572554723e+00
4.747764033374957116e-02
9.710622893353618723e-01
7.081804821927252647e+01
5.875414035160947179e+00
5.326707741310166000e-02
8.488418794200371098e-02
6.618585440687940746e-02
1.147608235550490047e-01
8.663645976327849496e-03
2.739765376087465256e+02
5.830741767119154417e+01
1.228371859659930232e+00
4.813136159720121654e-02
5.813651184635736380e-01
6.589417311692497492e+01
4.055660648988012262e+00
4.214402094561031653e-02
5.414841632662259485e-02
5.181726971400291148e-02
1.253479349660469033e-01
1.222300159095635053e-02
2.498685805877111932e+02
6.650708049706436498e+01
1.165134279501010894e+00
1.380927283994869970e-01
9.111310590155629052e-01
5.856785483503862366e+01
3.507849605491401679e+00
3.995363788696915108e-02
6.047425257204586124e-02
6.977691951013942351e-02
8.249673572292227919e-02
8.816118900130121006e-03
2.657315418465349239e+02
1.209741382712663693e+02
1.203279944354216369e+00
6.937953391737416986e-02
1.225086031859713431e+00
6.936165704143334665e+01
4.830268577478224579e+00
6.061511827802901209e-02
3.104774258935405484e-02
7.624006403147198796e-02
8.497184895795317772e-02
1.232922474763809007e-02
2.845546874132861603e+02
1.497663873602237743e+02
1.071876402328401312e+00
7.269061045553582012e-02
1.024132515656158704e+00
9.905913322102634311e+01
8.427896933215963671e+00
4.101791708293722749e-02
5.222461407394685118e-02
5.933053797921417072e-02
1.024279197222066340e-01
1.291431909078766260e-02
4.064920120948328304e+02
2.231032831988364649e+02
1.103857842038821202e+00
1.074087150489133613e-01
8.140780123289802495e-01
1.112386603306594424e+02
6.244165715985820597e+00
3.446358445354791300e-02
7.420673827399193456e-02
6.264467398845119384e-02
1.171557919708765688e-01
1.031079883741736758e-02
2.690617674460373223e+02
3.045537939434500458e+02
9.003523669897042225e-01
8.906696979958826643e-02
1.166756465200709192e+00
8.760625328424364966e+01
3.991430772671114013e+00
3.551025276090413740e-02
5.288395188951633408e-02
6.402089780388475759e-02
7.724327283760157314e-02
2.294411045931310511e-02
1.000000000000000222e+00
1.334007290458638693e+02
9.335082353495439689e-01
5.525195366609003678e-02
2.444470923137005425e+00
6.872790353012678111e+01
6.414926489160880152e+00
5.707311531199632526e-02
5.633737672460670254e-02
8.390949029580042906e-02
1.733995222921247970e-01
1.947930740392456173e-02
1.000000000000000222e+00
1.268230703537710582e+02
9.215002103869031069e-01
5.290397915688305197e-02
1.167317862058436573e+00
8.652937811958676662e+01
4.954367046558560084e+00
4.774919381842379629e-02
3.831681921828589132e-02
8.264387143953275117e-02
1.278063857662081748e-01
1.431772712678469617e-02
1.000000000000000222e+00
1.814443633654196617e+02
8.738055362315657604e-01
6.454837831971427242e-02
1.341704978188724917e+00
7.129865814192321238e+01
5.669012642366805466e+00
4.939566758674795999e-02
3.960419994085584428e-02
7.108834300731725619e-02
1.006069186853486702e-01
2.075792882772931058e-02
1.000000000000000222e+00
2.304741995067312814e+02
9.156980898745769037e-01
8.595290856836523830e-02
1.333532107737844585e+00
7.021349868956252749e+01
5.755749191396127173e+00
4.662733575549027343e-02
2.809908198791455369e-02
7.324902174567826663e-02
8.185314188567381632e-02
1.525389101337260023e-02
1.000000000000000222e+00
1.671460799810250251e+02
9.010041976958496068e-01
8.006043393531170338e-02
1.712134077007395172e+00
6.996884914089922347e+01
5.068010662979618886e+00
6.197996789028215048e-02
2.044162024830487034e-02
8.390785103351670882e-02
8.534552435120910940e-02
2.326180145432177326e-02
1.000000000000000222e+00
1.628635366279412438e+02
8.582703078038512734e-01
7.068933584407299797e-02
2.367924845147978630e+00
7.992267508600936310e+01
6.380227727286431616e+00
4.282788184983399304e-02
4.218684795512128716e-02
5.608604132246397533e-02
1.005907118873061584e-01
1.590201864204998650e-02
1.000000000000000222e+00
1.761309631381832901e+02
9.291634409175830722e-01
7.017206599041259096e-02
1.441716634294719412e+00
6.992234820044896537e+01
3.824566104833609259e+00
3.794806250617455134e-02
6.205694842724596150e-02
6.970684694077022847e-02
1.092591074527004824e-01
1.643629813610103518e-02
1.000000000000000222e+00
1.438598802266591861e+02
9.132433336188574557e-01
6.752229814561694354e-02
2.129906590150916212e+00
6.679922817328734652e+01
4.619738147348410706e+00
4.814087421911916742e-02
1.342785962478865169e-01
7.059554562051761906e-02
4.008541966466383499e-02
1.225053724557612078e-02
1.000000000000000222e+00
2.165929682486556374e+02
8.925611475437665865e-01
4.985086089670076603e-02
1.720786405366388827e+00
6.554143315614487619e+01
6.237549559940402943e+00
4.579514841538290248e-02
1.054643802259868784e-01
7.054786246363353719e-02
1.738028612711717824e-01
1.232504488318908464e-02
1.000000000000000222e+00
1.941306053424281401e+02
9.514782575932011488e-01
6.642594252065370242e-02
9.145459557778689019e-01
5.344597521312647359e+01
3.075861168158058767e+00
5.449381165314681752e-02
3.180742605811470725e-02
8.473866863278223249e-02
1.031105990996184357e-01
1.241187234361507130e-02
1.000000000000000222e+00
2.225067359925334642e+02
8.390059843626694880e-01
5.863669084847811241e-02
1.546858755346901315e+00
9.709619069735212804e+01
7.612327561622260319e+00
5.576812399256669828e-02
5.320256261361566708e-02
5.939500681902631918e-02
1.738294891427672184e-01
1.918367669520804064e-02
1.000000000000000222e+00
1.829542817963507275e+02
9.612895854505977278e-01
8.234939352036896310e-02
1.197163001579663932e+00
7.806746112452947273e+01
4.242920082995307318e+00
4.466886461974017841e-02
8.399901651392926993e-02
9.478556907494775641e-02
8.968262748586196265e-02
2.526889345956684352e-02
1.000000000000000222e+00
1.652930405582592641e+02
8.540597100182023560e-01
1.282694680045759761e-01
1.793508989582009550e+00
9.774043884506799884e+01
1.724106731557301098e+00
4.344072536987209077e-02
1.122779375708216065e-01
7.891899425387371991e-02
7.001244481591339941e-02
1.685148714699491457e-02
1.000000000000000222e+00
2.776150150987862162e+02
8.899769019179027962e-01
6.589508904811136603e-02
1.709567042274626747e+00
7.292904276973956712e+01
8.880451336401947060e+00
3.632998861812120062e-02
6.398664248208008054e-02
9.198868827433705209e-02
1.708693324498612165e-01
1.184375872977816435e-02
1.000000000000000222e+00
2.502700323631320032e+02
8.486526201089275023e-01
1.000386294992272745e-01
1.139207999429989737e+00
9.723014020968678039e+01
5.038367302583764307e+00
3.351120996780809769e-02
9.198927528582644120e-02
6.909380613362214874e-02
9.464401416208413631e-02
3.095356135889626437e-02
1.000000000000000222e+00
3.293407356792235987e+02
9.919185948721485069e-01
5.450356982434789721e-02
1.973018022011871153e+00
4.496341561193636949e+01
5.854239735302555481e+00
4.322420346281163894e-02
7.958329012568543526e-02
7.285398636040274489e-02
6.627433564919016362e-02
1.363446813734792151e-02
1.000000000000000222e+00
2.391119078693278084e+02
1.060970570780755073e+00
9.935891297017551693e-02
1.405323541528040288e+00
4.075098097642422346e+01
3.310222193246940670e+00
6.949928531795102060e-02
4.140637219333553887e-02
8.091925763145546568e-02
9.897242473270621843e-02
2.704837105693136401e-02
1.000000000000000222e+00
2.888908539702302960e+02
8.754107218529437739e-01
6.820934041704806994e-02
1.048823275373241604e+00
8.000216678106008317e+01
1.145457891535885864e+01
5.387134312844654715e-02
5.496514335368685167e-02
7.730428055357063677e-02
1.265300836000515794e-02
2.165782705029539734e-02
1.000000000000000222e+00
3.962514002010476020e+02
9.512547039041551189e-01
8.041218322203612379e-02
9.984591185404567693e-01
8.489179215850103333e+01
1.615229460766806291e+00
6.260201181908953139e-02
6.198476349495996018e-02
9.067905473010283435e-02
7.662049114448787890e-02
1.921813922251991436e-02
1.000000000000000222e+00
3.829717544032856722e+02
5.589377888594373456e-01
9.330705775096091725e-02
2.260275130878992567e+00
2.699893550673771259e+01
4.788354797593822099e+00
7.394408552253706191e-02
1.174789955068367142e-01
9.703432227909257468e-02
1.004060405883134138e-01
3.597591244738684857e-02
1.000000000000000222e+00
9.966670444069599455e+00
6.227746381235089723e-01
6.725519512019717538e-02
2.204086761240394932e+00
3.734856456339096553e+01
6.881848695647154734e-01
6.119879392034621723e-02
1.089951651892251266e-01
1.144908112746644835e-01
1.212517097020449214e-01
3.797754055636204384e-02
1.000000000000000222e+00
2.951843417150208637e+01
6.580619911826245394e-01
4.538293417054806156e-02
2.988512840660257908e+00
2.819291703658028680e+01
1.684630861532498969e+00
3.655120331906513975e-02
1.505181235765828962e-01
9.104226563983018605e-02
1.513381309573535449e-01
3.142101834442967423e-02
1.000000000000000222e+00
2.831054024301897698e+01
5.182186272711508668e-01
7.557423793584261418e-02
2.630719164304307967e+00
3.593715616440791649e+01
3.214519377452050852e-01
5.568716231969084163e-02
9.385829185647009965e-02
6.705844009183503651e-02
1.938354155141475132e-01
2.202757858114856582e-02
1.000000000000000222e+00
3.389208662297267551e+02
6.140640645681394449e-01
8.505212727021316255e-02
1.886064757254769964e+00
1.929546666563095059e+01
2.370223791152866522e+00
7.269439784219344780e-02
7.861293011985903689e-02
1.548041043275538431e-01
7.879289875337369686e-02
4.044184931633276747e-02
1.000000000000000222e+00
1.352367542584591092e+03
5.671974973814519760e-01
7.324067210268458972e-02
2.000327169991857446e+00
3.081453126607154758e+01
1.321013818923858274e+00
5.563621007204200275e-02
7.888776627218985205e-02
6.394818209173647183e-02
1.247019187102283017e-01
3.724696520146286716e-02
1.000000000000000222e+00
5.118463110740620323e+03
5.877315782822757351e-01
6.966651578819926804e-02
1.058740232953178984e+00
4.546860447877921274e+01
5.063844226587848496e+00
4.534532820946068910e-02
5.042089164179475169e-02
1.128674842535670880e-01
9.864028422199355717e-02
3.133754158814783253e-02
1.000000000000000222e+00
3.743938346391903451e+03
5.615562778753524498e-01
5.568495548517127247e-02
1.888383831829300696e+00
2.935203503983730045e+01
2.354719235351333761e+00
1.738418039042732843e-02
7.625394161078213884e-02
9.363497753205220209e-02
1.269542267722590378e-01
3.264433699350810514e-02
1.000000000000000222e+00
9.171621288731434106e+03
4.776499445794312737e-01
7.161350693957069247e-02
7.397912152106368433e-01
2.685340486610315125e+01
5.725087785692308806e+00
3.286083605286371778e-02
1.017622253109529140e-01
1.057052955726500848e-01
1.071638889032722336e-01
4.004364002696214619e-02
1.000000000000000222e+00
1.756802316339269237e+04
4.523773281079001563e-01
5.153421336511310180e-02
1.934518390937042476e+00
4.808396302968773739e+01
2.583273608661881937e+00
9.946339574772089520e-02
6.964217058757937728e-02
8.868696185949875854e-02
8.557563885472795062e-02
2.952099567418486892e-02
1.000000000000000222e+00
1.059685074556622203e+04
4.436503720249028726e-01
4.886213982603138106e-02
2.012399315479558748e+00
3.467227746988360337e+01
1.737204479237430821e+00
4.386235048064568431e-02
1.137986130922064021e-01
1.148208742977053082e-01
1.067297283069812558e-01
2.365114698530734749e-02
1.000000000000000222e+00
1.310068684899433720e+04
4.010279561770269674e-01
8.141157022167888613e-02
2.508330658052204676e+00
4.000345263943844998e+01
2.832131511384161637e+00
6.212616818978222710e-02
7.115496854436131891e-02
1.108274116341167875e-01
1.100147032196752278e-01
2.743255182626525013e-02
1.000000000000000222e+00
1.228222655202292117e+04
4.568122788183759386e-01
4.456111954111774409e-02
1.771618443437135149e+00
2.401487457481042398e+01
3.929129341990748703e+00
6.301150807176747470e-02
9.825170942670326257e-02
9.600732108149930000e-02
2.324180203829450952e-01
4.191916673534357152e-02
1.000000000000000222e+00
1.288575426233814323e+04
4.717289769705357294e-01
1.094746936534463644e-01
1.551712724848234082e+00
4.043690130550200479e+01
4.744409406455490696e+00
6.488856409208154652e-02
8.106062773559742640e-02
6.541319878407447774e-02
1.108513222867435338e-01
2.441785480468916525e-02
1.000000000000000222e+00
1.248652118963151952e+04
6.135719582962664287e-01
9.663041819416129385e-02
1.793020708530131735e+00
2.122581434468401795e+01
1.900139196620470372e+00
5.071624819314557442e-02
1.203638648615113077e-01
1.293810019189467198e-01
1.848017448119843309e-01
3.167248109336662232e-02
1.000000000000000222e+00
6.288475870899302208e+03
6.765651224798642227e-01
8.103364669605926662e-02
2.045287801767605718e+00
1.675671449559517967e+01
2.060240133877394797e+00
9.037276855333065129e-02
6.762417648763174860e-02
1.364707063507275553e-01
1.245100520372422193e-01
3.850175225026619685e-02
1.000000000000000222e+00
4.095578774308443371e+03
6.437741565279297973e-01
6.437448875617812760e-02
1.840727991902866734e+00
1.902392367492814529e+01
2.593378223652898829e+00
6.564706505080342147e-02
8.564316845640738973e-02
1.123519170094966491e-01
1.387130701173466540e-01
3.400729774445720999e-02
1.000000000000000222e+00
2.857100356283271140e+03
6.269647360548257220e-01
5.595773355864253062e-02
9.561731025029898134e-01
5.957974969181174885e+01
2.667170964158423807e+00
6.563538610639518822e-02
1.028484624412584064e-01
1.112484353432341005e-01
1.586213722414797633e-01
4.565309701091369021e-02
1.000000000000000222e+00
9.750923080975248922e+02
6.121185532703909971e-01
4.757588056139017141e-02
1.872748471359522826e+00
2.266938177804550847e+01
2.510442290762721740e+00
5.294904130148436749e-02
1.008082866701021235e-01
1.072856551025569843e-01
1.344361998706955774e-01
2.924994514326706430e-02
1.000000000000000222e+00
5.221452544622665300e+03
6.150264121194914946e-01
8.362376554055472866e-02
1.556404082298244118e+00
3.107439497052227750e+01
2.057894906224074116e+00
6.648836162123972215e-02
1.517139778399977934e-01
8.623363632897618203e-02
1.533551765716278659e-01
3.446820994900567925e-02
1.000000000000000222e+00
2.725694031744031690e+03
