2.527327016270263238e-01
2.025938983866169829e-01
6.714619387236287103e-03
7.706968743044905068e+01
1.791729625414131988e+01
2.896624916144809395e-02
2.405462429408459710e-02
4.976328315031396804e-02
1.840323782964381092e-03
2.194458201566046506e-06
3.323373304960136054e-01
2.562556515558326864e-01
2.797638121987573445e-01
2.129278474455926218e-01
7.130758470563517901e-03
7.670926140451459219e+01
1.399118958176558003e+01
4.207296097291884224e-02
1.971424488733225511e-02
4.767117212076620036e-02
1.428414436167984788e-02
7.205285789703251434e-05
3.748724262834274845e-01
3.816141710008465471e-01
2.497461641017451606e-01
1.842820759825124777e-01
6.546165717716070920e-02
6.845806065851691358e+01
1.380207065937106847e+01
3.120130247114061284e-02
3.068851281502544409e-02
3.978718823531582349e-02
2.401620414614804005e-03
2.558551234160303818e-05
3.135274784010945726e-01
3.018702076060396644e-01
2.420433222627072778e-01
1.818342894577373026e-01
1.168238743496600313e-02
6.068103082804035608e+01
1.417337668578675114e+01
3.118953500889158278e-02
1.184741669159830764e-02
3.906004601218514977e-02
3.920460534667454151e-03
2.172212383135829715e-05
2.742697191541120794e-01
3.543346574305933916e-01
2.585413746129474055e-01
1.742575148287588416e-01
6.935819493371131461e-03
7.547147239883254599e+01
1.460250900982123134e+01
3.222534597141526319e-02
2.346488799102672967e-02
4.460864002063141820e-02
1.863280775407763490e-02
1.255409816858281890e-04
3.184439429552547995e-01
3.664116898131918876e-01
2.835772348066779025e-01
2.518427091367408943e-01
2.265837103905689320e-02
8.153016263411693387e+01
1.818243535344053541e+01
3.989729935310303705e-02
1.880941838464162200e-02
4.397214265296356395e-02
7.552741749370093724e-03
3.427574186853911376e-05
3.378298370182112875e-01
3.062218061911328726e-01
2.690407393853685991e-01
1.957394707018715596e-01
1.064125931273736392e-02
7.547578581776552653e+01
1.734688665418419617e+01
4.173237628360092211e-02
2.733952820429196365e-02
4.955045288289502969e-02
4.500060407918522049e-03
3.013120073934572567e-05
2.707282065748836120e-01
3.307018247497168217e-01
2.316808125286582698e-01
2.168537126441925367e-01
1.666643058062191804e-02
7.094631288707813610e+01
1.739408098951892967e+01
3.637121429436460107e-02
2.363663966895769228e-02
3.877297721387681917e-02
1.005983227556511012e-02
4.204818722315623687e-05
2.934217763580051486e-01
3.072103696318513322e-01
2.682007505791060842e-01
1.947496167939681277e-01
9.487439949943589357e-02
6.564964897009213018e+01
1.542961107939528631e+01
3.466348428722478697e-02
2.826882279551787280e-02
5.065897645943226446e-02
5.052983638428595187e-03
7.110860052876638766e-05
2.796391364681248271e-01
3.645479313649464537e-01
2.683730926196268296e-01
2.219539673000104907e-01
2.652889451405615259e-02
7.176795088245729914e+01
1.837718260931487180e+01
3.637786744225774554e-02
1.776393928447590406e-02
3.924945867499055052e-02
4.892796603804313443e-02
1.860489987860180350e-05
3.019008479672867784e-01
3.023828887000047927e-01
2.526433127995010297e-01
2.181291948626740418e-01
1.048868375969622471e-02
7.232462205858205095e+01
1.315358626125384944e+01
3.603685932939586917e-02
2.982752882842710715e-02
4.206582295700538043e-02
6.168477324739558496e-03
7.055670172572068286e-05
3.181068134020813565e-01
3.685206810213607076e-01
2.534778307049123103e-01
1.751095620890907867e-01
1.641762678172609471e-02
6.737027716522906928e+01
1.605445372535875492e+01
3.406409470340497625e-02
3.094849204798070380e-02
5.213955302058330410e-02
9.607011515139938021e-03
5.285446438146262449e-05
2.939098247561578447e-01
3.483293088298419771e-01
2.963253264837074630e-01
2.369923645109607291e-01
1.362477868262867119e-02
7.200116376188336176e+01
1.463181534495315717e+01
4.009041352870542502e-02
2.037185833331235305e-02
4.689650493197142916e-02
1.392496866600448878e-02
4.728277668177373100e-05
2.432646413124215645e-01
3.465459865835818221e-01
2.104740175998389695e-01
2.329124333946487047e-01
4.527818057560131088e-02
7.256853036579157390e+01
1.294067446739710192e+01
3.998608911634362467e-02
3.912531567216440825e-02
4.787124949894956683e-02
2.502830798995889228e-02
1.379611385562430062e-04
3.234386863848209837e-01
3.899460816899224525e-01
2.010946910669170473e-01
2.149467168085733570e-01
3.430721695529902193e-02
8.324950765204182801e+01
1.668111540875483101e+01
4.048914232168850103e-02
4.032105024374311314e-02
4.417099968619611627e-02
2.757303859891372874e-02
1.667574978811317652e-04
3.092078270026094033e-01
3.891322107080066317e-01
1.944007572670917727e-01
2.369421635829408734e-01
6.489156084028263605e-02
6.547007056752021015e+01
1.366616838029509573e+01
4.588865823937882116e-02
6.003584986941708918e-02
4.658410188471542868e-02
4.437184022416530010e-02
9.170891291944748621e-05
3.466655842133895549e-01
4.486118433946358897e-01
2.640272774156040558e-01
2.045073619640798424e-01
5.657619911914460453e-02
6.772345257587686262e+01
1.852827712601413523e+01
4.807603308031822842e-02
4.053940875720379172e-02
5.796451690255969430e-02
5.633929842340738153e-02
1.584739759278059419e-03
2.928450332586765570e-01
4.726266393422465795e-01
2.592358500321864656e-01
2.409639112073777567e-01
2.621185792501862788e-01
7.805838399740525801e+01
1.710018491865525192e+01
4.863669118713343648e-02
7.212780406701400915e-02
7.029590837331120556e-02
9.011987391115383605e-02
8.257097010604331133e-04
3.403134043130378594e-01
6.443042581667198787e-01
2.703803275460668343e-01
2.578066438988135256e-01
4.340220115523406030e-01
9.057211162021141604e+01
1.916323899942265996e+01
6.068681289967697845e-02
6.037274609749203325e-02
8.349557492549831983e-02
1.063086001184153917e-01
1.498998661181495705e-03
3.298062377509722864e-01
7.183033302226835559e-01
2.765187481253860713e-01
2.632294219113767708e-01
9.177119727222537993e-01
1.022053279382705284e+02
1.952824648941378882e+01
5.134633695583531304e-02
5.944457153013027462e-02
7.168675758445695878e-02
2.149330179526506568e-01
2.624660582717554345e-03
2.996188318330803013e-01
8.161197170328751138e-01
2.322037475816187135e-01
1.767568633487422436e-01
4.867150839961779593e-03
6.274116982583480251e+01
1.421582926544337511e+01
2.903808266021528847e-02
1.472042757273904143e-02
3.880331269243666309e-02
6.830778781931413739e-03
1.600103631564478128e-05
3.337664655922181756e-01
2.320750134975208545e-01
2.454257116943894812e-01
1.614339032070930824e-01
2.502220801379959059e-02
6.350889956863154140e+01
1.112456483499239468e+01
2.370058322134803441e-02
8.985186062348738192e-03
3.384267187536570132e-02
3.037472340274681784e-02
5.661376110020737557e-05
3.751418072816467553e-01
3.226114293063612748e-01
2.374423271309351879e-01
1.651950420321598723e-01
1.214374481612318264e-02
6.337603444782718043e+01
1.084605930694925391e+01
2.330499427371760662e-02
9.649339882927569431e-03
3.519154692894164299e-02
9.643927445841861748e-03
5.131764101145409814e-05
3.129795711349076526e-01
2.597901718580843400e-01
2.300381196912456572e-01
1.463566233388901017e-01
4.724966686320380450e-03
4.928620905837075128e+01
1.097119002662657827e+01
2.584979969743047765e-02
2.425556860376872764e-02
3.776823093049444524e-02
9.161210082822016099e-03
1.476274796114928017e-05
2.745553150742009452e-01
2.563728125912479450e-01
2.364189295129575097e-01
1.318513213990921695e-01
2.717516392303963302e-02
6.224056089961069205e+01
1.190890547772662877e+01
2.602000841726340163e-02
2.734758736515711247e-02
3.688913953007193214e-02
1.459570954800444055e-02
9.822549255618198726e-05
3.189161124481942333e-01
2.297093232077716818e-01
2.695432175203602010e-01
2.089566054607724932e-01
3.837902821945542164e-02
7.481902427543596446e+01
1.392509744397507099e+01
3.037673098158532800e-02
2.672859435141014192e-02
3.425934173968159940e-02
2.315441718839918867e-02
1.634999701228296990e-04
3.365785146251268900e-01
2.560788721464522522e-01
2.383355491769824086e-01
1.934498547325020357e-01
1.005081479382356237e-02
5.413538482201119706e+01
1.408720028463406670e+01
2.554096825013671412e-02
2.152378953883628959e-02
4.339017964136061833e-02
2.039109877409404567e-02
2.181253470592319218e-05
2.687013851673786258e-01
2.716685345866488022e-01
2.343973995887266848e-01
2.036663593450528109e-01
2.874432862697606783e-02
6.955241907211295427e+01
1.394524129977524396e+01
2.778653118368082028e-02
1.200045385074595232e-02
3.606834252766991100e-02
4.550430540151544079e-02
6.731979370150306425e-05
2.939687158192256788e-01
2.840885545203586937e-01
2.389785832964099188e-01
1.457953112908579318e-01
9.183523638861262883e-02
5.415126084205326862e+01
1.107412110263472727e+01
2.896862450359511537e-02
2.013174717479192244e-02
3.544067216095982131e-02
3.676461948261899870e-02
6.640122234267292235e-05
2.795239765170614010e-01
2.950330802662709528e-01
2.311959478510411670e-01
1.822510738208555359e-01
2.240637115712876964e-02
6.508802089412586156e+01
1.486930675716682515e+01
2.621044096584015243e-02
2.235460366510987756e-02
3.680761058209875564e-02
9.446377861500568351e-02
1.563655917901427342e-03
3.011337735255208425e-01
2.777588505697350385e-01
2.153892670522630781e-01
1.822708120394231635e-01
4.190008898044048774e-02
5.905482719175925155e+01
1.205738393224352123e+01
3.177571933292586831e-02
2.260180256078195976e-02
3.546994344766754570e-02
1.930117201871694999e-02
1.342884254786433243e-04
3.172509280986393065e-01
2.607299436234790102e-01
2.367549438177406484e-01
1.709508954386012025e-01
1.074451067572546464e-01
6.075943964091566585e+01
1.101848522621069826e+01
2.815546150269570072e-02
1.615554638809384852e-02
3.368898042982635538e-02
2.453979946521378866e-02
5.297763162120643229e-05
2.954202538223411612e-01
2.738406851463847103e-01
2.684547658930658831e-01
1.813345495454194711e-01
4.252659885547871443e-02
5.728611817933688855e+01
1.221529230378010844e+01
3.131876273250146919e-02
3.121693237649164968e-02
3.132128159748742702e-02
2.697996320289067218e-02
1.553154668821304495e-04
2.414865051905948079e-01
2.572678702685037289e-01
1.936698001989250739e-01
1.731735311951482226e-01
9.459381351981424255e-03
5.905731078741406037e+01
1.124512860826676253e+01
2.523198553694680490e-02
2.314470457521965868e-02
3.195030035246476663e-02
2.078883167995735151e-02
1.391591086686985517e-04
3.253516102832909596e-01
3.496539354381578701e-01
1.808544962043344417e-01
1.730277521410032715e-01
1.475528516688736635e-01
6.757315590696417473e+01
1.329649270154657970e+01
3.471897752068082293e-02
2.264008868446760331e-02
4.912306407941495479e-02
7.437931532550155767e-02
9.489862372788776415e-05
3.082121428361054294e-01
3.442917357265612988e-01
1.632927945016498794e-01
1.782159349266697335e-01
6.229871286067650143e-02
7.807476686339607852e+01
1.414765788708177752e+01
3.084211135122267786e-02
3.037319917449740961e-02
3.535252484961032282e-02
5.193077613569365564e-02
2.373547393247365817e-04
3.457806066947121670e-01
3.091823582957612948e-01
2.315776107834646158e-01
2.190095771704194116e-01
5.317050766847122162e-02
7.938751523810648791e+01
1.691588521682695401e+01
3.606363089763552771e-02
2.538616622584580554e-02
4.866683952080139847e-02
9.747867954553227077e-02
1.335916966795031545e-03
2.919518054281253772e-01
3.487348399673647625e-01
2.373528585339634844e-01
1.905010608334833655e-01
7.715510466950373236e-02
6.285140438806165264e+01
1.363538395740496156e+01
3.537261126131025640e-02
3.142699948319165049e-02
4.700988349896549623e-02
1.194028391241367254e-01
9.716294553691743382e-04
3.380934100508405926e-01
3.631072833606688310e-01
2.359270186896066657e-01
2.080106753362601091e-01
1.934703821496379095e-01
8.253709354842811763e+01
1.231810017923974954e+01
3.182873941497747078e-02
5.929463885738409795e-02
4.701708121231190640e-02
7.576594377014710113e-02
4.302909503958333233e-04
3.295790955650010345e-01
4.005151326918740540e-01
2.316539044450872109e-01
2.399695907079546220e-01
2.841199878363042108e-01
7.940681936289924181e+01
1.762855228460675505e+01
4.349625646263131223e-02
5.445049627937680742e-02
5.026859331735347713e-02
1.959583131540872658e-01
1.409853755546129975e-03
2.997723224153361898e-01
5.552506061254670611e-01
2.191441571894190699e-01
1.500040585145212546e-01
7.709360823859666423e-02
6.047128381084547044e+01
1.127434083985673752e+01
2.217720569032989239e-02
1.510674294284027573e-02
3.420250068388954595e-02
9.713254821073959155e-02
3.436213192952702997e-04
3.339334753494289099e-01
3.366195749972387130e-01
2.382240678815773782e-01
1.549847377417919447e-01
2.631045759625527322e-02
6.029567942128822722e+01
9.720380357385382197e+00
2.534989205128094711e-02
1.727141139106039974e-02
3.484113319427706995e-02
2.688794105626561570e-02
7.085597931638611794e-06
3.746165893926428070e-01
3.311340872125979051e-01
2.215031326123018951e-01
1.628702185326641738e-01
1.175599887038698138e-01
5.211764385658023713e+01
1.005472327350835116e+01
2.407629453460454622e-02
1.715284998630162150e-02
3.547442970179180699e-02
3.936436511402793131e-02
2.990158497565926425e-04
3.129342352536348404e-01
3.079932042253864521e-01
2.307841318043023227e-01
1.510022871768964270e-01
2.009606655665619607e-02
5.546211958561099920e+01
1.045305821308071614e+01
2.757980602367989670e-02
2.480859299891741490e-02
3.725339122130428421e-02
4.781291926794313529e-02
2.867371389171522659e-04
2.745635191963989863e-01
3.765346800941968275e-01
2.318766586870745494e-01
1.691691189595914413e-01
2.896237949731921696e-02
7.830667732844739248e+01
1.248054177941474130e+01
2.553540330470480818e-02
1.334387263194826076e-02
3.780014011224101106e-02
9.853784739775930945e-02
8.875894740375313849e-05
3.186891624264229228e-01
2.891200112188242466e-01
2.521806598834972490e-01
1.746721577543590420e-01
2.672527239735371374e-02
7.221859805608266925e+01
1.208974220615589878e+01
2.308737463148019184e-02
1.976108386269355074e-02
3.632418146841936285e-02
4.047480013979487534e-02
2.525486629719575602e-04
3.361248751591041084e-01
2.856373015182995245e-01
2.213753121582847649e-01
1.703923877225047567e-01
1.052937371454629456e-01
6.566256864894683076e+01
1.159085922269819235e+01
3.163989952782707976e-02
2.936003776264726681e-02
3.420842952681137777e-02
7.291467184043295968e-02
9.411419240185493317e-05
2.685044118727942242e-01
3.059811295978295265e-01
2.211050850848942650e-01
1.546293725765391924e-01
1.027018078922178473e-01
6.681157734015386040e+01
1.148984113341878377e+01
2.631836750998855015e-02
1.931201897078810986e-02
2.928948269814355895e-02
4.280356792063053778e-02
2.538654120771567766e-04
2.933993887129972000e-01
3.042844586101173254e-01
2.158399833080806851e-01
1.287679575900421147e-01
1.172818660932909984e-01
6.520314730959370308e+01
1.032595932055713384e+01
2.717079029564873141e-02
2.442863667165974875e-02
3.366171371622367348e-02
4.841715537757241422e-02
9.588279615887988078e-04
2.789762397232571911e-01
4.123824486606942896e-01
2.160557324159955717e-01
1.559957842110921700e-01
1.478414162235774654e-01
5.657243401768873525e+01
1.207810915999971080e+01
2.593950771809967054e-02
2.762155146010695020e-02
3.613083346622242981e-02
8.791271889924706651e-02
2.766937747729405757e-04
3.027496316543559218e-01
3.157134024734815636e-01
2.316135647768713113e-01
1.426741624930183139e-01
2.616856396249920835e-01
7.502909645715598685e+01
1.154869993871199974e+01
2.105650766780387331e-02
2.137535342814679898e-02
4.015101906091071010e-02
1.203029354271603346e-01
2.155618713531157920e-04
3.177053047520569384e-01
3.291986053034026138e-01
2.163398533243163779e-01
1.776363196466488881e-01
1.684082118980610721e-01
6.208998044501053215e+01
1.108930567095210229e+01
2.823858534181010113e-02
3.479823145204967438e-02
3.226492510147736109e-02
5.553300098129980433e-02
2.941144661805274998e-04
2.940516246791657351e-01
2.850810241618790819e-01
2.608856310657293731e-01
1.343632472626187513e-01
9.059320290300229561e-02
4.733403355644291821e+01
1.176866217418391791e+01
2.453417872253650656e-02
1.936918152113454444e-02
3.215727008808322296e-02
5.732299427577176865e-02
1.957439112966668300e-04
2.410640625958976324e-01
3.732792743550309433e-01
1.881708061309369517e-01
1.762564452773709156e-01
1.778478698849196571e-01
6.995020419569682701e+01
1.239457409430994872e+01
2.854485096717599563e-02
2.553781140283801696e-02
3.642823116700456831e-02
8.267194177764039531e-02
5.077962625912879353e-04
3.256906267990672954e-01
2.936273693671032636e-01
1.926229373089564378e-01
2.085278339189116648e-01
1.258144113961217059e-01
7.869961630376083406e+01
1.437595722956384137e+01
3.429062200908334496e-02
2.796015355734798175e-02
4.305415438623173136e-02
1.298141057657185016e-01
1.640378733974148177e-04
3.080706800240402554e-01
5.129318155331349383e-01
1.598380300322537473e-01
1.649148000936375702e-01
2.191265191609108598e-01
8.440718299960153104e+01
1.364852527041983521e+01
3.163825945114840527e-02
2.329698524790736400e-02
4.536723920131374710e-02
1.112972987257057761e-01
3.903926906357574442e-04
3.452565962198897997e-01
3.994525987810588208e-01
2.337365246794296525e-01
2.066950482455228721e-01
2.690226795584519381e-01
1.000700960980048251e+02
1.474295336568188297e+01
3.312443632369072022e-02
2.942183042000295207e-02
4.713227850175998046e-02
1.687273209648109118e-01
6.312959779770286033e-04
2.910012916346857992e-01
4.326535853541452759e-01
2.324026993264247942e-01
1.877377134387320790e-01
3.716474341590060848e-01
7.951665685706511510e+01
1.288554384461968105e+01
3.219645931992563825e-02
3.630222894948224172e-02
4.168223104209176771e-02
1.181819045049635614e-01
6.635162696279489365e-04
3.377026970055482802e-01
4.421711502830982798e-01
2.061352401096290532e-01
1.745014268888452902e-01
2.554388806266908452e-01
7.969062660893872874e+01
1.314333770316967254e+01
3.786035247815167787e-02
1.933843288606618832e-02
4.531589490715418056e-02
1.269665516204389333e-01
3.329885488073590534e-03
3.291367598513176840e-01
4.874988041583069309e-01
2.110773319625535716e-01
1.729991260260978214e-01
9.142349904096269686e-01
8.983875332036423345e+01
1.404353459109971958e+01
4.259656632056588871e-02
4.102102954485140063e-02
4.614735767718723680e-02
1.753994178749468946e-01
4.785393968299120337e-03
3.010038746278143051e-01
6.293952197523811076e-01
2.019615672895606895e-01
1.363988105733421330e-01
1.216703828252423819e-01
6.761648995289156971e+01
1.168682967963271047e+01
2.743981955867614425e-02
4.767624248161865530e-02
4.353576188738821073e-02
7.684494539206050689e-02
1.720803501660350112e-03
3.343938613523325665e-01
3.847339268780535226e-01
2.477260302832127725e-01
1.588161618189643798e-01
9.895032889143345889e-02
6.620586940283882882e+01
1.087257992352961722e+01
2.834150075986865969e-02
3.106944163106895376e-02
3.881611141466095871e-02
1.250076900019975734e-01
2.477439378621096723e-04
3.753824656074897237e-01
5.128676396650100333e-01
2.342525376894508127e-01
1.704014904648150919e-01
1.859625798507728578e-01
5.521758881938983876e+01
1.022873742112129491e+01
2.742909710448290794e-02
2.832146296765791771e-02
3.554645506843888414e-02
5.965062801548656757e-02
2.237560349930037376e-05
3.130078131477528891e-01
5.171653990835769488e-01
2.117630738814593738e-01
1.621360078364295909e-01
8.521116116129681672e-02
4.390996655130506099e+01
1.125016343808133357e+01
3.256382703627401509e-02
4.379452630410866215e-02
3.909644569194333646e-02
7.268746486801755391e-02
2.968541298779944684e-05
2.752578560130783947e-01
5.083461471440210433e-01
2.374297672148544258e-01
1.853574216773463679e-01
1.036440337033405074e-01
6.502072652254409491e+01
1.149277879902265198e+01
3.026344711784574940e-02
2.299484127958894772e-02
4.771558399719109250e-02
7.837261682397882179e-02
2.639304728082800082e-03
3.188944365436157113e-01
4.869010232437850916e-01
2.459158489471413023e-01
1.626761759917637606e-01
3.731872817598081427e-01
6.982709680463977975e+01
1.178753055961917262e+01
3.161249853285692107e-02
2.606074298766278274e-02
4.269613391662876317e-02
1.154396441095766612e-01
4.459545613333879542e-04
3.362040778848828793e-01
5.233229019205024590e-01
2.342441319549699308e-01
1.467800560624369088e-01
2.418541562526065059e-01
5.573788630119955201e+01
1.175465277957636800e+01
2.718337017219579071e-02
3.310258324847865224e-02
3.328256270609785544e-02
4.667383969683604195e-02
1.681060286823864961e-04
2.683677213784099180e-01
4.543725324523740783e-01
1.966292423347894280e-01
1.435354625784143745e-01
2.417542017339810168e-01
6.631264039663219023e+01
9.246869412794183063e+00
2.829381776748031777e-02
3.091524302787293163e-02
3.543180288011656132e-02
1.059998631390884766e-01
6.250263711829038464e-04
2.934169400422845797e-01
4.497822916332853138e-01
2.309578984725413620e-01
1.584653941095037488e-01
2.623737048338138367e-01
7.149353123002022414e+01
1.218280120399380628e+01
2.590750518479280687e-02
2.743314921693270139e-02
4.223756678531224301e-02
8.388383271170700428e-02
5.200950946656343133e-04
2.786846178186601075e-01
4.899450991345956075e-01
2.088459314771204112e-01
1.864200499341115147e-01
3.640731179663033168e-01
6.232752286062468983e+01
1.148063414457417153e+01
3.131194030099072184e-02
3.365446912487706638e-02
4.635271296753729064e-02
7.957315521477964504e-02
1.192178923405616412e-03
3.030454774324077838e-01
5.462557282931860270e-01
1.935218014094833849e-01
2.072710722540329897e-01
1.851717379964598620e-01
8.211431972664105672e+01
1.094692014693445792e+01
3.264694542717309217e-02
4.109812264973568274e-02
4.886819660415512440e-02
6.703513466957235212e-02
9.760734426323527989e-04
3.171123305054621699e-01
4.136427199547387246e-01
2.252196070323834176e-01
1.719079074929374118e-01
2.571455412499266679e-01
5.545794224546622786e+01
1.054318134323265532e+01
2.681269427434460062e-02
3.759304248652580588e-02
3.529356083905733910e-02
8.939024751162000237e-02
3.950532178134080573e-05
2.948755835549484727e-01
4.460475819433394329e-01
2.283547819815514301e-01
1.544526199337835082e-01
1.665018782007327280e-01
7.604746532303829554e+01
1.114718120551565583e+01
3.094627566042949807e-02
4.783033438898392359e-02
4.409664280690874655e-02
1.021653985147492477e-01
4.037983288577754013e-04
2.411482448294900438e-01
4.816139458183780753e-01
2.270665814030971008e-01
1.665753689900098533e-01
1.232964246940053410e-01
7.343818808846958746e+01
1.093283119643105117e+01
2.591953467053905238e-02
4.587497681085508233e-02
3.691261980293215200e-02
1.325990080379247371e-01
4.931446559695044571e-04
3.255325466655503708e-01
4.761618407597688618e-01
1.749463286296554232e-01
1.536896243729345968e-01
4.381029677763690344e-01
5.425372965717490104e+01
1.050812072545481790e+01
3.002778690844330745e-02
3.918195860283871235e-02
4.494131484164515244e-02
9.989424486772308098e-02
1.142515529378226998e-03
3.083023530834002046e-01
6.826073928111958677e-01
1.763316285214885926e-01
1.938432667406332632e-01
5.687244485757914081e-01
7.123548633670776553e+01
1.180532953792593354e+01
3.584286883432965393e-02
6.494808527943221610e-02
4.783253000572628560e-02
1.926420378816979806e-01
3.636524088695665315e-03
3.457442752104491479e-01
4.939226357546426804e-01
2.122279555763759429e-01
1.809133480870827038e-01
4.617597037610334798e-01
8.012550042341567291e+01
1.197097713930800644e+01
2.453468184209536135e-02
5.222920444266348355e-02
4.249923893308584638e-02
1.728776245670164968e-01
2.626521940606829555e-03
2.918944195865790792e-01
6.779945923674165487e-01
2.797463299550057014e-01
1.415811332961635916e-01
4.739953170559442763e-01
8.221801454645465412e+01
1.187185569664153206e+01
3.106667528311933546e-02
5.916260328421552722e-02
4.246373858789773137e-02
1.523752062935602447e-01
3.778702055783257456e-03
3.378041679354556459e-01
6.711158937659993384e-01
2.230909491600890360e-01
1.571133302702888146e-01
1.068824308859981587e+00
8.849908354529469534e+01
1.127101572648710359e+01
3.312045064459089028e-02
4.907148058510357735e-02
4.163622093055431572e-02
1.260833257571696009e-01
4.059823281365745537e-03
3.291025375965816457e-01
7.584832553213226580e-01
1.886568646564493745e-01
1.870123276441471583e-01
6.236057473468364920e-01
6.478387154376918033e+01
1.283980543396129725e+01
4.058321215174223728e-02
5.906091620575842915e-02
4.893263088748221745e-02
1.600795391444089222e-01
2.739256202124653629e-03
3.004685569309363813e-01
6.772053386566875277e-01
2.204800283849955023e-01
1.528389342962943320e-01
3.276779520742128526e-01
5.014864086227699147e+01
1.086916947149395618e+01
3.304007396016300779e-02
6.046389970284708759e-02
4.515852398141002866e-02
8.190201768274353589e-02
4.836506796576789738e-03
3.338691892754210300e-01
6.356612788094432309e-01
2.408588293290896409e-01
1.500108131510223541e-01
4.258224835721840518e-01
7.293061070006224611e+01
1.240404395604548426e+01
2.915451392108213413e-02
9.419668251385004965e-02
3.995240870176845760e-02
1.436019702334878634e-01
1.658756972424102558e-03
3.744813926751533462e-01
7.353805122021556118e-01
2.337609964266679219e-01
1.493732698896521605e-01
3.916425767770655986e-01
5.412249359657613468e+01
1.015906391113113827e+01
3.769060147095373847e-02
6.108859700490729128e-02
4.854841537241040561e-02
1.281253815539081797e-01
1.952355151324756998e-03
3.129584938126229732e-01
7.095585621403819321e-01
2.193463694736531022e-01
1.766373404533559677e-01
5.314321754889811400e-01
5.277670590787272431e+01
1.039645981917320583e+01
3.822351209357074259e-02
7.427189640737449916e-02
3.889540219453454378e-02
8.162444716516645271e-02
2.788244979765599433e-03
2.742604718823580257e-01
7.221134589804466541e-01
2.373269798373020545e-01
1.539697408546378266e-01
5.527195071256841841e-01
6.008277948800547819e+01
9.570528388044255763e+00
4.709850556355787976e-02
5.573573145390132988e-02
5.053812275875697868e-02
5.503474056526336256e-02
3.187122679671422140e-03
3.192215559281177395e-01
9.624837496807208126e-01
2.526148198641731124e-01
2.052061956892858585e-01
5.104565015753034785e-02
6.145754694669301443e+01
1.129717542785637363e+01
3.111183164630643844e-02
5.364913239466725936e-02
4.282811451488446886e-02
8.505324910912982761e-02
1.446293123042856040e-03
3.366413744633793281e-01
8.182770017461459267e-01
2.242509028614287636e-01
1.832206867528022587e-01
4.386045959221155366e-01
6.605436154981863695e+01
1.110889739046004721e+01
2.941696576200883081e-02
5.288821586707784933e-02
4.510793874939333231e-02
8.984032684174268757e-02
1.849916668132558888e-03
2.685310968438804902e-01
8.184856253268140147e-01
2.284049442744666147e-01
1.662428726753813202e-01
4.656037873126451232e-01
6.340850042611021564e+01
1.126857368576654217e+01
3.000913143279262257e-02
6.261429921731662129e-02
4.524346238032849604e-02
1.061235880154295236e-01
3.204904249004731070e-03
2.935228354922500005e-01
9.351926653243872734e-01
2.074932854351456968e-01
1.680281777587614989e-01
6.952543041836886095e-01
6.919293500779942008e+01
1.069423091027439732e+01
3.411247850287637412e-02
5.587492170073764253e-02
5.608749132965528544e-02
1.085919341790826109e-01
3.239452418803627064e-03
2.792538023064846664e-01
8.707105722145752624e-01
1.965820598919470752e-01
1.612226314736829591e-01
4.780372444499996210e-01
6.101431583608662379e+01
1.071067511382604209e+01
2.587895725179952325e-02
6.281906613606369483e-02
5.337429853132064084e-02
1.512920112377519888e-01
6.087357530209637317e-03
3.025621390836632507e-01
1.117276686780649397e+00
2.015807187196266281e-01
1.655453806631671243e-01
2.220040434943438001e-01
6.298228810384956233e+01
1.134108078617108717e+01
2.962098750896680413e-02
7.276710490660058539e-02
4.716517868750997461e-02
1.276209947175069859e-01
4.499416168255349763e-03
3.175411678811556060e-01
9.297101673243830522e-01
2.487890735316713453e-01
1.581375922718112337e-01
1.089549511661031644e+00
6.198394908323056285e+01
1.062982502404542196e+01
3.159993115915975259e-02
6.758294638583112190e-02
5.460578835080675403e-02
1.194412778328241276e-01
6.414802919126751969e-03
2.938194221851698207e-01
1.103423574945816332e+00
2.434505115377381956e-01
1.429053809698931643e-01
3.655865535759923457e-01
6.720823514428518308e+01
1.157920398528993822e+01
3.494906182891511365e-02
5.254156431100752422e-02
4.446954189798663082e-02
9.217689224509503787e-02
3.781563509548616347e-03
2.411279061348698127e-01
1.043179221178802685e+00
2.162225785610072670e-01
1.902758343937121233e-01
5.215173872791367682e-01
8.213264243628083250e+01
1.163656025558040774e+01
3.462977704570602971e-02
6.307218472588126124e-02
4.084179021286898220e-02
1.438899139236343994e-01
1.898427628644984216e-03
3.245094268365753543e-01
9.653030402964893897e-01
1.848511278360373544e-01
1.607062934005417110e-01
9.112251010720711086e-01
7.279834188432454312e+01
1.156066559199591381e+01
3.784239039992406267e-02
3.942885752073647249e-02
5.620913005965933601e-02
1.612963491401676330e-01
3.461188024716334039e-03
3.077031638069280262e-01
1.217614809364627071e+00
1.680399592177311552e-01
1.499588194067177638e-01
7.807588039539440361e-01
6.059787206445795249e+01
1.156176165504740361e+01
3.727980572504208112e-02
6.025422975925889130e-02
5.580705633297901314e-02
1.532093651506340748e-01
3.902873597027464638e-03
3.458120583747860133e-01
1.041265101382613523e+00
2.244542572345160913e-01
1.746866355635620094e-01
3.302625864731092431e-01
7.463067536712912897e+01
1.234151266678318670e+01
3.883469014601041713e-02
6.845469360471773124e-02
5.545653164129149548e-02
1.550260037329879714e-01
7.436889509559668028e-04
2.926147452259398873e-01
9.656806852014248044e-01
2.350220959965819423e-01
1.620531319797005876e-01
1.041617399148650147e+00
6.522016022688906389e+01
9.452563408976157433e+00
4.985051155671159362e-02
5.442770126319933927e-02
4.942997374828323603e-02
1.111615122699756986e-01
7.097106893662183912e-03
3.371268072096045842e-01
1.220372300118592879e+00
2.234184843355842554e-01
1.736188143080983903e-01
5.217113591622908331e-01
7.279936387574294088e+01
1.153732502302201191e+01
5.115032706653318412e-02
6.338802779356428330e-02
4.850945667440577369e-02
1.980049649373538112e-01
1.055236172093047993e-02
3.301509393737647180e-01
1.244574170141023561e+00
1.868525409939505999e-01
1.818024846957562446e-01
1.073438152458916273e+00
6.878089102330093851e+01
1.229306952948547149e+01
5.312970101674378137e-02
8.172619188075563867e-02
5.358746817328585016e-02
1.646256702057806720e-01
9.562729131262192803e-03
3.011469012419526470e-01
1.581031699369501275e+00
2.189360663058220469e-01
1.455352517903613363e-01
2.447952845619471018e-01
5.542293662816926769e+01
1.047274006650594735e+01
3.264672572332699002e-02
5.420725784593162511e-02
5.104048996860761911e-02
1.359808246180576607e-01
2.661160083096858475e-03
3.340460197247250851e-01
9.001396255086744347e-01
2.478330230383777311e-01
1.377843744839288564e-01
5.952546471650238535e-01
5.665312381188119417e+01
8.724472908480162658e+00
3.231404836033491962e-02
5.380211216777542466e-02
4.533051331198099942e-02
1.081078216045131685e-01
3.747879580429873837e-03
3.744248261814943080e-01
9.408310423102830278e-01
2.251589501883268507e-01
1.374024402159983449e-01
1.692284260375132576e-01
4.527343816295375234e+01
8.909113881403085244e+00
3.155395408537079588e-02
6.901201592857898748e-02
4.313382770363571872e-02
9.265986769893755359e-02
1.297901404813004258e-03
3.138984164209515648e-01
1.015060977600735104e+00
2.165662190108684770e-01
1.451391457492721693e-01
3.867626185786499637e-01
4.316805565507802100e+01
8.477271139323995897e+00
3.651972797374898605e-02
5.888977383737352411e-02
4.785399765622186385e-02
5.865522795991572058e-02
1.674003020135303010e-03
2.746396351031759053e-01
1.251222149879456902e+00
2.443307122652436658e-01
1.334149697245988753e-01
2.496569671647891897e-01
5.184729580343731925e+01
9.810993941350258041e+00
3.430922971425728885e-02
6.472761229615930922e-02
4.640093390038346061e-02
8.321593214084281598e-02
3.939935141479250502e-03
3.196174096303625589e-01
1.198453555885456101e+00
2.489394953543322686e-01
1.581479181296992220e-01
4.791640455241644725e-01
5.486206327710440434e+01
1.037000091544987690e+01
3.665254785559183409e-02
5.887732458646027789e-02
3.788115441795793931e-02
8.639641091299107845e-02
2.366136762423929566e-03
3.381433834706386587e-01
1.169400021738000950e+00
2.136698408364251511e-01
1.713891562707663130e-01
4.061255553408325558e-01
5.421586899882048982e+01
1.060866270293609936e+01
3.803317429409125427e-02
7.797073395876064072e-02
3.048644985326997084e-02
9.927934942195135171e-02
2.356424403781655439e-03
2.690126955847210177e-01
1.290214479668844616e+00
2.067479523821426635e-01
1.871281500898356875e-01
7.602652359390827952e-01
5.190369337241405390e+01
1.032848885513262616e+01
3.807445287473990025e-02
6.026215193565374190e-02
4.034848341167047298e-02
1.308929380073419191e-01
1.652999034553562750e-03
2.937464235659580369e-01
1.294571916646174881e+00
2.278362205065515844e-01
1.472533953658864136e-01
5.050306551606190686e-01
6.507088504337885126e+01
1.037431597259656435e+01
3.142582568031419832e-02
7.706641208798285791e-02
4.679688660970321434e-02
9.106846000702578658e-02
1.488797897314450861e-03
2.788597279974316390e-01
1.275275767953979678e+00
2.114990790004774857e-01
1.605148880574842063e-01
2.514282338741122280e-01
6.261828478664573083e+01
1.175433026348165200e+01
2.955253773058379163e-02
6.125101250195969654e-02
4.836531922788956522e-02
9.630119174791712533e-02
3.218781313101942796e-03
3.029873104559714925e-01
1.162209457556139691e+00
2.138416652173623367e-01
1.340244436809533701e-01
7.419668905600137476e-01
6.367353101825585782e+01
1.120474593802288510e+01
2.676183713531627914e-02
6.330705010423230694e-02
4.844659353062142487e-02
7.309151501677846330e-02
2.398630760352470342e-03
3.186710713875848811e-01
1.392898782461754692e+00
2.331111611020601770e-01
1.567755301666075574e-01
9.682429792805157254e-01
5.024584826022686457e+01
1.029507592548602979e+01
3.490652712500812160e-02
4.799162848698098477e-02
5.266849743954401392e-02
1.122559985212162881e-01
9.674626797844429818e-03
2.953700455148250414e-01
1.434052906731868360e+00
2.389884258712768328e-01
1.730642278865688888e-01
5.215079754143180368e-01
4.731911886311570470e+01
1.062030076737335627e+01
2.904547412005594950e-02
4.360149015178519522e-02
4.570922067521785565e-02
1.043777916212121210e-01
4.923491411993422343e-03
2.408215905261090473e-01
1.293671847072643599e+00
2.063907226708190379e-01
1.616922933994585920e-01
5.065338569971236105e-01
6.545006870122463738e+01
1.054683230374312863e+01
3.358971488356729540e-02
8.518916409866203465e-02
4.583913707448671743e-02
1.153228988624671741e-01
3.301668973733018486e-03
3.264693959823052882e-01
1.555074449928075087e+00
1.598850267077306375e-01
1.588584047151118395e-01
5.394429057065573963e-01
5.187070269395992739e+01
1.109899640310447921e+01
3.576281737638382224e-02
3.693307703382039953e-02
4.897128333436916864e-02
1.357766322552114435e-01
6.841247357845976762e-03
3.082342621320955378e-01
1.502586903265266338e+00
1.685079515273930351e-01
1.639995470623307472e-01
7.395653248664155743e-01
5.468898104271450222e+01
1.080505360877816479e+01
4.072386289804234144e-02
7.879220468674651146e-02
5.749800591364729457e-02
1.734563061571149090e-01
5.185492225802453871e-03
3.455927832631474073e-01
1.494716641426039327e+00
1.875589373566445284e-01
1.835422418343177209e-01
5.066983543843119886e-01
5.180037315360557670e+01
1.122724595211531451e+01
3.739697021301577329e-02
4.006581017899870506e-02
4.691517861344397800e-02
8.283326532440134227e-02
6.882986428617706223e-03
2.908966020656297280e-01
1.690758632900970060e+00
2.268463136915991329e-01
1.500721256225319433e-01
4.355130846754224350e-01
5.364684056757493380e+01
1.020017058561398571e+01
4.083117369066251862e-02
7.031684807009049021e-02
5.547061304369974716e-02
1.653875707186401867e-01
7.725085077473632135e-03
3.358931477264941456e-01
1.786042285408326658e+00
2.208165957724788631e-01
1.742590968788603756e-01
5.753864201475721307e-01
6.746512177566624757e+01
1.195104574801159281e+01
3.653217972473031538e-02
8.149706697982982140e-02
5.349279681418003807e-02
1.385082913779057956e-01
6.613653408311015794e-03
3.276837784388468844e-01
1.976545251969667349e+00
2.038904844048689546e-01
1.742807267805484561e-01
4.611318815073017219e-01
6.564524493823749651e+01
1.068841844639863581e+01
4.836182017228286834e-02
6.472439615119926493e-02
5.828033593962242409e-02
1.289651984822813013e-01
1.386293581145301400e-02
2.998752179913060645e-01
2.335131038023420924e+00
2.050213577705693180e-01
1.275680067479713353e-01
3.107228374789698377e-01
5.238074347624564808e+01
8.512154485536690629e+00
3.068335670643490207e-02
4.710783869460798828e-02
3.369074763271449197e-02
1.192220679703843572e-01
1.849511907159168611e-03
3.217605120113688488e-01
1.377452199219925344e+00
2.476835197292281965e-01
1.221266135581561968e-01
3.096907759556862816e-01
4.310459404379793114e+01
8.400213038748484351e+00
3.206116243443526276e-02
4.273866725347649775e-02
4.009815012710480492e-02
8.943551108262386140e-02
1.606174800291142960e-03
3.803054593236210312e-01
1.317170370853725458e+00
2.274832921768839000e-01
1.333236037339594615e-01
3.037443151060680857e-01
4.673078084339230998e+01
7.451198334318285710e+00
3.655301199780170568e-02
7.234273942167601668e-02
4.213641261297292051e-02
9.500257984174666215e-02
4.406183052773402116e-03
3.120561968916446549e-01
1.735466828097005143e+00
2.247957149379916364e-01
1.354742963020642010e-01
1.977234252140840642e-01
4.667065041202909725e+01
8.755390830072432351e+00
3.144320617671124418e-02
4.543853426134909779e-02
3.141484748727979559e-02
6.223031143211907312e-02
3.570770340113552793e-03
2.791642327615680430e-01
1.662608992881529302e+00
2.373661891355400011e-01
1.470466721682103517e-01
3.019983411218896130e-01
4.245667960671273988e+01
8.364390691936952393e+00
3.315495935390605498e-02
5.173658834974925042e-02
4.041645447721154555e-02
6.665085789927502335e-02
9.465086053043288887e-04
3.334043074642877857e-01
1.686159645862925327e+00
2.508047079453096240e-01
1.225535650929635567e-01
1.783608860849583144e-01
4.236297884813629366e+01
9.350124317751673075e+00
3.546610775105681068e-02
6.939023744289916917e-02
3.639314150309452128e-02
7.460797358350686193e-02
2.559853289870604037e-03
3.336056073038499159e-01
1.993544573058039671e+00
2.042547119587327931e-01
1.384235159747999044e-01
1.483275513957073299e-01
3.649796338634364190e+01
8.823491503808874370e+00
3.177493565735677733e-02
3.972087742307195413e-02
3.581944120209527849e-02
8.796685239651504118e-02
2.718078683465502583e-03
2.741464397333391312e-01
1.994442870002865131e+00
2.238210186204145913e-01
1.511430920230051600e-01
1.183305696172335247e-01
4.501414417257661427e+01
1.132348761004365478e+01
2.906430558283604193e-02
7.077015991982166243e-02
4.330266848676210534e-02
7.053913287631731477e-02
8.558352729243344937e-04
3.093164571342643110e-01
2.147713162857602498e+00
2.085333895150815187e-01
1.693891648339024281e-01
1.934217862101697549e-01
4.728279568724345694e+01
1.027702991152639456e+01
3.216418299584796608e-02
5.682862020497232713e-02
3.436267599869256839e-02
7.006853958666607596e-02
2.686077589017150415e-03
2.786950720277500682e-01
1.944686803849812184e+00
2.061772957153421293e-01
1.299309132724776605e-01
4.285877143381284782e-01
5.391679026709343958e+01
9.510032558568278560e+00
3.218273794632578455e-02
3.944947063632803230e-02
3.675336349410909809e-02
8.720312233202746899e-02
1.392553715329433207e-03
3.116092119521473025e-01
2.252326501307933881e+00
1.844850198721736390e-01
1.353219351915412039e-01
1.753424520288274779e-01
4.765645279143414115e+01
9.864169043778685975e+00
3.638963735632425034e-02
5.626147452212275357e-02
3.734157289894936976e-02
1.178637575385173414e-01
5.023322065354864953e-03
3.188366901683464816e-01
2.323496290298613598e+00
2.137353407698586727e-01
1.336543264119165186e-01
3.773942669801962357e-01
4.567960568337279170e+01
8.958864091881158842e+00
2.874273158892086052e-02
8.094640438222938661e-02
3.822418398054563959e-02
9.255804811371097507e-02
4.696876610002482556e-03
3.014674177138944033e-01
2.406959599332217703e+00
2.387158180948094899e-01
1.690869796014858317e-01
1.983850263996581598e-01
3.901542436627094190e+01
9.857160918199673105e+00
2.656536047246123994e-02
6.119499931584559266e-02
3.497155578471188714e-02
6.601427186102352962e-02
3.331579216447372923e-03
2.567240507337245070e-01
2.240057598936886496e+00
1.893087817540427265e-01
1.513318942271976719e-01
7.724851158217331815e-01
4.735265976915541586e+01
1.030763196059279529e+01
2.469923203733252401e-02
3.293027284257266790e-02
3.990436529330720905e-02
8.259281212008127981e-02
2.565748445599394696e-03
3.325597429466460864e-01
2.897558997599777975e+00
1.713375433685011828e-01
1.500319576749284400e-01
3.079520457242472253e-01
4.695895919071375602e+01
9.882829401468228525e+00
3.335166160083341547e-02
6.694756711146722383e-02
5.010810440237966484e-02
1.146685585646892019e-01
3.466927009364985639e-03
3.097634930720568613e-01
2.932232538869114613e+00
1.880622425675059217e-01
1.527374422386882091e-01
4.214849552981873582e-01
5.003787426664209903e+01
9.799370428188611371e+00
3.278946650980009425e-02
7.990453430509096566e-02
4.432050459982982138e-02
1.070128097697674308e-01
5.771519121164319158e-03
3.603863553664625741e-01
2.399270776887870049e+00
1.700615690174165362e-01
1.495639649153618078e-01
1.272016857426483682e-01
5.463823163232923719e+01
1.291682231969959993e+01
4.077486738768627134e-02
6.668326546579840530e-02
4.390968117703725887e-02
5.976309996145703213e-02
8.510067144548560253e-03
3.076306439353886368e-01
3.057206297739050171e+00
2.060181379516619060e-01
1.809993211255300771e-01
5.272202138015481543e-01
5.606175581688777498e+01
1.061445384105675771e+01
3.958259088415664456e-02
5.528999300368918346e-02
4.539149230451316325e-02
1.055004981210856119e-01
1.616990751514327598e-02
3.480997755823774797e-01
3.293059099955432778e+00
2.074819066770707265e-01
1.928319785832698363e-01
6.255111514664786210e-01
6.596830261517727934e+01
9.816947604792201076e+00
4.436341805453528075e-02
5.611286281119608893e-02
5.586435401421397523e-02
1.525394504906618931e-01
6.198255961589889916e-03
3.196749381815647828e-01
3.144962876191268020e+00
2.246675479981371237e-01
2.015932464331387231e-01
1.640309980333900963e+00
5.547669098942991184e+01
1.332221486618711026e+01
4.875879236222500912e-02
6.684995582961375526e-02
5.182576092345831525e-02
7.755722451975276266e-02
1.230397030192841197e-02
3.018441012950561775e-01
4.469685180294444393e+00
2.001585869260996131e-01
1.749681062472109860e-01
1.925531170263906633e-01
5.138242263058550208e+01
1.024409655867900781e+01
4.001602361030127952e-02
8.318094561743100135e-02
4.412732374191848800e-02
7.646581242810102097e-02
7.473052842249265984e-03
1.557034473889038217e+01
3.939849584177612218e+00
2.381066206991889755e-01
1.650799383070680471e-01
6.000293832470620092e-01
4.690604376808202147e+01
1.046350184062231747e+01
3.990310304849906814e-02
5.774862217328963904e-02
5.159193436683301437e-02
1.871541882407175283e-01
5.373410340082065278e-03
1.466933044111954132e+01
3.372000695038988916e+00
2.515423487460931029e-01
1.790457319328760399e-01
3.648278751651458651e-01
5.272209340957723356e+01
8.465116727589714785e+00
3.196240862054349624e-02
9.134193160646528198e-02
3.610059328042739685e-02
1.938620232254337494e-01
9.569059004889272566e-03
1.531168582061149586e+01
5.238688166313017369e+00
2.104692908998082868e-01
1.645520684048012716e-01
2.585881955766182738e-01
5.584427997184047143e+01
1.062900601034781900e+01
3.774569115672377767e-02
6.061439931906550949e-02
3.713793369339033618e-02
7.815289210317007129e-02
1.086250562442690401e-02
1.186957605364439949e+01
4.642590973770349017e+00
2.372978660508752169e-01
1.567872485972254537e-01
3.085716098422598419e-01
5.051941518994436819e+01
8.746988344710702634e+00
4.786098221981843759e-02
6.675557172044895016e-02
4.892201638681574483e-02
8.698226858028865194e-02
7.554516483803047806e-03
1.474211968421767516e+01
4.550899335807571333e+00
2.474352958817319093e-01
9.939142355872704337e-02
5.684786473676751717e-01
5.204707579077217616e+01
9.257729959549905630e+00
3.851501740578897742e-02
1.013540058395216714e-01
5.180285929790229976e-02
1.446002347672487309e-01
9.319826327397189025e-03
1.006350366688701925e+01
5.132013618802366395e+00
2.052559634997047910e-01
1.660388453019502886e-01
6.872513261311185007e-01
4.728908185517120444e+01
1.082203597617012925e+01
3.242484193114383156e-02
8.379335905303941789e-02
5.639687455387927539e-02
1.505667319422303307e-01
8.147009977917942999e-03
1.533527461076424814e+01
5.306715269921998157e+00
2.129829260115465028e-01
1.528030351266649045e-01
4.881848100441354976e-01
5.405711076294306139e+01
1.037946412075924485e+01
3.615266147479184733e-02
7.666705709739238261e-02
5.906449066673345738e-02
1.495020904836752151e-01
1.018486356103428560e-02
1.450239953342346588e+01
5.202764376754450026e+00
2.342968216747277344e-01
1.623147451903683702e-01
7.130107375355242416e-01
5.555410956380885779e+01
9.586902503681782761e+00
3.822924276882203043e-02
6.881275695107456902e-02
4.697835086052967041e-02
1.607001576861488701e-01
7.956580467877678864e-03
1.485104705396149072e+01
5.569059414787232321e+00
2.295809644710136987e-01
1.494028653446798915e-01
1.009863107278053285e+00
6.632001065494053194e+01
1.036208137255814776e+01
3.788840386065697036e-02
9.755722038622147152e-02
5.103924651271184165e-02
1.197903885122751921e-01
1.075835967691024866e-02
1.422964398692562682e+01
6.526394291552379379e+00
1.909643863274222697e-01
1.740891168597765992e-01
5.706338222011457795e-01
6.158585658379865180e+01
1.018892349572782585e+01
3.467978380909560177e-02
1.051496108292888643e-01
4.741025452536164198e-02
1.299500452973335884e-01
6.652120449015851492e-03
1.758413629983405002e+01
6.548184938731648863e+00
2.392755144500961495e-01
1.922290991867879884e-01
1.171559508410107364e+00
6.012200542167387596e+01
1.000458285634664790e+01
3.371849851755322897e-02
1.294952584210719293e-01
4.952477075347076069e-02
8.487886028812079153e-02
1.072673028757404994e-02
1.565170334852193967e+01
8.194375941756712578e+00
2.572131836523131043e-01
1.724919650527694803e-01
5.760968830892744252e-01
6.091420981614552232e+01
9.614116282907630762e+00
3.473922347793018811e-02
7.962125548908573214e-02
5.333930865438839958e-02
2.087452224312224547e-01
1.100563756827831370e-02
1.565052797934562712e+01
7.105120964751047374e+00
2.080104752240729549e-01
1.854280796543388010e-01
7.783359227796288193e-01
7.072578440858468696e+01
9.909232832663644075e+00
3.990021431312513328e-02
9.438865038520084794e-02
5.201680946821113372e-02
1.863603313748346257e-01
1.066983714597319333e-02
1.890003507941129968e+01
7.945877858114450909e+00
1.564735063237149004e-01
2.022149308596276618e-01
9.075623869834998914e-01
5.891786262918984107e+01
1.125479668667450106e+01
4.770132478462962844e-02
1.192757978207793085e-01
5.373605070044287779e-02
2.035974394188763970e-01
1.274563095449535340e-02
1.828525829815217918e+01
7.858287985791724495e+00
1.891411880405597101e-01
1.693176434798955854e-01
8.158972637746849665e-01
5.509909252840992622e+01
8.602317049547584915e+00
3.873982864556741595e-02
8.879723798472051455e-02
5.056884868284816648e-02
1.989055878649400033e-01
1.195112380820617486e-02
1.579388167955837297e+01
6.663837518544991845e+00
2.164669515147945034e-01
1.914029852945407228e-01
9.483585749257182895e-01
5.591162528354967520e+01
1.056958922311068960e+01
5.182249673664877238e-02
1.179028320855700640e-01
6.095801577421103984e-02
1.315108404622687410e-01
1.221072986789449762e-02
1.928695899731356889e+01
9.214191386431799913e+00
2.270012483199020659e-01
1.771012951934946567e-01
6.981756746143055192e-01
5.365178363017854934e+01
1.204747296766898934e+01
4.394295757495066818e-02
1.108016291218249377e-01
5.803971547554481053e-02
2.059981822053185141e-01
1.092046236840880057e-02
2.119216537219597996e+01
9.622650314700001317e+00
2.021846459270092988e-01
2.138651286922632344e-01
1.568981719938769670e+00
7.902692191112707576e+01
1.156001378652968192e+01
5.049134470662488411e-02
1.116390333373260269e-01
5.088238715450670024e-02
2.030836483171500062e-01
1.955047748128073068e-02
2.011250091311509536e+01
1.006163646616340124e+01
2.285362589148065837e-01
2.104048990547965348e-01
1.264982320647991765e+00
7.352025236005572140e+01
1.024734277449247166e+01
4.376822043858479006e-02
1.173215200110850343e-01
6.112161482145682390e-02
2.526000544898815980e-01
2.524040640996699433e-02
2.094497026833327880e+01
1.180399120415849801e+01
2.274740552163241891e-01
1.555402611894252107e-01
1.237707561703116133e+00
6.785164168264465445e+01
9.893660608156636727e+00
5.344343695439109088e-02
9.087147312154372769e-02
8.014969300742820491e-02
1.595557544199957545e-01
1.859405815280564672e-02
3.807148481166504439e+02
1.938387198792200294e+01
2.939329688875264024e-01
1.358827773674033956e-01
2.495483592905859638e+00
7.022756423077348131e+01
1.028328385004518353e+01
6.155858758517342849e-02
1.438156196036165513e-01
8.167973547568936621e-02
1.873438160127638419e-01
1.152834687136747825e-02
4.029733278037594459e+02
2.542704575251050869e+01
2.935405260688997986e-01
1.152014574849710565e-01
1.896007116334946563e+00
6.826370615671761755e+01
1.106522702541225378e+01
6.829107739633494267e-02
1.160852214899867063e-01
6.504911743324555407e-02
1.798600518329685483e-01
1.822272102214518574e-02
4.447883138231783846e+02
2.840711720716046074e+01
2.653310487569626730e-01
1.516804430069289833e-01
2.156223001881113266e+00
6.742375087153227753e+01
1.047954510445158505e+01
7.415995255770978234e-02
8.523037720726855948e-02
7.167394142008504110e-02
9.142175504339584979e-02
2.051688508233005456e-02
4.175693912006628921e+02
1.851366882746152598e+01
2.541246326364263175e-01
1.278988227403728417e-01
1.793636185378895798e+00
6.844521701030591032e+01
9.266161750208599557e+00
3.913859873519522081e-02
1.255378367669379991e-01
8.152597234013506111e-02
2.029778571819262356e-01
1.774960675186484579e-02
3.404996169752285482e+02
2.238563414467305890e+01
2.840948619935686481e-01
1.691717672029902919e-01
1.511417788188079481e+00
7.493135649094020323e+01
1.141546071130572848e+01
6.503616250618007855e-02
9.932788417549390236e-02
8.294703893359653413e-02
1.502482558192083928e-01
2.003855254963375979e-02
3.700489890226281773e+02
2.165055209589747420e+01
2.744301418513105384e-01
1.275607683974597228e-01
2.140199835633078695e+00
7.006958927086209599e+01
9.976096012347781539e+00
5.302852833473256644e-02
1.245180357915639940e-01
7.198155780639467483e-02
2.182761809823710875e-01
2.040929473277038747e-02
3.443902415186966550e+02
1.513549406371302730e+01
2.339646559643465129e-01
1.373548827542111495e-01
2.092303809429436168e+00
7.177946007484986524e+01
8.783363513957379354e+00
6.668590053079845315e-02
1.363061641933449863e-01
8.378261838706213549e-02
1.499598049324208371e-01
1.202378792695964031e-02
3.691230725150585954e+02
2.600073868660258469e+01
1.992803839638753183e-01
1.714669862976241355e-01
1.467704602100334377e+00
6.293275978463513098e+01
6.961506599794229366e+00
5.432960219747717118e-02
1.252544041661067253e-01
7.179128305117764286e-02
1.557106945873543147e-01
2.357157837380147516e-02
3.793468184484397625e+02
3.142239445922006524e+01
2.731573547420914627e-01
1.587025671263851134e-01
2.304552977169167072e+00
6.623297962609832723e+01
7.564730559179432490e+00
6.457676615438309731e-02
1.362526211767418061e-01
8.286311724430185655e-02
1.460198472573873141e-01
2.590442218183302420e-02
3.959731300828724443e+02
2.437891452847495088e+01
2.546969754064322133e-01
8.321399156444808654e-02
1.296637220717856032e+00
6.820585265265228259e+01
1.075460948124510629e+01
5.409023144432040936e-02
1.394192934488292512e-01
6.630969536236283601e-02
1.999077081706230330e-01
1.509398370039289304e-02
4.095476427334921823e+02
2.888605713080600523e+01
2.889689526606857850e-01
1.595874108910075584e-01
1.110885767619381737e+00
8.632150111949826510e+01
1.065672670891738250e+01
6.469638386952432374e-02
1.035050007155232238e-01
7.187064799179604391e-02
1.876406047803375610e-01
1.860373036207756126e-02
3.280490257848163651e+02
2.999768225563441959e+01
2.780791649671242038e-01
1.312868842017065329e-01
1.464192285781439562e+00
7.335241885481170243e+01
8.391886758710372263e+00
5.336358916800117841e-02
1.733791783723488411e-01
7.025383239893470688e-02
1.647009773993299842e-01
1.131277652867198995e-02
3.380451580057803653e+02
3.247447219616459790e+01
2.469286444785965262e-01
1.542162323212580843e-01
1.875426226819334463e+00
8.398311061271249400e+01
9.533947735295372539e+00
4.816128768881645233e-02
1.708077618781859153e-01
6.743814309471593549e-02
2.134055128123499290e-01
2.275994452258068429e-02
3.626807438128318495e+02
3.387410457361673366e+01
2.750897259128911032e-01
1.095617776992357795e-01
2.229391767819361547e+00
7.656775413735333302e+01
1.038607065418524478e+01
6.979180003461431248e-02
1.795087290972182392e-01
8.197475100419138183e-02
2.125787627056171247e-01
2.354698133804741106e-02
3.838328448140625824e+02
4.455262187854038558e+01
2.429159731590191662e-01
8.891208188944059454e-02
1.950574703619003092e+00
7.763100641525761603e+01
8.159147913151084452e+00
6.197544146640457385e-02
1.282890408997676146e-01
6.715023082116579334e-02
2.084706708016212384e-01
2.336066781380624971e-02
3.777669100540701947e+02
3.859785050816181240e+01
2.183542904457159151e-01
2.058054816896566774e-01
2.077017388493427763e+00
6.827624685526663484e+01
7.175318659459482440e+00
5.731527224290203226e-02
1.140356273270653753e-01
8.428424796714004130e-02
2.010446155207509522e-01
1.740659835656976906e-02
3.771121949881367073e+02
4.862739502973492733e+01
2.975345977197405012e-01
1.226738538208378831e-01
2.298108703523508378e+00
7.732642003689602461e+01
8.600795810697237087e+00
7.953469248466253638e-02
9.228204333107123403e-02
8.424959857897236504e-02
1.831572914851253009e-01
2.234756934627787212e-02
3.767460322378743740e+02
5.345141097127754648e+01
2.772716496450987611e-01
1.491438656561565324e-01
1.717826089058628325e+00
8.904053772422858515e+01
1.032465279694956628e+01
6.807744570635661241e-02
1.196156996353415491e-01
6.844987235681740390e-02
1.911036854692801656e-01
2.476959620531937051e-02
4.282641722911864690e+02
5.361959575832106850e+01
3.196971217327469472e-01
1.616114779304197446e-01
1.981433259961988824e+00
7.734506727873856846e+01
1.075549595937832592e+01
5.753045439408543960e-02
1.597331405533885529e-01
9.342792062053127677e-02
2.019162639190958675e-01
1.951563951391820789e-02
3.797193065834038066e+02
6.312068276412824730e+01
3.317326749332575875e-01
1.939502628847019350e-01
2.495695936800464310e+00
1.067291444241670888e+02
1.010771002679610575e+01
6.577851772339110559e-02
1.084691331341367665e-01
9.679580303232013239e-02
1.930409648320155491e-01
3.320717755757937595e-02
6.661338147750939243e-16
2.623265498614730973e+02
4.003063342675557967e-01
1.009567182681008618e-01
3.529787571184903161e+00
7.878370906450166444e+01
1.107968032266379055e+01
1.099761112512112615e-01
1.569258121885930835e-01
1.316988233523199714e-01
2.829185507331949956e-01
3.280617638451356621e-02
6.661338147750939243e-16
2.603296287894424381e+02
3.661222228581815785e-01
1.051072182779948655e-01
2.313507128319740147e+00
9.467212402886958955e+01
1.037760183761293753e+01
7.902903333922049744e-02
1.115696487773477213e-01
1.223526004043899301e-01
2.185887137395816360e-01
2.842286699336041625e-02
6.661338147750939243e-16
3.253622540235865586e+02
3.733319994701256306e-01
1.226866112325668279e-01
2.594001359256463246e+00
8.316725496919713123e+01
1.418296982153706765e+01
9.338226975531795093e-02
1.110609293604469944e-01
8.928322287299432503e-02
2.045144708732230809e-01
3.480034245995541897e-02
6.661338147750939243e-16
3.798492728226586905e+02
3.618166244542308507e-01
1.922647007497900185e-01
2.662898594762018512e+00
8.319433360011569789e+01
1.146186519184666075e+01
7.170910252173219590e-02
9.115916712319602211e-02
9.930111460490782804e-02
1.795362294887875576e-01
2.718029778311238306e-02
6.661338147750939243e-16
2.843173239887643717e+02
4.422326474624964088e-01
1.589546202530727481e-01
2.901209832807548850e+00
9.006769139754717912e+01
1.189135911423465330e+01
9.524066592632905726e-02
7.358160820644744915e-02
1.113866882299613253e-01
2.132231433614833471e-01
4.203920627230522955e-02
6.661338147750939243e-16
2.479874029436612943e+02
3.198831490598996186e-01
1.807488560478333339e-01
3.769124891641477237e+00
8.957796624566525168e+01
1.183982972520471755e+01
8.952686567231279979e-02
9.673039041116879289e-02
8.248608057121942227e-02
1.958666678261803407e-01
3.081498322986233468e-02
6.661338147750939243e-16
2.551912510901839539e+02
3.194668068403355154e-01
1.531252501825234591e-01
2.495382423390226645e+00
8.717581875132916025e+01
9.904014382330574406e+00
7.792837285361410571e-02
1.579709816377649345e-01
1.011553907896692167e-01
2.154449563127824596e-01
3.145235170312720568e-02
6.661338147750939243e-16
2.685116362279979398e+02
3.703787621458367041e-01
1.687065068498071474e-01
3.905200600214493001e+00
8.130153926914269391e+01
1.096827406467351196e+01
9.659268036326726370e-02
2.424482070180864757e-01
1.066888745526677201e-01
1.246809170000792860e-01
1.953351040240154310e-02
6.661338147750939243e-16
3.554542014282870355e+02
3.725077770881111694e-01
1.105202193675423744e-01
2.637945097568852315e+00
9.505956577500339222e+01
1.259594562721675537e+01
7.218001600152378072e-02
2.535598994231479941e-01
9.944935462718576535e-02
2.981914101643053927e-01
2.555153484390939450e-02
6.661338147750939243e-16
3.444067567555775895e+02
3.635437215551629020e-01
1.455627521416859582e-01
2.005976964972193688e+00
9.107218298702319714e+01
7.000373858761679280e+00
9.363136740091032584e-02
8.063514393651687040e-02
9.798854590546740573e-02
2.970327458199711335e-01
2.676509150193360706e-02
6.661338147750939243e-16
3.089528376437252177e+02
3.900067837264742932e-01
1.568102392437268622e-01
3.745937062517495253e+00
9.963560162503337381e+01
1.384165716502824139e+01
1.023990700321967540e-01
1.380363943874060029e-01
8.623058185969689760e-02
3.392708344139163668e-01
3.514020015218338039e-02
6.661338147750939243e-16
2.987399560456283325e+02
3.814999161101056413e-01
1.426008136694497663e-01
2.582631096279476957e+00
9.885180241476972185e+01
1.287145071386455797e+01
7.464745378441613177e-02
1.948626594672202283e-01
1.303664382031732849e-01
1.821836627103462225e-01
3.648694758397852400e-02
6.661338147750939243e-16
2.905658584307089427e+02
3.990421307365812909e-01
2.105525145366171358e-01
2.906953461586561094e+00
9.968446635133312839e+01
5.268415406268220025e+00
9.433484437709425963e-02
2.384498979775135641e-01
9.444347485522081032e-02
1.500070628078531976e-01
2.622410994699782630e-02
6.661338147750939243e-16
3.816399771530568046e+02
3.797518440027990438e-01
1.658398441472833940e-01
3.170479938937520448e+00
8.659367963007264279e+01
1.594094141680334431e+01
7.247519105940498918e-02
1.558358532005482966e-01
1.141976614699509035e-01
3.418351245990941534e-01
2.148264347087593812e-02
6.661338147750939243e-16
3.713985451332109733e+02
3.826664028773954507e-01
2.076828448229139368e-01
2.761803546945442722e+00
1.085376322766498589e+02
1.136980559547198411e+01
6.980176324800377308e-02
2.332637460112121641e-01
1.055240517742338097e-01
2.262696938547016368e-01
5.037809114419395523e-02
6.661338147750939243e-16
3.847992365379025159e+02
3.514807709238906841e-01
1.205203108041361382e-01
3.302657384649792416e+00
7.078014737891466268e+01
1.150849482632708032e+01
6.371953416479457510e-02
1.494423734272752047e-01
1.014707367918396969e-01
1.644130612415184156e-01
2.707351516038739372e-02
6.661338147750939243e-16
4.138046122362802066e+02
3.413237620778044046e-01
1.907175873312011438e-01
3.293245346618713487e+00
7.135633198106293662e+01
6.804070777360616162e+00
1.019928963622829671e-01
1.032326111067218971e-01
1.128266792757397219e-01
2.437088476152174943e-01
4.314659199446695820e-02
6.661338147750939243e-16
4.214811616252396789e+02
4.279234270905601933e-01
1.775400495800587009e-01
2.196821808886750382e+00
8.891918585286704513e+01
1.719580000397347064e+01
9.525767554934669312e-02
1.492484847433767081e-01
9.967343619944263322e-02
5.075791695718350621e-02
3.746097282433846071e-02
6.661338147750939243e-16
4.134319272707674031e+02
3.303329447732778479e-01
2.209159822950370056e-01
2.645895429042186553e+00
1.005097402129234041e+02
6.053887078611719375e+00
9.882079651790071084e-02
1.106114419737422166e-01
1.300381146567220758e-01
1.854269496479383217e-01
2.854116204865470713e-02
6.661338147750939243e-16
4.801157547920656725e+02
4.727539864297418126e-01
1.860307060920372846e-01
4.554474413171723413e+00
6.734500367796792375e+01
1.542167346730458277e+01
1.422122126106769024e-01
2.446889744933386512e-01
1.182174988678223876e-01
2.360797752067027300e-01
5.442980191022415981e-02
6.661338147750939243e-16
2.022059804028494767e+01
4.897876493328705561e-01
1.811139442302814317e-01
4.224905566758942577e+00
7.823414631603023395e+01
4.756937243200122012e+00
9.756589296486981033e-02
2.261894272399195271e-01
1.709058793393587461e-01
2.595343611689572838e-01
6.925444629528579310e-02
6.661338147750939243e-16
6.209796148840570140e+01
5.014356533410484484e-01
1.356593677836709921e-01
4.356802753839421172e+00
8.040480052054606119e+01
6.651344837615749128e+00
7.979425773029071023e-02
2.840097990335126443e-01
1.568834836638956509e-01
3.397678659630652409e-01
5.516963221275017482e-02
6.661338147750939243e-16
3.949021950574071838e+01
4.427628570473784442e-01
1.791229028720413008e-01
4.613346692307599639e+00
7.003483970327741304e+01
1.993999171448872954e+00
1.073405219692030316e-01
2.150222417371002726e-01
1.281667261963196358e-01
3.779211264950844695e-01
4.129062771732230908e-02
6.661338147750939243e-16
1.533664387043713077e+03
4.420297654237838048e-01
1.942328063992870835e-01
3.947156200620669075e+00
5.321807104485927908e+01
6.678961292854475040e+00
1.238879744788977250e-01
1.689797329655656766e-01
1.818291387388877856e-01
2.788355046464717768e-01
5.924515039141274586e-02
6.661338147750939243e-16
6.737818997033356936e+03
5.439391120203456165e-01
1.956233616356900518e-01
3.889208709423363608e+00
5.808931430220827963e+01
5.457336302871032885e+00
9.952340906379163188e-02
1.833645194367649334e-01
1.288683946437629013e-01
2.669484232916164990e-01
6.295731050319246236e-02
6.661338147750939243e-16
1.635849242724822398e+04
4.902239817102095887e-01
1.635500908178487145e-01
2.792864961569345716e+00
8.275089287649969094e+01
1.287527111696088511e+01
9.815653622181932936e-02
1.766981048594565840e-01
1.640461324161183176e-01
3.513839440298228700e-01
5.859112029314084841e-02
6.661338147750939243e-16
1.249475845389915958e+04
5.139931963657281555e-01
1.531866199357372893e-01
3.719213887219183778e+00
7.050464887485414067e+01
6.563148702724062922e+00
5.342926673665485127e-02
1.834795401014039373e-01
1.385104505322519997e-01
3.175099234002170534e-01
5.574870744764112013e-02
6.661338147750939243e-16
1.674954444353084909e+04
4.636906073530825956e-01
1.495387886367629815e-01
2.114660893435136746e+00
5.584123433285819260e+01
1.451586695801732496e+01
6.825972507793150179e-02
2.712351309237916452e-01
1.553206167598275289e-01
2.862589665999175081e-01
5.828271568653976831e-02
6.661338147750939243e-16
2.555971509982039424e+04
4.574479291880637621e-01
1.540992464560768382e-01
3.913668990676166359e+00
7.979520256144378720e+01
7.756444072761369490e+00
1.659316040491921329e-01
1.883541715987010201e-01
1.471237511024010014e-01
2.134511077410297941e-01
5.878777578042948537e-02
6.661338147750939243e-16
1.796016114520460542e+04
4.521937913616037585e-01
1.386378179410383826e-01
3.917062415817249121e+00
7.534350326530048392e+01
7.859209751420305423e+00
1.153736996641659268e-01
2.535560073711085605e-01
1.622860521494772501e-01
2.848868339391310012e-01
4.592664328249352473e-02
6.661338147750939243e-16
2.210257725104422207e+04
4.541917211224441031e-01
2.307652096391865360e-01
4.244469955652239612e+00
8.487684692606070769e+01
8.202043447616249594e+00
1.257862999493744860e-01
2.000834277220575885e-01
1.802953560009402101e-01
3.048603617396214993e-01
4.699543317379595297e-02
6.661338147750939243e-16
1.869649667306177798e+04
4.205478606725620017e-01
1.119342702669234718e-01
3.337964998981958420e+00
5.492291760612262408e+01
1.289854281033526107e+01
1.396412985611913127e-01
2.433824659406208790e-01
1.587562207835018224e-01
4.484286865652241660e-01
7.390785908447058961e-02
6.661338147750939243e-16
1.723228877166584425e+04
4.680269010165565846e-01
2.167485974610508515e-01
3.507284810484865289e+00
8.181052591558919573e+01
1.432626922461821195e+01
1.332924558138572357e-01
2.337676883760061997e-01
1.243764723751893536e-01
3.267290098291176781e-01
5.218312741437323293e-02
6.661338147750939243e-16
2.182461816464048388e+04
4.976371248745465881e-01
2.250961047270775561e-01
3.617244616304267968e+00
5.956805727470192835e+01
9.073601660716089867e+00
1.126813708320768409e-01
2.901462964692001489e-01
1.753927768934387954e-01
4.066458494887278952e-01
5.154369711878721561e-02
6.661338147750939243e-16
1.487151167481087214e+04
4.903651938875761562e-01
1.633982200310782895e-01
3.444956448390516623e+00
3.905968444793271743e+01
8.290650953089402364e+00
1.813282601670635485e-01
1.827140921711632171e-01
1.816016132759631363e-01
2.815026163715956264e-01
5.326709264091567669e-02
6.661338147750939243e-16
1.300089128643309050e+04
4.313211144363670035e-01
1.334896991324859006e-01
3.898006050197308614e+00
5.078492857069220179e+01
8.195786351316620255e+00
1.217300446824569893e-01
2.107456168166805810e-01
1.587611567740728202e-01
2.943121176767711789e-01
5.591002957482292535e-02
6.661338147750939243e-16
9.797829426566173424e+03
5.265967353861482625e-01
1.360793808862813814e-01
2.610134915437098524e+00
9.008123946890758305e+01
9.679804203267012852e+00
1.320924370745083787e-01
2.548578994915734475e-01
1.589493212657075438e-01
3.257489697856539856e-01
6.362612635971807984e-02
6.661338147750939243e-16
5.880229209921743859e+03
4.706344717585670412e-01
1.270559983157110440e-01
3.799867751289323525e+00
6.251927704346619663e+01
8.845765206488085397e+00
1.203273735567623182e-01
2.465276607987206270e-01
1.593893728980717572e-01
3.208684671724221227e-01
5.031988187248888356e-02
6.661338147750939243e-16
1.616263296973675278e+04
4.549862373118936376e-01
2.051580756752220402e-01
3.637304880662985962e+00
6.927281330598800935e+01
7.343415372735417002e+00
1.298661490655767248e-01
3.274965244711850465e-01
1.475621785401859676e-01
3.068678588658469431e-01
5.545871723957957605e-02
6.661338147750939243e-16
1.073639708896790398e+04
