6.865534377057360554e-03
9.530247293010078377e-03
1.263573983502143568e-02
1.718329297416327020e-02
2.481772834305381176e-02
5.755143553500538522e-02
1.307925799638235409e-01
2.621203570061333976e-01
6.445863003892928766e-01
1.252091955564206271e+00
2.763733285001497286e+00
5.690173875327356079e+00
1.151203661211260254e+01
2.294261812478774587e+01
3.705598532858641647e+01
5.692393658350638930e+01
8.115616062029589273e+01
1.024127023254896613e+02
1.191871628935346905e+02
1.360967154548708322e+02
1.914437352888650546e-03
3.649012835164175753e-03
7.263907633493878017e-03
6.597780249518681028e-03
1.497852543482145957e-02
3.018206904806773616e-02
6.700034174067334702e-02
1.802410588215178355e-01
4.290576084340256280e-01
7.694449729900415536e-01
1.736498917621513538e+00
3.712439626189023567e+00
8.048738468865010987e+00
1.701296148168053435e+01
2.829454993867599555e+01
4.694228811587916539e+01
7.066072850257356208e+01
9.513542829001983137e+01
1.117912633862218570e+02
1.314074336348011514e+02
2.283257049247789782e-03
2.885617500134262606e-03
3.462765379562045016e-03
5.841187298359615948e-03
1.056254432537591555e-02
1.181783451588271430e-02
3.215743528146420421e-02
7.334622347187327862e-02
2.054472368632934420e-01
3.132271886744173450e-01
7.914122580577317434e-01
1.669031158874414222e+00
3.906083220316096671e+00
9.034990497204145043e+00
1.573154960933134205e+01
3.003697468172197205e+01
4.968903760566492878e+01
7.604959124870069331e+01
9.364944799315247792e+01
1.171837933147725437e+02
-7.895010650784112629e-04
2.515847548400892281e-03
1.952160174275710492e-03
6.507780352240571465e-04
6.713922632735574644e-03
5.907256891221276084e-03
1.015749490673481699e-02
3.049871094660640963e-02
8.373960345702326225e-02
1.244849161250134312e-01
3.162529135990510554e-01
6.447590659879078867e-01
1.632794541903025198e+00
4.036716363333450630e+00
7.300352088374687298e+00
1.617771689151719627e+01
2.899017738649379794e+01
5.162561655615387934e+01
6.824960123981232130e+01
9.581755612552886703e+01
2.173965928377993330e-03
4.131036887170214068e-04
2.051130818312428637e-03
1.692355414566497655e-03
1.122968540026564278e-03
4.452465894913830609e-03
7.567461041396090701e-03
1.581371405268168495e-02
4.073259166809810317e-02
6.915264214214668359e-02
1.661985777865425395e-01
3.456128498926562820e-01
9.053022815638134269e-01
2.212665571064592829e+00
4.157392829189242356e+00
9.943159864110699075e+00
1.838891906641235252e+01
3.606762557852411533e+01
5.033652847377263129e+01
7.787900695637063109e+01
2.904325683890873755e-03
5.088930251590580156e-03
4.955758902950111594e-03
7.532799723472111825e-03
9.188691847611356670e-03
1.227326764891849969e-02
1.546613780708414564e-02
3.651939753455556853e-02
6.366790530789838420e-02
1.087813376912105251e-01
2.634254988706858369e-01
6.030786679784884141e-01
1.324943027506676474e+00
3.279263333765057187e+00
5.984452058889607962e+00
1.297705682704582841e+01
2.391985575074789594e+01
4.321329804031054067e+01
5.998159914124309466e+01
8.566054494783249140e+01
3.684874589736317207e-02
4.773045035035046457e-02
4.476092698965537103e-02
4.464933030091217114e-02
4.440471308620828894e-02
7.070484830453978298e-02
6.336258403568205411e-02
8.898913053621647362e-02
1.942449134784250131e-01
3.566168132709587879e-01
8.413739774216001388e-01
1.559393485620496511e+00
3.163816573253531494e+00
7.080379642959007569e+00
1.292225220984459888e+01
2.367753522504232322e+01
4.088099636058462494e+01
5.836583930310544588e+01
8.030858629640705715e+01
9.862270978085676632e+01
1.443634049969651223e-01
1.635049018533254739e-01
9.228583796393564909e-02
1.064833252182256773e-01
4.919619963659783990e-02
2.175941261706546559e-01
1.237342954369853448e-01
1.200599787879663427e-01
2.224126042493818900e-01
2.106459814619050519e-01
2.530663773072002742e-01
8.798086003715694936e-01
1.339224317041474599e+00
2.909429228768467546e+00
6.090534913667408290e+00
1.113001258053598796e+01
2.193548656558708387e+01
3.447953909272923312e+01
5.584945147293099410e+01
7.661048280386378906e+01
4.032225201243613832e-01
2.195499107026856189e-01
4.077855361501957487e-01
3.883675368665990280e-01
2.860864092653460644e-01
3.652028227089618717e-01
2.001878681512027913e-01
1.861718247963085604e-01
3.386233649678800361e-01
4.625487274599811571e-01
3.801684911894480656e-01
6.702948620407042091e-01
5.550807155432525564e-01
9.097120503135590619e-01
1.313798352183372709e+00
2.004464020611858466e+00
3.224117867170828156e+00
6.400744412848784926e+00
1.337299586115794625e+01
2.118711699174492580e+01
9.148427572104782524e-01
5.774615768985762454e-01
6.048980467656435156e-01
4.686636531416871754e-01
8.652426587208867925e-01
9.524948377914097541e-01
4.532466057886989641e-01
4.502743546235262739e-01
5.626068919605677898e-01
7.044334814318460314e-01
8.223407436423684214e-01
7.535914160426000485e-01
8.591101066133410846e-01
7.443076630094088708e-01
5.242878195919843387e-01
1.062276619586648874e+00
8.649803973443129790e-01
6.827389530857010946e-01
1.063204775404869240e+00
1.485441598954067244e+00
2.182436558260815174e-01
3.078806429846542847e-01
1.642553129495013253e-01
7.467718828685974974e-02
2.582356866769942028e-01
3.616827620312039748e-01
4.724652368704539418e-01
2.335751987036530919e-01
1.511142948995188862e-01
3.542916821314235909e-01
1.237876757063781918e-01
1.107284414559592256e-01
1.729739482370462045e-01
1.513221655017105149e-03
1.558830128445833942e-02
-1.391298262093414477e-03
1.925600175752606501e-04
9.506077904504764420e-03
-1.989805567509392650e-03
-1.419699573210664225e-03
