2.372961577491560642e-02
3.053720280307522378e-02
3.997374429250127176e-02
4.044919368071571431e-02
4.461892069564939167e-02
5.969898314517747828e-02
6.722434629740628442e-02
5.289510452776804289e-02
8.515427954322969673e-02
1.028839120202735824e-01
1.115742855995132121e-01
1.613248178712493597e-01
1.966325337958259312e-01
2.070060608157807402e-01
2.726549283432223580e-01
3.321298034449849945e-01
3.600430474731571850e-01
4.726834525834259226e-01
5.204522535757263313e-01
6.068131097001316920e-01
7.444312671411374982e-01
8.727039347473425357e-01
1.081750964540159954e+00
1.279209050153609084e+00
1.442003034708188691e+00
1.894894475703440495e+00
1.926973987530426813e+00
2.710410161151062702e+00
3.287844593134066962e+00
3.841173662541117473e+00
4.443528893489873816e-02
5.033165085225734664e-02
4.803808072076309887e-02
6.546669726784655474e-02
8.076533761886836582e-02
1.061403061209666987e-01
1.376620259250945222e-01
1.151822240982910694e-01
1.408385971018875915e-01
2.065422568037948992e-01
2.560579251900619302e-01
3.553880578153809644e-01
3.596049574485003508e-01
4.195037306205046113e-01
4.990410055331410133e-01
6.354806874150563667e-01
6.502583420556690141e-01
8.977248301754737758e-01
1.045678332893814400e+00
1.234862011691356898e+00
1.557589562701605868e+00
1.721696648206379576e+00
2.038961077481940887e+00
2.498115821513082757e+00
2.679646778806366036e+00
3.662402465007076557e+00
3.694116761084053735e+00
4.945727108826782903e+00
5.952873543072890072e+00
7.216832109273326523e+00
7.540040728706767781e-02
8.478938479872757950e-02
9.084632798779102014e-02
1.168071292953926782e-01
1.397296048093299159e-01
1.689435409284673617e-01
2.358471111833366218e-01
2.059222668094732034e-01
2.474085827231320422e-01
3.507509823263081361e-01
4.723655543538107793e-01
6.728995690127062002e-01
6.456384906861277750e-01
7.426894763104254782e-01
8.691888414681148145e-01
1.109651337033240370e+00
1.118358092931304615e+00
1.620700695941412750e+00
1.828026632011700015e+00
2.341057345070865381e+00
2.819775592052283564e+00
3.050630393619144343e+00
3.637379482408232612e+00
4.369996340710963878e+00
4.639396787739282324e+00
6.411082919953388526e+00
6.384665699681591811e+00
8.418622514757373665e+00
1.011737085668489122e+01
1.236543262572044988e+01
1.155336198798936759e-01
1.637460789389352800e-01
1.515223958795368919e-01
2.050302496053622026e-01
2.323760545385537557e-01
2.949459255173658145e-01
3.626058268065829315e-01
3.412680535342924038e-01
4.033573896224460498e-01
6.168530697403525886e-01
7.965183503310466762e-01
1.175040429644349516e+00
1.072658674155694269e+00
1.234144945679714223e+00
1.426095232238145272e+00
1.901477753425722117e+00
1.826027877474506456e+00
2.752078058125403182e+00
3.023525663367595762e+00
3.939379922345594309e+00
4.722911271772917807e+00
4.979279091323618012e+00
6.001951795211779128e+00
7.064213134628499979e+00
7.510351120868310026e+00
1.021864810475399921e+01
1.016235637119357271e+01
1.314421748429777814e+01
1.575767204608752614e+01
1.909965214838585723e+01
2.783905805884869800e-01
3.920351853028177791e-01
3.584531515122189593e-01
4.918545313816828357e-01
5.231528965740384063e-01
7.250486971368600431e-01
9.118840447653951964e-01
8.124850916122554612e-01
1.001677095128755024e+00
1.428847187693583543e+00
1.834591200557213142e+00
2.641650581840093714e+00
2.555899046347042791e+00
2.815731842359735726e+00
3.272136722885282900e+00
4.280066540666907393e+00
4.166833923310674592e+00
6.107232449994349111e+00
6.728228678916735817e+00
8.627351362988733285e+00
1.005695014334396831e+01
1.061854510266722329e+01
1.268883990690208385e+01
1.480278962808839083e+01
1.545954867630790019e+01
2.045506143967740087e+01
2.040490334853175369e+01
2.542923721329242071e+01
2.956307348274042468e+01
3.463880877345469855e+01
1.635171924461468418e+00
2.190609693205717523e+00
2.207169881383999499e+00
2.776683418452298380e+00
3.073806911954762189e+00
3.892978096437222923e+00
4.980137284521063634e+00
4.666602220663003564e+00
5.576457596330961053e+00
7.579814497061553524e+00
9.374302779011392417e+00
1.184547168548961160e+01
1.228340339398124570e+01
1.397942320081937773e+01
1.563941013489297838e+01
1.921459065982112335e+01
1.968600808063235874e+01
2.513175721501775683e+01
2.760166448693833985e+01
3.165910416280116735e+01
3.572049163867926325e+01
3.840447471901548226e+01
4.312906879646883596e+01
4.822754622542775138e+01
5.042732153506675274e+01
5.900610153467969354e+01
6.018651932191412612e+01
6.842720016286698126e+01
7.394183882334471036e+01
7.924900075434720748e+01
1.142845144836647719e+01
1.297825113104463313e+01
1.463595401822117381e+01
1.623984447807211851e+01
2.028314659334626668e+01
2.255738801031393592e+01
2.606457069333878351e+01
2.769188764694520799e+01
3.077793952106129538e+01
3.448006310917942585e+01
4.073250941614309539e+01
4.435316096017821508e+01
4.855792137111914997e+01
5.409103645379430247e+01
5.907018584345714629e+01
6.248014892472197346e+01
6.790888806085399665e+01
7.214786832629552293e+01
7.709181883187682160e+01
8.301825361369819234e+01
8.594449638311331796e+01
9.273571402399937824e+01
9.699720377500406698e+01
1.014224137045942484e+02
1.046222844246045014e+02
1.102918502661378568e+02
1.123461764881266589e+02
1.182937020587277459e+02
1.222164806928451952e+02
1.244884667021536586e+02
1.224104817955253743e+01
1.427450249401804783e+01
1.574727872917829430e+01
1.767263178208758490e+01
2.381523960635541215e+01
2.407981761967235457e+01
2.936766588689251734e+01
3.182600073224422843e+01
3.481159711704300719e+01
3.933132936445759498e+01
4.479705872375306086e+01
4.888325653745584276e+01
5.306773351067224809e+01
6.025613637335241179e+01
6.618880752118450062e+01
6.765463868604834374e+01
7.651939385499272817e+01
7.996800325326277914e+01
8.578253776318619828e+01
9.196662041799574183e+01
9.590005243684075253e+01
1.025550107500522756e+02
1.077287166481480227e+02
1.123070769141724696e+02
1.157904709067326223e+02
1.233437877448209292e+02
1.248625474988291444e+02
1.310091678834178879e+02
1.357727623841770423e+02
1.379090284361616909e+02
4.859360315951201770e+00
5.666159193516635995e+00
6.820096357043522239e+00
7.699678682053516354e+00
8.400529931748446089e+00
9.327020407359409404e+00
1.149246467999360277e+01
1.315133010003754066e+01
1.511380988825737326e+01
1.530647064040199190e+01
2.204914654981898181e+01
2.283586458885013570e+01
2.535991740593669874e+01
3.146065939953964374e+01
3.416959010739933689e+01
3.682319864280491117e+01
3.881784066852409154e+01
4.339032709644732222e+01
5.182471560373706154e+01
5.382859346226450725e+01
5.969777240900720017e+01
6.723908961902735371e+01
7.158008900864852819e+01
7.776326752844855150e+01
8.049042251513925805e+01
9.171565381259173932e+01
9.383858218107374682e+01
1.007553230063979157e+02
1.068394605717839596e+02
1.110161567636869933e+02
6.066606066448081425e-01
1.268417939473602818e+00
8.978469167512834748e-01
1.076330534153574048e+00
1.251569838199587448e+00
2.140371229785517748e+00
1.609535135388571847e+00
2.204063088317484098e+00
2.147334915335604055e+00
1.374276287695600729e+00
1.914379217655592713e+00
2.627260507886930441e+00
2.429111318111266904e+00
1.879063710534505605e+00
4.386870108229835807e+00
3.281803093703818064e+00
3.955315080911762315e+00
4.668201385539531678e+00
4.067162720499195139e+00
6.373010863516595847e+00
5.988474717776771428e+00
8.002655322743219557e+00
1.014060071632827764e+01
1.171679105886674499e+01
1.076742380467466020e+01
1.309028303676861960e+01
1.741628150085884030e+01
1.740609079733994946e+01
1.943417246161239831e+01
2.087939998253940388e+01
8.832893313469810659e-01
7.412671688397451941e-01
7.891912920412564869e-01
3.903291073702505054e-01
5.634659728065131157e-01
8.458986364509044620e-01
6.955932374023646725e-01
1.016078092301442748e+00
6.030106615280643734e-01
1.035092183271314026e+00
3.668742672753168566e-01
5.061981181657344564e-01
7.936561131306504313e-01
4.637744897363319518e-01
6.344601061621076843e-01
9.044056252819416830e-01
7.263454543893317350e-01
6.331704862061841022e-01
8.871510489716470937e-01
7.399525065598737683e-01
4.986657668805364318e-01
8.856817780156631681e-01
2.630214610579841295e-01
7.891525980413817143e-01
6.104839067189530288e-01
7.445767912928275001e-01
8.406270087154368298e-01
2.211003216344423206e-01
1.327182999311119715e+00
1.129145848204561320e+00
