1.618286669567525482e-01
2.124739306283423557e-01
2.046566026782180303e-01
2.077416480230072637e-01
3.619506858660665460e-01
3.556153793539221786e-01
5.484609778116525947e-01
7.377465789111959937e-01
8.511440458424368583e-01
6.700075506787571689e-01
9.975255567659071509e-01
1.118188776171576082e+00
1.091820025299770958e+00
1.636798858150788405e+00
2.609067025134472306e+00
3.292088527991949398e+00
2.088897828620298824e+00
2.422372975026317654e+00
3.026106005509406671e+00
3.522813451482857072e+00
3.801787442234811465e+00
4.119132739398799536e+00
4.472282355053279090e+00
5.943869709584669536e+00
4.872119047844963191e+00
6.482979994113548194e+00
6.496682182902636882e+00
5.729466583981023931e+00
5.821521302264789810e+00
5.429433163911960847e+00
2.151239109407023231e-01
2.589217527996613977e-01
1.838163505234820250e-01
2.210736853832493687e-01
4.859164846487931122e-01
5.154154692454766540e-01
6.028368611213513750e-01
1.015664331553726152e+00
1.052720191136905070e+00
8.208734240998504239e-01
1.452608026525678442e+00
1.652400323464515930e+00
1.501367025548765000e+00
2.150375014840656629e+00
3.489913242325646259e+00
5.075275592948354841e+00
3.126257531070991469e+00
3.767913131611986710e+00
4.114130445186088281e+00
4.897519314057127815e+00
5.433403704042974347e+00
5.413229763031680797e+00
6.405978364266995406e+00
8.026679074354262866e+00
6.321923926246970638e+00
8.763991429489333740e+00
8.475523834751518493e+00
7.099662065124815236e+00
7.388173395025924961e+00
6.281837399205279837e+00
1.930782864663550258e-01
2.605918945201178283e-01
1.690597708125758381e-01
2.039986532284162324e-01
5.231196572691925173e-01
5.203647116505982773e-01
6.288856618027889311e-01
1.132556133159232425e+00
1.008832937185218492e+00
9.050725299518426192e-01
1.668307463171462945e+00
1.934175553055772712e+00
1.665278483391791964e+00
2.259210731818748652e+00
4.393182275727234298e+00
6.883461547051947349e+00
4.089859796133823444e+00
4.981005220872924077e+00
5.071531252567568870e+00
5.708984769944695614e+00
6.503149296429664439e+00
6.196176059260780633e+00
8.184893257068189598e+00
9.625951545170481793e+00
7.989692786659508883e+00
1.086087745956411865e+01
1.086954337587837394e+01
8.678053742868721443e+00
8.931046241972120825e+00
7.315793638086190320e+00
1.677807323059681555e-01
2.052923280960764207e-01
1.392976246143673991e-01
1.861580397214245564e-01
5.179681515149239246e-01
4.734939996262399475e-01
5.704623314421801705e-01
1.010288396366115116e+00
9.645484496323013524e-01
8.460127898414790959e-01
1.672647074115159560e+00
1.809373305049033265e+00
1.554936984081040974e+00
2.095210899967460794e+00
4.780324059407759840e+00
8.107682541567179157e+00
4.403158261813061358e+00
5.177008890283403275e+00
5.245209767978850302e+00
6.137320373458277523e+00
6.977673586126429406e+00
6.322565007377828117e+00
9.122901492182258210e+00
1.040719934302217098e+01
8.636910420332620575e+00
1.213411510538792726e+01
1.238197642508824003e+01
9.494378740759966462e+00
9.912310628213550245e+00
7.939538190766183057e+00
2.079419776469248471e-01
2.611208219224354088e-01
1.489839669374567188e-01
2.066602818019972199e-01
6.358004624620887668e-01
5.291786198101531280e-01
7.439208436321878004e-01
1.282414749259703335e+00
1.209632262718823403e+00
1.052112801468026770e+00
1.953028657530018641e+00
2.119624869606748341e+00
1.998907788607218627e+00
2.489337845723926357e+00
5.305757062283618986e+00
8.703580215779251006e+00
4.896177587950342414e+00
6.102967847191510309e+00
5.950762581781245508e+00
6.782812545849368213e+00
7.779116476245385492e+00
7.065757684395199689e+00
9.878014749376369252e+00
1.120095578630805377e+01
9.313196384736992073e+00
1.272071788416459981e+01
1.270119259585793614e+01
9.571903260120786072e+00
1.027146660989879301e+01
8.122741980732557820e+00
4.934938565654729548e-01
7.023805740102824213e-01
4.435669062909854965e-01
6.188574489219877961e-01
1.397051409866013172e+00
1.338897455514068247e+00
1.579102746950467484e+00
2.587404619464889421e+00
2.443344213173979540e+00
1.939610240009903119e+00
3.426531634305138407e+00
4.103561937324992748e+00
3.719610139687057337e+00
4.898753407218166878e+00
7.653980649226920008e+00
9.472001323474133372e+00
6.879533265684587562e+00
7.839170968062290967e+00
7.205917612690202034e+00
7.884943607322587589e+00
8.517508292317405250e+00
8.531991159518092616e+00
9.308575724765102422e+00
1.013739930062375905e+01
7.927250414998180617e+00
1.073141102984445894e+01
8.524179975179080770e+00
7.048807288308707619e+00
7.110979125472493223e+00
5.802236787968158893e+00
1.448151286579636654e+00
1.352862293369118785e+00
1.338043801182755344e+00
2.274916074517268072e+00
1.895226021323314969e+00
1.975368578161672106e+00
3.645146492666586635e+00
3.626119292517148374e+00
3.292823298564262480e+00
4.032731823823447748e+00
4.271352579737619060e+00
3.480793487731372426e+00
3.708543541437170354e+00
5.207268539207299263e+00
4.343247070748244454e+00
6.073414973941728690e+00
3.039504026421084859e+00
6.058964214109670010e+00
3.547203604092482365e+00
5.708471625219186940e+00
5.201534111180404096e+00
4.731661002448626085e+00
4.971662908763677891e+00
4.616672506315604885e+00
3.895142346586043747e+00
4.035871337338628351e+00
3.745512431889976401e+00
2.727234138736216451e+00
4.453531332317783864e+00
3.001925007297330250e+00
1.345424091771348696e+00
1.694526778676990419e+00
1.507970687242233598e+00
2.509686405282901323e+00
2.775432232281395351e+00
2.702275063178101622e+00
3.093996559628195531e+00
3.290567099537355489e+00
4.162122910327451741e+00
4.557044380330777855e+00
4.141401413183050551e+00
4.691806486644099827e+00
5.874398419853518405e+00
4.439305559106204058e+00
4.992411361671885928e+00
1.046622108094035930e+01
5.266209244239390408e+00
5.586341456132598360e+00
4.996002207168918297e+00
6.047493153000640831e+00
7.537993291665855189e+00
7.669243120299559457e+00
5.278590076928363573e+00
5.737344662353403457e+00
5.573363404915819608e+00
6.015146342167263960e+00
4.381232875895837431e+00
5.069733836976218377e+00
5.705575221886282300e+00
3.965942172334039562e+00
1.266173196685693059e+00
2.053014535007693375e+00
1.669149832716559700e+00
1.073576205559697572e+00
2.013417027910461510e+00
1.840426052013558911e+00
1.975591056116829058e+00
2.343780971091149024e+00
2.527509757099752452e+00
2.744745747317382190e+00
2.655006681135979374e+00
3.914094944967845269e+00
3.897127012076209596e+00
4.342208002930679100e+00
4.178305124037926532e+00
5.903636338999175059e+00
4.320569668386784024e+00
4.968109018308449087e+00
7.040049368717713030e+00
7.025658048752597473e+00
6.521664391327231414e+00
8.079500688069455094e+00
9.129160853499376671e+00
8.114745769634497563e+00
8.508121353438459877e+00
9.430091020546086611e+00
6.361938321857178558e+00
8.463492576076262708e+00
9.623491283694617593e+00
8.940575208322623979e+00
6.786571019935796478e-01
1.478768103304687997e+00
1.259665105888782444e+00
1.616213651018348463e+00
2.045881955132934582e+00
1.745543895386558075e+00
8.828391295318507304e-01
2.027077794457628368e+00
1.316890719423653211e+00
1.758821199959429427e+00
1.218349931729327595e+00
1.037837466451675184e+00
8.992427956448371118e-01
2.139249281600421160e+00
2.653655705379089458e+00
2.902498738408675116e+00
1.300433531652577912e+00
2.531723177230823296e+00
1.923650422292498385e+00
1.794991203636141952e+00
1.645899092844746558e+00
3.972117377484130962e+00
2.965001367507228203e+00
2.521277482530615899e+00
4.952710549996638179e+00
4.069070606632826603e+00
5.538070060659141092e+00
5.054337339487236846e+00
6.095925531389615237e+00
4.800217663457213568e+00
6.702485512659211997e-01
6.750569887282878989e-01
8.949958109793054728e-01
2.220535674667051040e+00
1.005679117680384316e+00
1.015181896051696508e+00
1.068367977967352500e+00
8.622982269409902312e-01
2.315295413476591957e+00
2.470109803063501364e+00
9.276929554627112440e-01
1.260527867415214054e+00
1.617862869468238651e+00
7.403669849889338295e-01
1.274528812245528719e+00
1.229270824130460404e+00
1.163699570622337420e+00
1.159564262593711259e+00
1.201116584629734918e+00
2.307087958449638876e+00
1.199691355053767783e+00
1.134230113240984883e+00
2.007919164971486481e+00
1.073437433465997293e+00
1.884107789842341507e+00
1.521908891225165261e+00
1.273232569524716418e+00
1.792445300376116712e+00
1.576399110535257053e+00
1.572767542742436131e+00
