9.574880952537292433e-01
1.000650855162004582e+00
9.342748288991500338e-01
9.831274580712243694e-01
8.118890677078601792e-01
1.083654635615902251e+00
2.814162342219453730e-02
1.015366048967695223e+00
1.124806033232165436e+00
1.001495681281975081e+00
1.020111855363862841e+00
8.922366609274737792e-01
1.044298465657526931e+00
2.572061676842047132e-02
9.886317560302804175e-01
9.805553066954704189e-01
9.626612673356181871e-01
9.769294686684004692e-01
8.210877445558294463e-01
9.762865957567093966e-01
3.059698849887215397e-02
9.624954459415482333e-01
1.008677725285084925e+00
9.931872176122719109e-01
9.745272280381266361e-01
9.791368058569474009e-01
1.063931621342021128e+00
3.933603800408712325e-02
1.007497636204241820e+00
1.073779362143133742e+00
9.444387324540951534e-01
1.010042404818811024e+00
9.871213821873956462e-01
9.274519689793961907e-01
5.213380484921363578e-02
1.027406011482469905e+00
1.052086873593957916e+00
9.694859221619893663e-01
9.884179932910441835e-01
9.978236305457767186e-01
9.609278581909381778e-01
6.647072593420355613e-02
9.689017168953222292e-01
9.839419406027754000e-01
9.796439007078305838e-01
9.729309256800093841e-01
9.582464712972441623e-01
1.012826082608733191e+00
1.066756261659190241e-01
9.969062322769733919e-01
1.004113007587533080e+00
9.159823479298185855e-01
1.003370829921103047e+00
1.116901104433561276e+00
1.024444326918676262e+00
1.517828017334072743e-01
9.701010627976949241e-01
9.831839406821514249e-01
9.071290495471266979e-01
1.081422465650439868e+00
1.023406109282794407e+00
9.695439674888379766e-01
2.135100727787128116e-01
1.041550249719400245e+00
9.996807014685965553e-01
9.619055946494792231e-01
9.978028350761544152e-01
9.858213246633249494e-01
9.972020619849877310e-01
3.157633175893033162e-01
9.886796576767354905e-01
9.654018130349423243e-01
1.016163709923677549e+00
1.021039094075526732e+00
9.256917896703374948e-01
9.435245458620536985e-01
4.825218648448653114e-01
1.017523481944781594e+00
1.004066609122144405e+00
9.121623484382610503e-01
9.776107062772229073e-01
9.489752004509515171e-01
1.004877549466188347e+00
7.150022494804073592e-01
1.028721549637835464e+00
1.064609669277368553e+00
9.726145338228817661e-01
1.038315907271518013e+00
1.004879881027280319e+00
9.490192956747819375e-01
1.052766610901099353e+00
1.009083182064779205e+00
1.002077482848579670e+00
1.053403785505733659e+00
1.027472845223679654e+00
1.024939999906693044e+00
1.007379201833014770e+00
1.543324948204430669e+00
1.009273836842751404e+00
9.836710849331340434e-01
1.042540825971362439e+00
1.026013561948921016e+00
1.005856759499321962e+00
9.570531557698642722e-01
2.276922309429444624e+00
9.873513056489195971e-01
1.002201009083240724e+00
9.704185716663134009e-01
1.007495721926117138e+00
9.679975330685982593e-01
9.761475773737796624e-01
3.358714005961785265e+00
9.933109379619687873e-01
1.076572466050663257e+00
1.040716835009547037e+00
9.923786801113223532e-01
8.634712420505726849e-01
9.613551459804018373e-01
4.954285344838790905e+00
1.022763898238478131e+00
9.991990293636338061e-01
9.879371794840733356e-01
1.014869262308916165e+00
1.109442348875952389e+00
1.040736784848287355e+00
7.300993009588280458e+00
9.602273033398958102e-01
8.758059397685644676e-01
1.004492718638067217e+00
8.912050001641107499e-01
1.105634648618133653e+00
9.685466400250665187e-01
1.075226797887604491e+01
1.019949255955846956e+00
9.646126676787791787e-01
9.818786306122175844e-01
1.091881477015371305e+00
1.279331014289390778e+00
9.853690452556113089e-01
1.584387781697997610e+01
9.566101736341259265e-01
9.991863065635601115e-01
9.270057986948991857e-01
1.005756201658519977e+00
9.045152338945547932e-01
1.084547014311783020e+00
1.971601574900130882e-02
1.025888063140179440e+00
1.108827740578626431e+00
1.003408023303517860e+00
9.990868434668999098e-01
8.748061586169889603e-01
1.044844333946163939e+00
1.649312140608500885e-02
9.966464048624195105e-01
9.841110911355228641e-01
9.515478601526287106e-01
9.665416184253889931e-01
1.002825384774905348e+00
9.762752377721811703e-01
2.736706495608338258e-02
9.596483639030557455e-01
1.026773568203649845e+00
9.921084274208088472e-01
9.904055241966440715e-01
9.733585899515674322e-01
1.063635562430824910e+00
3.439247350119401664e-02
1.013554929180511266e+00
1.068468245834312214e+00
9.466056762214363207e-01
1.016834210361128754e+00
9.170137392568163959e-01
9.273261330424158455e-01
4.220972253769408183e-02
1.026437097565293222e+00
1.020309747015715196e+00
9.780790482856770440e-01
9.745833646166691677e-01
1.033945875616285148e+00
9.597657547513540610e-01
6.764664979464481143e-02
9.638079082374191309e-01
9.642399116803563874e-01
9.944321470495118831e-01
9.641857325840312853e-01
9.402695025249997451e-01
1.012090849988385610e+00
1.040705810954328236e-01
1.003936010237813203e+00
1.004816887774723666e+00
9.181827963643924839e-01
9.830739874639127240e-01
1.134263955391892287e+00
1.024680693407789667e+00
1.457827828841337103e-01
9.727566210348216336e-01
9.800679448521392167e-01
8.980191697494140923e-01
1.070825066664939484e+00
1.097124996438499478e+00
9.696883400717299928e-01
2.218950155547752268e-01
1.026798160977953511e+00
1.008607996105708837e+00
9.605892689389747829e-01
1.043395799275833369e+00
9.528783679908608972e-01
9.958847477128647263e-01
3.281908455585437201e-01
9.859943082471491760e-01
9.478150012328796503e-01
1.017496424465637928e+00
1.026819760651662028e+00
1.063230984597360651e+00
9.432078229191843688e-01
4.823610453522510499e-01
1.018038800360890228e+00
9.973247976711532292e-01
9.157862148978480610e-01
9.520775574141100428e-01
1.017783747170285746e+00
1.005345178654490912e+00
7.147610175666995191e-01
1.024579826661662807e+00
1.029570884142824383e+00
9.794179556729138980e-01
1.035900058361105103e+00
1.130726386539020689e+00
9.492660056268001911e-01
1.047283755220401291e+00
1.008524513676215317e+00
1.013756704615674131e+00
1.056318673385493678e+00
1.047672532018760982e+00
8.873733678080326648e-01
1.006138232482779671e+00
1.543947859776234832e+00
1.013926415540755244e+00
9.931964086388019863e-01
1.030669239143956695e+00
1.041161730746861025e+00
1.004238943616123203e+00
9.575127819101376669e-01
2.278750462361486928e+00
9.825210461629976244e-01
1.027850504326319969e+00
9.612991695293138239e-01
1.025270126029410145e+00
1.048134202237247514e+00
9.762779668430050517e-01
3.359776829538448251e+00
1.002207179764558864e+00
1.086576883283582484e+00
1.016970267106469983e+00
1.017895480732995628e+00
1.068962213336996925e+00
9.610718192377004643e-01
4.951477428324926322e+00
1.022638479127335742e+00
9.923864416554982748e-01
9.859115947546902570e-01
1.012891430714239149e+00
1.226091199474399263e+00
1.042085282615961672e+00
7.294455479738501502e+00
9.459927887513228661e-01
9.131165277922028700e-01
9.935838166265946736e-01
9.130846055164749675e-01
1.219677085562532293e+00
9.701864667425600386e-01
1.076019212018022664e+01
1.024204724971318203e+00
9.748567101557706893e-01
9.831995944567161194e-01
1.145222297530980704e+00
1.075399435735767018e+00
9.813251444894914854e-01
1.584474937661423155e+01
9.574696103332235309e-01
9.796295000969231781e-01
9.433409000141956824e-01
9.633128492547717858e-01
8.464432555809722203e-01
1.085313330494229067e+00
1.593829536471309816e-02
1.022331912577701951e+00
1.092027391080496290e+00
1.003992393140256567e+00
1.002897015347136822e+00
1.042613710384305170e+00
1.045162492378072461e+00
1.486631022915099222e-02
9.884964153927401354e-01
9.636788025000280200e-01
9.675148067949246311e-01
9.643572517140016620e-01
1.041711509549543946e+00
9.768119829734157600e-01
2.121199350696548885e-02
9.597827681941848432e-01
1.012765914536781997e+00
9.996485800915262399e-01
9.667008257373962410e-01
8.757880799851177622e-01
1.064090806512632437e+00
3.393344940976819601e-02
1.005623862947903735e+00
1.061405603159126576e+00
9.564863752426768784e-01
1.011429667316743553e+00
9.303863313429460158e-01
9.273151453431887070e-01
4.722707372313750956e-02
1.027732231405918739e+00
1.028925650795920133e+00
9.702691373827220245e-01
9.688121456050372560e-01
1.144273529706052894e+00
9.603692583784950720e-01
6.572554353218106049e-02
9.646515059447752227e-01
9.708383998638493440e-01
9.894348985640377681e-01
9.711262831031950427e-01
9.195550530535798739e-01
1.012012537353703889e+00
1.060851062468868844e-01
9.876086730760791355e-01
1.000902586279963202e+00
9.281392783871176277e-01
1.024671525598602084e+00
1.023262854299452629e+00
1.023903387307923296e+00
1.562712237896440592e-01
9.751129680429139190e-01
1.000616303404445739e+00
8.895058860021485270e-01
1.082646397465561794e+00
1.073926720095307763e+00
9.692858080713668834e-01
2.210685969912841720e-01
1.031938226916452983e+00
9.743897788305421193e-01
9.549105058676242708e-01
1.025178963552712874e+00
1.258865301073867515e+00
9.964805096324211853e-01
3.251415093440339632e-01
9.855643286417585802e-01
9.605403649681902856e-01
1.003761131468331236e+00
1.023157240825359970e+00
1.217568737257294309e+00
9.436135516728491046e-01
4.859826796118716929e-01
1.017109022037413046e+00
1.037644524284874192e+00
9.126616714534735442e-01
9.665709694801740692e-01
1.039566480821003669e+00
1.005818458343947341e+00
7.075375763025979481e-01
1.030919480256618836e+00
1.017360994806340235e+00
9.623471138144076287e-01
1.036975456842414545e+00
1.306236139879483282e+00
9.493676627107654475e-01
1.048714521433819602e+00
1.002772432689028381e+00
9.907624678477026103e-01
1.059881026945031612e+00
1.017946101757214672e+00
1.113874439386746573e+00
1.006731263176920077e+00
1.550812383802722572e+00
1.021426915505404320e+00
9.585762540969409162e-01
1.013580067233099680e+00
1.046715182004509082e+00
1.359546721123890967e+00
9.569027964493929117e-01
2.278291358657545729e+00
9.773696623637323500e-01
1.007974559023646410e+00
9.729502251585134820e-01
1.025740739162170678e+00
1.050301590876670410e+00
9.758276927047585536e-01
3.361536574713722025e+00
9.916407953644069684e-01
1.071010696850345223e+00
1.020374410550293653e+00
1.012247044770551163e+00
1.313356985855343106e+00
9.611887229697537727e-01
4.954917117881692867e+00
1.031717530969650465e+00
1.015913046979615597e+00
9.575689991342178908e-01
9.925487458206165847e-01
1.263906489981387882e+00
1.042112563885478016e+00
7.304305633689857302e+00
9.497110642664953195e-01
8.972788467719788885e-01
9.911047791582148214e-01
8.889442681205005359e-01
1.399618202339119266e+00
9.694868617581720027e-01
1.076143539077733458e+01
1.029770710158296243e+00
9.251632044383599762e-01
9.671489409467468601e-01
1.097064875568882325e+00
1.829542058727155140e+00
9.833052782972399042e-01
1.584147371557424400e+01
9.547938697282980502e-01
9.690353783527783094e-01
9.420656145022942018e-01
9.723783098750240494e-01
1.022827747743150884e+00
1.085367548309813746e+00
1.584440843604617566e-02
1.022778006245414817e+00
1.087051341491004797e+00
1.002419927360571394e+00
1.017775140269012502e+00
1.029482698964202303e+00
1.044929286186391915e+00
1.786354844502218223e-02
9.949336969520490292e-01
9.701975136844634973e-01
9.672162884854893505e-01
9.484625618444471051e-01
7.996050020689453586e-01
9.765102140086914240e-01
2.278244019425699346e-02
9.633749428238271850e-01
1.017621811566772339e+00
9.777130639619275865e-01
9.705665626787629563e-01
1.302833933777892472e+00
1.064051361029743514e+00
3.317899153980061189e-02
1.005445463473228385e+00
1.034575097894370632e+00
9.584108378413127571e-01
1.025805899650442887e+00
1.186609920165526910e+00
9.273416089912742688e-01
4.296763513621909558e-02
1.014645878616785790e+00
1.008134620821031557e+00
9.985118499674381365e-01
9.591642102050075280e-01
1.115333383696111902e+00
9.602722248595507715e-01
6.724698161998404755e-02
9.605827537342718214e-01
9.504531632923419737e-01
9.891877406873015310e-01
9.668539301350924653e-01
1.245976499236361557e+00
1.012241263319539675e+00
1.048075832283231479e-01
1.003414738292524033e+00
1.049442367905116580e+00
8.890297461440834770e-01
1.043794530421976008e+00
1.054024686334472882e+00
1.023958374579934771e+00
1.528146758512419767e-01
9.615492844201473099e-01
9.815157142686249392e-01
8.977545135941846777e-01
1.058580031422483136e+00
1.462624372505390458e+00
9.700602866255445544e-01
2.249246153661488001e-01
1.037044465650683200e+00
9.415272890625790980e-01
9.326471878147337691e-01
1.025508211599814645e+00
1.775889990678278352e+00
9.964507990328489440e-01
3.211859403691141313e-01
9.778105144646974667e-01
9.118066484115615600e-01
1.007043857833958223e+00
1.028818330560579364e+00
1.797867897712635887e+00
9.437841655867709179e-01
4.814258452350315132e-01
1.010985752100590718e+00
1.021505470517251490e+00
8.693937991904473472e-01
1.001205135441859850e+00
1.931730100906769998e+00
1.006384112348008397e+00
7.103702995931077124e-01
1.017368151775549290e+00
9.846575592892985451e-01
9.806459489567034282e-01
1.066206276474402692e+00
1.527165954584976948e+00
9.491096383702121164e-01
1.048698026415250339e+00
1.021671639938385612e+00
1.021040011643826961e+00
9.829151828819473469e-01
1.072768050499339321e+00
1.950737042094461859e+00
1.007255595592404962e+00
1.539352741799374646e+00
1.015404501089542499e+00
9.350053494925936182e-01
1.032905964474054805e+00
1.035369614629742641e+00
1.275356596492848160e+00
9.568900717827639735e-01
2.282242938259615439e+00
9.611844835218046335e-01
9.981715334602979661e-01
9.810677595511256843e-01
1.039017475980350547e+00
1.444197566117300546e+00
9.761709073977935525e-01
3.366855855313152901e+00
9.902588922871885524e-01
1.046757071240346226e+00
1.017384616080869053e+00
9.826849459503401718e-01
1.851140735274012350e+00
9.621936884033993609e-01
4.944908284009841282e+00
1.030320966029701912e+00
1.023406270621995295e+00
9.569906659260570825e-01
1.002190410736774506e+00
1.607968857731191248e+00
1.042228795202537528e+00
7.289482769662777528e+00
9.643872703452668338e-01
9.041178400021340211e-01
9.219067080923742941e-01
9.166412904486249680e-01
2.145855401984842814e+00
9.702622678210788276e-01
1.075668784822181756e+01
1.051032904438549354e+00
8.791466031607412246e-01
9.455077148786038554e-01
1.124629697805874962e+00
1.720672599761514432e+00
9.820816734140485060e-01
1.583943218725258006e+01
9.705612205074543031e-01
9.720689761778157356e-01
8.899854597915648480e-01
9.835763710553960815e-01
1.486104691356195717e+00
1.084993370293424464e+00
1.698562724061916662e-02
1.009902164061141416e+00
1.083815127715140436e+00
1.021132922907326268e+00
9.976928521925511051e-01
1.059721434543384078e+00
1.045182339565824847e+00
2.874438851168109946e-02
9.880217056623049610e-01
9.705490870992257157e-01
9.590676417035811641e-01
9.798852130458315379e-01
1.287962422708764709e+00
9.760955561845860995e-01
2.907893600747576621e-02
9.585136379563020670e-01
1.033489908413510072e+00
9.914986534006468011e-01
1.002209091054560686e+00
9.834405079449416442e-01
1.063762586050092107e+00
3.430576989490298490e-02
1.011617524341415830e+00
9.829014124692736498e-01
9.165033149788661682e-01
1.033378026474624178e+00
1.682177618944740605e+00
9.274384807645355000e-01
5.247631554824407074e-02
1.024990881318589953e+00
9.912645898403313893e-01
9.570354965999614549e-01
9.671460356537978642e-01
1.626338754968003508e+00
9.598974875173128529e-01
6.471277785394806414e-02
9.584577104379655710e-01
1.007431972557392363e+00
9.585028613240501594e-01
1.068546650600323389e+00
1.374367652800319028e+00
1.012521836481653503e+00
1.007268857535568440e-01
9.903894362781083816e-01
9.863402585057755578e-01
9.148982656485107334e-01
1.037103292098742413e+00
1.431788861036698668e+00
1.024015841577741837e+00
1.537007240724544976e-01
9.722185069150747205e-01
1.071525676312517827e+00
8.317778147941210509e-01
1.141788718913107958e+00
1.740981085717118626e+00
9.699320156420501160e-01
2.234195954561034592e-01
1.031904673982558585e+00
9.394087677267208836e-01
9.446691686008575894e-01
9.803486759983183196e-01
1.615873626311248534e+00
9.963643133978310473e-01
3.300956593853681675e-01
9.829150833236972584e-01
9.645118741371480064e-01
9.951034547369885797e-01
1.027717083611185522e+00
1.776460490640392242e+00
9.435434515634548713e-01
4.823756681303704719e-01
1.012935086905416560e+00
9.085743824855672113e-01
8.692309361177390503e-01
9.850910702817717857e-01
2.516510891358063162e+00
1.006158179210008052e+00
7.091759974510475351e-01
1.030091350618318691e+00
1.063858188055939902e+00
9.328579573019882831e-01
1.076434992969152793e+00
1.407291938082311455e+00
9.491964376010783022e-01
1.052272358590849555e+00
1.022002008849943966e+00
1.004309878510060150e+00
9.988789361980081605e-01
1.030822980330380778e+00
1.816459840947232784e+00
1.006371856599806547e+00
1.540430134350336600e+00
1.017857019258850304e+00
9.016869523446733314e-01
9.962531056808630048e-01
1.071878799786699199e+00
2.119964241456245624e+00
9.568840788783838924e-01
2.282575091436474857e+00
9.602776494384285266e-01
9.413777447724507308e-01
1.005702650475507998e+00
1.029834391085524326e+00
1.341417550453829710e+00
9.761223440643399529e-01
3.364965165150408222e+00
9.928917045148898390e-01
1.103369982630728607e+00
9.922386886418614882e-01
1.046098826668379944e+00
2.005081643547131698e+00
9.614132552815091159e-01
4.946718962088410443e+00
1.034482931622673574e+00
9.825847996513362714e-01
9.267627512602386597e-01
1.013570404868392894e+00
2.166689375204358115e+00
1.042365819607305344e+00
7.289030864507364704e+00
9.612981709752606019e-01
9.428370755147341686e-01
9.185437086640174664e-01
9.598557765628670246e-01
1.849138486186886254e+00
9.699142083276925952e-01
1.075378190527302280e+01
1.031539226335566273e+00
1.052144947898305150e+00
8.832289546653907530e-01
1.152790777872884531e+00
2.300335619407269938e+00
9.830758460471713533e-01
1.585721140307723509e+01
9.417554768032164736e-01
8.747230642572374482e-01
9.659748649801600529e-01
1.017228619348909513e+00
1.524935156915551815e+00
1.084855014005879026e+00
2.596947516949904208e-02
1.022000798564523416e+00
1.072234968273944489e+00
9.714967880639784337e-01
1.030454607704181846e+00
1.514911350460290684e+00
1.044984311358817086e+00
2.995431337534080682e-02
9.850762765719661695e-01
1.015587480396548781e+00
9.448703271801239811e-01
9.624565304620885664e-01
1.259063297789436264e+00
9.771180758554609547e-01
4.177371355962236632e-02
9.531685593695091718e-01
9.678040762209405568e-01
9.763751389577396411e-01
9.832311030079785574e-01
1.715050275570992433e+00
1.063763347025349137e+00
4.457624866671088676e-02
1.012112659125352643e+00
1.095139595910907593e+00
8.908094295266427709e-01
1.092119195947472532e+00
1.643467043473327838e+00
9.274802788590862379e-01
4.905822043763150009e-02
1.016888567952900724e+00
1.083954035584131725e+00
9.615979885050491838e-01
9.565271287070834516e-01
1.278677419243429592e+00
9.603435712998711349e-01
6.899553866620027065e-02
9.737420877111719886e-01
9.729136882562637867e-01
9.476497392592087010e-01
9.563900565873488802e-01
1.412251432663700346e+00
1.012965299901078531e+00
1.004124362500493084e-01
9.884106928987472784e-01
1.105761212987560471e+00
8.652383316709751915e-01
1.131188543110155598e+00
1.673281586062904669e+00
1.024246134939581054e+00
1.581296959965291515e-01
9.757085865185119999e-01
1.095812143584094178e+00
8.279750922136550617e-01
1.133771094046658767e+00
1.288572024959915741e+00
9.696444693930622583e-01
2.272039713112181392e-01
1.032254476048613423e+00
1.004042174957306965e+00
9.185142236657846126e-01
1.045049778382216576e+00
1.792169349143217794e+00
9.964706468179997945e-01
3.310810625258117090e-01
9.993742114413549649e-01
9.531480293673882942e-01
9.658696944297865405e-01
9.858209825220420885e-01
1.778245442422676126e+00
9.444194203811645538e-01
4.749292994774647614e-01
1.032392448629459558e+00
1.048278944543898694e+00
8.505809001196046326e-01
9.653975786978753471e-01
1.581994219979465655e+00
1.005541921958570395e+00
7.053031322017271343e-01
1.029877615926845014e+00
1.044289853099206855e+00
9.445460651585841916e-01
1.054821959467160175e+00
1.456202956424913930e+00
9.491998619337407295e-01
1.049107620773743088e+00
1.018830968304257567e+00
9.468382130696270105e-01
1.017622966274868812e+00
9.919029286298808312e-01
2.032348091523229705e+00
1.006766448914533596e+00
1.527403370060274934e+00
1.011395750401803406e+00
9.748157236083473398e-01
9.964237303011371782e-01
1.126439957706886874e+00
2.039341594186545148e+00
9.580208466670988576e-01
2.279916956313490228e+00
9.840491497666933318e-01
1.108563172438173705e+00
8.990909070338143350e-01
1.042816865255743686e+00
1.649705963340645898e+00
9.772617623616204341e-01
3.359923049762132852e+00
9.792280760015106278e-01
1.077045508442201927e+00
1.014622742897649088e+00
9.725728434475319206e-01
2.358035717488069061e+00
9.625698654461496417e-01
4.955246171733564076e+00
1.039348607797531576e+00
9.219998884359749125e-01
8.997896508744328559e-01
1.002151251706990376e+00
2.684045379885592553e+00
1.043912213779585318e+00
7.270300098735547500e+00
9.624568542249696268e-01
9.082301352364453573e-01
9.624147569124622548e-01
9.747251444621914951e-01
1.166227419333937698e+00
9.692111284550726236e-01
1.073607988446365447e+01
1.031489145221285320e+00
8.746966863489614719e-01
9.014517627197116134e-01
1.129304215894795682e+00
2.649118072595634477e+00
9.837137375210806001e-01
1.585838183835951476e+01
9.594687698895774108e-01
1.043706334279392856e+00
8.958330980694073631e-01
1.025333231813176926e+00
1.232305336866696743e+00
1.080410216876351637e+00
6.069943434134378313e-02
1.027949877951282565e+00
1.052577688947853085e+00
9.275648297602613335e-01
9.982151899608540102e-01
2.043036172179007348e+00
1.055810084638558521e+00
4.841454449136481375e-02
9.791581498224138924e-01
1.026813442949706667e+00
8.960912706896805302e-01
1.036564427329454086e+00
1.978490780215512057e+00
9.891783116624415229e-01
6.824107946830774984e-02
9.535737455684606401e-01
1.109730394294311084e+00
9.551144139678113820e-01
1.059355850264081855e+00
1.306662755671594400e+00
1.058582253200981205e+00
5.120235412844129780e-02
9.924862281474240433e-01
9.590169047915384493e-01
9.509294891604986866e-01
1.041185682871668572e+00
1.767307158568803604e+00
9.292766842846721387e-01
8.146125688613599369e-02
9.968551950687168928e-01
1.002133221068120195e+00
9.892331958487852184e-01
9.828271223755542518e-01
1.754707999725847678e+00
9.579132718368444932e-01
9.606934344450163143e-02
9.624239235254782310e-01
9.264786473100993236e-01
9.928210316722757556e-01
8.939450792680782021e-01
1.801315973950025073e+00
1.012752901632798297e+00
1.009684006695921316e-01
1.001444058681645544e+00
9.762380821560594502e-01
8.632479676477184949e-01
1.061218227454808982e+00
1.752576802560217750e+00
1.025456745713470452e+00
1.566272933153766422e-01
9.755798706812878196e-01
1.015546905664902910e+00
8.196978391846628798e-01
1.117795108243181179e+00
1.836053341803416616e+00
9.773847034228765329e-01
2.204366739979115863e-01
1.025194029609689750e+00
9.917879845357028268e-01
9.133595336196469461e-01
1.068807724606386955e+00
1.948731833235263000e+00
1.004746663028556863e+00
3.311127128718744372e-01
9.903622539872007913e-01
9.755415114719394598e-01
9.893170024151612951e-01
1.006619832403086390e+00
2.157282664605309375e+00
9.497411884792792414e-01
4.426587423725750758e-01
9.974113520811550559e-01
8.924996197956250876e-01
9.308761436185613025e-01
9.967580293950168979e-01
1.859921615536343831e+00
1.011042137846079880e+00
7.246860679637839864e-01
1.042921585514112515e+00
1.091321000863458623e+00
8.585421132844766046e-01
1.104287157617847237e+00
2.031649326857337456e+00
9.478002349424576867e-01
1.057471769802521111e+00
1.007564909601549985e+00
1.031320473629272483e+00
1.045748513703812499e+00
9.711451032453950472e-01
1.484774158346618744e+00
1.015772037305605169e+00
1.533146516122073200e+00
1.026955833419285646e+00
9.593639736489865122e-01
9.674942977129806776e-01
1.119861377512787248e+00
2.131753057114096794e+00
9.651515439054630940e-01
2.256144496155386481e+00
9.762715199809247624e-01
1.044384784948092282e+00
9.064460659765017914e-01
1.103145948088361417e+00
1.892331473171192879e+00
9.824936432326601965e-01
3.367350374301270044e+00
9.936224898499534941e-01
1.129638864734813897e+00
9.382627167281977210e-01
1.048360782542244518e+00
2.520611362879483952e+00
9.782055435442400526e-01
4.933049239260343555e+00
1.026905476653874327e+00
1.016935657123126280e+00
9.395261428978866070e-01
9.677433669170162345e-01
2.033143278813217769e+00
1.048648735201855864e+00
7.295965290038955331e+00
9.573639333140222529e-01
9.363624907075578374e-01
8.961110339656773727e-01
9.408157466785123102e-01
2.923202252638287924e+00
9.795720243264702809e-01
1.070420576297596682e+01
1.040888394979527787e+00
9.504252586679651227e-01
9.121986392007918054e-01
1.139965871315780310e+00
2.130525186305806784e+00
9.885241936948904184e-01
1.583974373366958233e+01
9.692287816847637849e-01
9.384970544099746625e-01
8.038144522245396217e-01
1.066033442381156382e+00
2.547879916933597944e+00
3.967311457950063236e+00
2.168791886097421739e-01
9.923912703206668739e-01
9.130886939880213937e-01
9.743407135534633001e-01
1.149538082984655762e+00
2.571543053251394539e+00
4.262131857081201680e+00
2.562972266297876556e-01
9.875981142499264953e-01
9.181529661019943722e-01
8.467287148339415204e-01
1.036735203321708765e+00
3.040428261591687775e+00
4.174287290968078601e+00
2.895506885494991689e-01
9.481855195600430442e-01
8.986208731863816190e-01
8.982275711313080224e-01
1.054074661466062102e+00
2.736474578255438050e+00
3.607742898308865520e+00
2.637166120003260339e-01
9.900079328913148347e-01
1.015158178787231025e+00
9.098598160610623653e-01
1.057696248320207477e+00
2.006794045318972763e+00
3.644508912183817451e+00
3.225564198840609187e-01
9.856982872718681454e-01
9.695715638278340487e-01
9.458651956954695628e-01
9.287084193319661285e-01
3.459183755964095219e+00
3.052227360501033271e+00
2.467007412031659852e-01
9.347597889140001337e-01
7.568929540150128865e-01
9.681979608576095631e-01
1.012032703526593691e+00
2.846504449276779258e+00
4.334565896042932742e+00
3.832133144208778042e-01
9.804807371323407406e-01
1.022165685326420714e+00
8.563546710269313023e-01
1.075683171741184552e+00
2.281502702856740061e+00
4.257977685703801640e+00
3.512281562298156246e-01
9.390836532890294297e-01
1.009889407389677585e+00
8.216179067039726114e-01
1.209094630629707456e+00
2.825619889213828451e+00
4.458817171453980599e+00
4.525322902602937347e-01
1.014881966791435497e+00
1.061681448497409308e+00
8.606769090454183813e-01
1.063548752242282402e+00
2.990969241128088818e+00
6.088531982278389876e+00
5.231763135984434099e-01
9.789982831076008418e-01
1.078241580730285643e+00
9.125827527459519084e-01
1.141698534079916394e+00
3.101266083964243858e+00
3.200933787629566041e+00
5.341451474533979171e-01
9.994200547812028823e-01
1.218045391420401025e+00
8.521718871297778719e-01
1.013693840235306620e+00
2.289596993360279775e+00
4.342103679460311838e+00
6.899412965896920547e-01
1.026306922938202693e+00
1.132089318544873935e+00
8.612304033410199677e-01
1.149722182640983581e+00
2.103879816092614874e+00
4.741287497334479184e+00
1.081341584149951407e+00
1.005345007764318011e+00
1.009243215027102236e+00
9.611036691800717291e-01
1.054184805489770671e+00
2.452839425158758857e+00
5.039005214309572267e+00
1.609393011300319420e+00
1.019554686995289394e+00
9.410029744557217857e-01
9.346129324781595749e-01
1.196718958410556644e+00
3.291035447051670726e+00
3.724448907144765286e+00
2.237537758677906830e+00
9.861318813587041099e-01
9.870878676063212787e-01
8.860075609915755157e-01
1.011536775463819371e+00
2.343267359447939846e+00
4.906968169091374676e+00
3.355461378483473922e+00
1.002127805864503785e+00
1.141868367363149339e+00
9.222389923592895222e-01
1.059875298801107535e+00
2.557306733707736868e+00
4.787757444552062758e+00
4.826210887593808785e+00
1.041660362420377517e+00
8.897122287006600239e-01
8.612684548058193723e-01
1.055695605112384028e+00
3.036974137885152913e+00
3.670879713106078857e+00
7.043396024886813045e+00
9.340176096627774704e-01
9.747713388570101722e-01
9.142187172876622414e-01
9.992896295442388332e-01
2.989447175445866467e+00
5.014391799643227898e+00
1.068103578504496198e+01
1.032680647498023685e+00
8.005781443708274159e-01
8.290467171765222298e-01
1.303478298641565614e+00
3.400038811147783058e+00
4.704877735394421556e+00
1.589480145475804562e+01
9.188707352977129039e-01
1.143474829296391659e+00
7.740969401644093306e-01
1.445556057720398080e+00
3.205631545552088291e+00
4.915736333100377387e+00
5.194488983935599435e+00
9.884806255158334887e-01
1.232083572542685079e+00
7.792592980590998808e-01
1.260998696687789744e+00
3.631861146614774771e+00
5.035421467440885479e+00
8.114678089121317939e+00
9.665120106119335919e-01
1.158109403358522416e+00
8.604725846044655180e-01
1.103369082428713233e+00
2.888768201813675329e+00
4.953180061788881261e+00
5.562993125589257737e+00
9.070360170771045727e-01
1.080615652271802896e+00
8.549394457348806764e-01
1.234436183382293661e+00
3.190517983346323305e+00
4.554419036053472425e+00
8.914019071478879397e+00
9.715578207876381933e-01
1.132903780875856858e+00
7.522834833424782985e-01
1.296114942291304972e+00
3.309541074538663086e+00
4.335183550146092912e+00
9.318242862682295069e+00
9.717700914610979401e-01
9.348889926195249611e-01
8.375057546984718826e-01
1.196951547764344426e+00
3.531930568921658686e+00
4.574951994018752188e+00
5.363947578982882547e+00
9.393583838007354414e-01
1.218701961030427938e+00
7.435470933682737371e-01
1.225486206400239864e+00
3.637359595594139794e+00
4.281093576817625923e+00
8.449730831187819646e+00
9.821100663768110861e-01
1.345133229765645755e+00
7.056875868794491025e-01
1.289762951920973011e+00
2.798063158857272192e+00
3.931296205479961614e+00
5.696052123935178457e+00
9.388342738918484809e-01
1.094327309067235410e+00
7.728419576739906649e-01
1.233086343803962759e+00
3.449374065643496134e+00
4.362472529056768522e+00
7.170658919427475908e+00
9.647236150714334491e-01
1.004120447342539135e+00
8.637282102724078703e-01
1.355143698232217364e+00
3.458094943140671784e+00
3.951709325947303508e+00
8.517398964018264351e+00
9.639493804287496692e-01
9.264359840959213166e-01
8.943695393640840319e-01
1.280472973850852236e+00
2.330157554810468046e+00
5.051560242019720981e+00
7.392416607721560062e+00
1.007437255112548558e+00
1.172932464336491343e+00
7.544182250324109607e-01
1.017708573568415709e+00
2.779096755019697884e+00
3.883474584673301866e+00
6.134202582598337727e+00
9.596147253038422864e-01
1.120104543446090339e+00
8.649852891507591179e-01
1.533872682668664611e+00
3.380721095421556743e+00
4.441907808446122097e+00
6.162000769096916741e+00
9.762486792827815840e-01
1.253368080766460446e+00
8.541234798763066571e-01
1.303247543651071760e+00
3.513900756210020404e+00
4.684858705411786062e+00
7.219284186190306762e+00
9.870459824683535111e-01
9.699239838507486278e-01
8.412982652148442986e-01
1.318135983222218144e+00
4.278557865895413315e+00
4.469843534088261627e+00
1.074365384295092518e+01
9.902234721513891724e-01
1.178797877362266266e+00
6.080915498677453845e-01
1.282150852812856012e+00
3.808157835612531184e+00
5.104485476183643122e+00
1.131156014883262095e+01
1.006080909403423540e+00
1.453954058171441188e+00
7.878087301983640600e-01
1.170293382466409016e+00
2.621324944704357840e+00
5.100520892959417019e+00
6.940850790598821263e+00
1.020999437668172583e+00
1.113993128878582262e+00
8.214999403451934690e-01
1.225643378219353208e+00
2.819362574081917483e+00
5.565292090181547024e+00
8.739573999175085817e+00
9.194642825217493876e-01
1.038379788198336540e+00
7.494216603086509831e-01
1.310120441357522258e+00
4.689523562196611373e+00
2.571468387900329056e+00
1.540468074413367994e+01
1.044822324623456478e+00
1.260446659697087579e+00
7.745705904381197104e-01
1.251470822795086146e+00
2.809705447986759808e+00
6.107415586028745125e+00
1.772777229492254136e+01
8.554590876620037365e-01
1.410836992859870742e+00
7.704362071025815384e-01
1.674748538353615368e+00
3.674439691862119606e+00
9.999999999999998890e-01
1.572558299490373429e+03
8.858194342509243535e-01
2.140709925937455349e+00
5.328942981986277694e-01
2.222214983616967121e+00
4.097074559820764073e+00
9.999999999999998890e-01
2.967254523505157522e+03
8.085117107946114823e-01
2.112478984024877882e+00
7.251212910429313263e-01
2.282172886926985722e+00
3.594906563752767958e+00
9.999999999999998890e-01
2.365675721153799259e+03
8.161806511350969684e-01
2.186656908714744940e+00
8.395890939950497733e-01
1.727388684142601383e+00
4.112078779818152618e+00
9.999999999999998890e-01
1.627422471192602188e+03
8.718820890307401594e-01
1.696993939837712517e+00
7.548915894022674156e-01
1.672184302347412110e+00
4.408535064057733877e+00
9.999999999999998890e-01
2.396765811331132682e+03
8.308637532063181119e-01
1.908916140691125030e+00
8.619368067026522695e-01
2.052354151047056430e+00
3.389322876161870113e+00
9.999999999999998890e-01
1.666287228512506090e+03
8.091780948962119524e-01
1.822945222167714485e+00
7.611922430763362613e-01
1.753364722178094359e+00
4.368540247184858671e+00
9.999999999999998890e-01
2.527057957181443726e+03
8.720695924004522315e-01
1.422356456985428785e+00
8.537551672167051908e-01
1.514459739498175583e+00
4.045115405996551061e+00
9.999999999999998890e-01
2.167319640518759115e+03
8.142482283789110875e-01
1.886315060539045074e+00
7.739297335784789400e-01
2.141853598073740095e+00
4.778016803236319276e+00
9.999999999999998890e-01
1.206120557978496436e+03
8.693448636171764443e-01
1.788435565957390505e+00
9.348099342920798138e-01
1.984582364273942190e+00
3.773182136216891358e+00
9.999999999999998890e-01
1.476159653152943974e+03
7.860669145969828575e-01
1.398199842487422018e+00
7.857588133967372546e-01
2.403240468176196742e+00
4.504297229088866317e+00
9.999999999999998890e-01
3.119167429100973550e+03
9.131658659184113125e-01
2.290159386413571863e+00
6.199170177134459836e-01
1.821724252263392740e+00
3.533232527811839052e+00
9.999999999999998890e-01
1.267086591235845617e+03
9.517593475076043807e-01
1.672853811534936508e+00
5.843398077352239817e-01
1.901855802401206219e+00
3.565353503672047175e+00
9.999999999999998890e-01
1.679638958144076241e+03
9.150709097201346065e-01
1.411598303957428024e+00
8.928802725637975390e-01
1.552606480275805501e+00
4.318818880981894814e+00
9.999999999999998890e-01
1.691468076423155253e+03
9.137284172472331933e-01
1.594227916236742759e+00
6.713555408323707008e-01
1.844819674168301393e+00
4.558850780238080880e+00
9.999999999999998890e-01
3.304326899377744212e+03
8.609357971452503699e-01
1.927279223477310177e+00
7.147863061422234932e-01
1.992291431060805085e+00
3.575422914391904960e+00
9.999999999999998890e-01
1.593140944379608300e+03
8.638415435890030025e-01
1.886820450763981194e+00
8.520280011488261529e-01
1.622671869851514570e+00
3.586035866067423861e+00
9.999999999999998890e-01
2.464328049876737168e+03
9.161164821168961137e-01
1.781042396202207279e+00
6.144628282551686249e-01
1.874910075959388189e+00
3.453008409998967743e+00
9.999999999999998890e-01
2.344789079040967863e+03
9.061169538586386629e-01
1.925598816020328119e+00
4.868605067462971059e-01
1.804214669887154177e+00
2.373291171978372027e+00
9.999999999999998890e-01
2.140155252662678322e+03
9.341007029143179041e-01
1.737983023323816489e+00
6.450409249101659581e-01
1.585015753544245065e+00
4.306782435125900754e+00
9.999999999999998890e-01
2.240335731505062995e+03
7.046528060031088669e-01
3.681478268032561285e+00
1.296149392307854642e+00
3.207181008911392794e+00
5.125433290904197747e+00
9.999999999999998890e-01
2.421469248671829746e+02
7.637297883796954068e-01
2.355316447480481301e+00
1.762248303726328569e+00
3.248545430110907350e+00
3.395562760774526012e+00
9.999999999999998890e-01
3.839587410617041314e+02
7.655349081965726610e-01
3.760725337763426879e+00
1.014392512227627385e+00
3.839865399454246209e+00
3.043149448484552266e+00
9.999999999999998890e-01
4.244427360414255190e+02
6.619521934632358606e-01
3.245742657853977420e+00
1.667745706287234952e+00
4.108968352055386575e+00
3.576572885363773935e+00
9.999999999999998890e-01
3.273985050601784224e+02
6.827121482289895127e-01
3.860378748645896252e+00
1.655560791432101331e+00
3.707564576137907686e+00
3.948990693098524130e+00
9.999999999999998890e-01
2.541700545967690061e+02
6.459202776100522181e-01
3.357407586547331402e+00
1.563086499992479617e+00
4.351419139930646551e+00
3.959847854736961548e+00
9.999999999999998890e-01
3.444779025998765292e+02
6.956011870046122647e-01
3.176148221434692331e+00
1.406597355202373389e+00
3.122727901217191349e+00
3.218385128712701437e+00
9.999999999999998890e-01
2.595892532272567905e+02
6.582722689175822817e-01
4.294159730511870166e+00
1.627740880651149302e+00
3.379432056529438011e+00
4.237927176203737822e+00
9.999999999999998890e-01
2.415911468890577112e+02
7.497972593750268366e-01
3.714412999526675918e+00
1.268641513851474389e+00
3.632766392866812577e+00
2.809622237708813586e+00
9.999999999999998890e-01
2.597724949003455777e+02
7.416950437081978320e-01
3.084443038434039774e+00
1.154499246984629357e+00
4.590864964225786160e+00
2.809193902032240953e+00
9.999999999999998890e-01
4.360353292256043574e+02
6.497143194390253562e-01
3.942828524092532039e+00
1.769299261861273287e+00
4.419825913310265975e+00
3.203043072055421714e+00
9.999999999999998890e-01
2.296243930143660918e+02
6.544571487678985111e-01
2.490175280003842140e+00
1.664565150906223812e+00
4.434499383981282072e+00
3.619959578745997941e+00
9.999999999999998890e-01
4.918286704327088046e+02
6.863451449122507375e-01
3.786604191255024343e+00
1.636812144160421978e+00
4.735529372692294459e+00
4.023454156147773020e+00
9.999999999999998890e-01
4.633650777187264680e+02
7.070860753289351930e-01
2.861210171742726516e+00
1.409030362305007777e+00
3.766470063760430698e+00
3.616062697621571953e+00
9.999999999999998890e-01
2.627763625025269789e+02
7.043164836136098783e-01
4.012840177187076307e+00
2.025848144879755175e+00
3.137373402423149660e+00
4.694360633226952295e+00
9.999999999999998890e-01
3.832529522294425419e+02
6.186672721057611124e-01
4.083456577209183536e+00
2.005642760887046183e+00
3.308919131141227155e+00
4.239990138204265513e+00
9.999999999999998890e-01
2.938416771613840410e+02
7.378192764251132463e-01
2.904146483160543024e+00
1.335418550226889378e+00
3.367316587777527737e+00
3.833911339454922018e+00
9.999999999999998890e-01
5.187936836032655492e+02
7.082913741571787991e-01
4.498724249495392513e+00
1.330593702999565586e+00
4.030248547448650243e+00
3.919378780097289905e+00
9.999999999999998890e-01
2.825560508845764502e+02
6.389633716422208343e-01
2.892421417152736485e+00
1.461659618907985347e+00
4.351368275845840294e+00
3.403154585086261008e+00
9.999999999999998890e-01
3.435499856902604279e+02
7.598022255396463809e-01
3.809510268337100936e+00
1.732862596146768297e+00
3.234701095773825141e+00
3.697928993797185093e+00
9.999999999999998890e-01
2.933235282771018433e+02
