1.957285137998986402e-01
2.598362473799384897e-01
2.995548906114189891e-01
2.649044906054922044e-01
6.492582496105336887e-01
2.272955604685395203e-01
4.725058866108331618e-02
2.160785447418451244e-01
3.331919694751525607e-01
2.796801371118752821e-01
3.084141183577473466e-01
6.567155344397693773e-01
2.904112486039044927e-01
4.013186652330717752e-02
1.804271710190236966e-01
2.887574442982373535e-01
2.712278864493697372e-01
2.648483845901343225e-01
6.620883193741713413e-01
2.736798731128816664e-01
4.350349534932449608e-02
1.985975016909642399e-01
3.437296104269684238e-01
2.408191093332977262e-01
3.346973935006783973e-01
7.755806222964307661e-01
2.677523545624984069e-01
4.915387725758391807e-02
1.977907662831693281e-01
2.952539269364870544e-01
2.664703435977503476e-01
3.381248549461849939e-01
6.249500760229409480e-01
3.022379729457038700e-01
4.428820699898648738e-02
1.887263025542079975e-01
3.022266526805811315e-01
3.514572997474711413e-01
3.292870140818671132e-01
6.208983900882955043e-01
2.113718898200416252e-01
4.525999786791844171e-02
2.127443344904626499e-01
3.486526487401620522e-01
3.539128183386781590e-01
3.158000693010156179e-01
6.049308934132675564e-01
2.556268804195586108e-01
4.202077511185121905e-02
1.872025603921992076e-01
2.732605887802727618e-01
2.837681008582729758e-01
3.898203303514833906e-01
6.579816480333438022e-01
3.245607195966779823e-01
5.363606553670812599e-02
1.924143635692231735e-01
2.907649678202123833e-01
2.432045727280169878e-01
3.777898469705575080e-01
5.826042080355240405e-01
3.581309086478065007e-01
3.857621767008097974e-02
1.821168763377238597e-01
2.826396981604472058e-01
2.555964104436676543e-01
3.823361316336014171e-01
6.262843348808337929e-01
2.893126562026364645e-01
4.437392153980228987e-02
2.062644932071636683e-01
2.823324477473573846e-01
3.226351791411833925e-01
3.471373905671781834e-01
6.276951850292815660e-01
3.364241245558027837e-01
4.554787532937230182e-02
1.659704188360988097e-01
3.241342982264209249e-01
2.708616475548001890e-01
2.910496664590995763e-01
6.908553147993978794e-01
2.844292619767296859e-01
5.268072067061098374e-02
2.217516889756127318e-01
2.944792927816567429e-01
3.706437830363377706e-01
3.590312668978517530e-01
6.608543276145342205e-01
2.831136291953699202e-01
4.237958682124977339e-02
2.088507846666278478e-01
3.352583182939655737e-01
2.595104195141679781e-01
2.368970018480723860e-01
7.192584462847736448e-01
2.599486490525386162e-01
4.934870493689427762e-02
1.659903425783292308e-01
3.605248909763951737e-01
2.478618528292051149e-01
3.409951658791601781e-01
6.619022242181397120e-01
3.165994021892088450e-01
4.505188940300388495e-02
1.590990239895587188e-01
3.317258706423739101e-01
2.905236704878144671e-01
3.516299076161441550e-01
6.930907715616130282e-01
3.209042754150367993e-01
2.921186261891546218e-02
1.721265750345061241e-01
3.355393647994546202e-01
2.777423615172568971e-01
3.897752498223805429e-01
6.547163924384071798e-01
2.769803684307202696e-01
4.527394842770302713e-02
2.083159634796595550e-01
3.282410875816147988e-01
2.334828410385909325e-01
3.494552217440538011e-01
6.677074970183048963e-01
3.144601270492390910e-01
5.561846131255067383e-02
2.188829315502160699e-01
2.929896341843852836e-01
2.624015038910413877e-01
3.157051226593072801e-01
6.666835206177295081e-01
2.726313305349075677e-01
4.934992088596441145e-02
1.928189137012653875e-01
3.624869747195431091e-01
2.617309838649164444e-01
2.997548583248543230e-01
6.483447297460247505e-01
3.008180171629216137e-01
5.064984344643226610e-02
1.822960383172450016e-01
3.394410021473647232e-01
3.210530616351016109e-01
3.339859559598702399e-01
6.923225296531091422e-01
2.610684275791649855e-01
4.576991391625402639e-02
2.036017814642395451e-01
2.600258980163279721e-01
2.890725549257199267e-01
2.979255618123732852e-01
6.709999262012125154e-01
2.558389405825076679e-01
4.511954908727972696e-02
2.143216563889363546e-01
2.929097331209639110e-01
3.021032530435707741e-01
3.068230768587955071e-01
6.095914862717815019e-01
3.386914218343159977e-01
4.809750138133150887e-02
2.034858910847974489e-01
2.619514987294175312e-01
2.720842409285307850e-01
2.928762514187476240e-01
6.811749377235619685e-01
2.680044731687316606e-01
4.578327473999947023e-02
2.163028017749072385e-01
2.654666527772026607e-01
2.818124501735284060e-01
3.570811616707840752e-01
7.419402810616100297e-01
3.253928632044654212e-01
3.806355775161270744e-02
1.650123542862370618e-01
3.010696366182220030e-01
2.837630886213399206e-01
2.599669185568739271e-01
7.388167688926509102e-01
2.823287732152417462e-01
4.132826183830263372e-02
2.202831451972678822e-01
3.093270100744903162e-01
3.132824924841848824e-01
3.490803041452279487e-01
6.612322234705102497e-01
3.454605428005861900e-01
4.598647918491566983e-02
1.872803032842223769e-01
3.026825582683886906e-01
3.063875498468676128e-01
2.695133239724150642e-01
6.565645940044755324e-01
2.469101921313195114e-01
5.102771828478252364e-02
1.905703256677722390e-01
3.204391989437491706e-01
3.470406383937038597e-01
3.422867823238850971e-01
5.708768114316447040e-01
2.898280189067078405e-01
4.255852223870216361e-02
2.343636314680340726e-01
3.279114984095310992e-01
2.547057947320492954e-01
2.960663757661043949e-01
8.873450335991295290e-01
2.995785321242820931e-01
4.595008246271046343e-02
2.036259519420704212e-01
2.488584505386221557e-01
2.981833647577529223e-01
2.885682578778591134e-01
7.226056171605342859e-01
2.266651771097471513e-01
2.930606291748529685e-02
2.186070023865950285e-01
3.110689825014724685e-01
2.748026127076224623e-01
3.320086020904464141e-01
5.614121385427940369e-01
2.906313845390856576e-01
2.690847810055851594e-02
1.761744085204877408e-01
2.803596922123413604e-01
2.497707009050977867e-01
2.579092403531257349e-01
5.661569062367312055e-01
2.728427391672454960e-01
2.947362222785858410e-02
2.087984182143231560e-01
3.468175304132709025e-01
2.376383079743815963e-01
3.405844616665397173e-01
6.590815542876592437e-01
2.668704893965061498e-01
2.803168459088269809e-02
2.009253881076673298e-01
3.030771591890617511e-01
2.693450562274408711e-01
3.551426950470820687e-01
5.639848054669036603e-01
3.023017825321606122e-01
2.930593361648484163e-02
1.990878383640228011e-01
2.861614513583577435e-01
3.368174063391086714e-01
3.479594460062763739e-01
6.374939093680446200e-01
2.120625266605641324e-01
2.464785027276078858e-02
2.070166815267271143e-01
3.550690932891528151e-01
3.620867651921433894e-01
3.038992677794417063e-01
5.164622832961240917e-01
2.557826407242355660e-01
2.806386520949532073e-02
1.769487619236692344e-01
2.915789758250754704e-01
2.724391845343378527e-01
3.985165388157171917e-01
6.198838794000272046e-01
3.246470308657207204e-01
2.543633324378999708e-02
1.937899551839456780e-01
3.012442307627750115e-01
2.425012738005257462e-01
3.686290277713087926e-01
5.390283047661678095e-01
3.569760396835978122e-01
2.482267815767310801e-02
1.866443373787943227e-01
2.708536607047848377e-01
2.556177211660373705e-01
3.865231728868920857e-01
5.973844598514116422e-01
2.906175364133665728e-01
3.232660340729741344e-02
2.020932905807554247e-01
2.626822834667523199e-01
2.875984680251336134e-01
3.358147681587384525e-01
6.604190965522876988e-01
3.352149252292947468e-01
3.012308689360402789e-02
1.620309324050048794e-01
3.550677474596123373e-01
2.751588713965927857e-01
2.990150875658239005e-01
5.249610174326326817e-01
2.848119451777950673e-01
2.482859335288386399e-02
2.151535940388172030e-01
2.737792254649519252e-01
3.793678131407357546e-01
3.166718682618453462e-01
6.816058044411393846e-01
2.819525436284258668e-01
3.017730618062906128e-02
2.116072343887519247e-01
3.087229566879262088e-01
2.581924257749151908e-01
2.615618514166419550e-01
6.304818998091309412e-01
2.603906151069955710e-01
2.587513137165837682e-02
1.619377241411441848e-01
3.559038638387931885e-01
2.506900239791506335e-01
3.349072814120412356e-01
5.012301417760245403e-01
3.160870124024645622e-01
2.819454741044944562e-02
1.529570477279053597e-01
3.608813230831869889e-01
2.876625531541988079e-01
3.513875555776659887e-01
6.629100607604999640e-01
3.201588233863532640e-01
2.640492991886654595e-02
1.757670186562377279e-01
3.272923839743714369e-01
2.806988714272246055e-01
3.642696376924302593e-01
6.057564143421285685e-01
2.757874672094395296e-01
2.591846809032491775e-02
2.063715500485611698e-01
3.235044340246616135e-01
2.206937887196653292e-01
3.336117667992866131e-01
6.064242911900780131e-01
3.140296610195866811e-01
3.256735845686482833e-02
2.258437584054831526e-01
2.840754832842397049e-01
2.536922032712357056e-01
3.184207661417907120e-01
6.616330997188385465e-01
2.716903351713319537e-01
3.117812129047595193e-02
1.925814274411564164e-01
3.408580783903438216e-01
2.695382055149332379e-01
3.236465023388440665e-01
4.768779261257440893e-01
3.010755858515727912e-01
3.036770532306166254e-02
1.796060914103587147e-01
3.548186068126611414e-01
3.292208894662572716e-01
3.245923048307295389e-01
6.456262800051041362e-01
2.607698967799516043e-01
2.571021614456703644e-02
1.789406796772903263e-01
2.493370118892720977e-01
2.760308158378980692e-01
3.191313880980530815e-01
5.978142481573828215e-01
2.559752448321719331e-01
2.529364908202592910e-02
2.102657350637926748e-01
2.894830008075264804e-01
2.998344268673882596e-01
3.099360178057226634e-01
6.738551068351877893e-01
3.394262756214406762e-01
2.152643707645535837e-02
2.051466893357359045e-01
2.759821836753817981e-01
2.860035720026627981e-01
3.437926400675267447e-01
6.520005738919318894e-01
2.677482665675144369e-01
2.952715957033994615e-02
2.227367173398615008e-01
2.160141284930355843e-01
2.919058700933993000e-01
3.537393388664393790e-01
7.353101880757769715e-01
3.251282746507801469e-01
2.585129619295508871e-02
1.664322275859013434e-01
3.105054611487076954e-01
2.744082483942067996e-01
2.712536698729161588e-01
6.832857265620899678e-01
2.809181950283471396e-01
2.358883378011166973e-02
2.193705615822293953e-01
2.917292274324168044e-01
3.050138850093765397e-01
3.472626046259461585e-01
6.690427396389018178e-01
3.451923910608283852e-01
3.084581832628009376e-02
1.800585484044666951e-01
2.958880637574743955e-01
2.968531881880498990e-01
2.419164745718470344e-01
6.385721069257254134e-01
2.468429094078606334e-01
3.077400824855968178e-02
1.964411832203070973e-01
3.664440459077670798e-01
3.376597213625466831e-01
3.702670003359617712e-01
6.160721031487208510e-01
2.898325587627504363e-01
2.439104988994892503e-02
2.399334923972505917e-01
2.933574116780504615e-01
2.656625264035640810e-01
3.452844640038457147e-01
5.802653655858852622e-01
2.987604460511574800e-01
2.804325759986599567e-02
1.910931945749196059e-01
2.802057020191600634e-01
3.066625017993105384e-01
3.002215472985895750e-01
7.160067678907230393e-01
2.263570852584345094e-01
1.775233495460638508e-02
2.169652889475587321e-01
3.092718888510386788e-01
2.848493131634589060e-01
3.596220131455133973e-01
5.857777919725675186e-01
2.904734638084358056e-01
1.801993839603965863e-02
1.699817728654248183e-01
2.801065913725355183e-01
2.731857261576618456e-01
3.114379087114167444e-01
8.133534882955455458e-01
2.725743076003376286e-01
1.687480518718450367e-02
1.996076838933512343e-01
3.692519709036149456e-01
2.254653907195166285e-01
3.543264191341278235e-01
7.159360385042526920e-01
2.673069452755018061e-01
2.155823305294045020e-02
1.932276430193187178e-01
3.102572682311414143e-01
2.687778362970323909e-01
3.921508891735404623e-01
6.843551670433037915e-01
3.027094244674590207e-01
1.970452219277844461e-02
1.852599600827509740e-01
2.980536590280747355e-01
3.421524114829870844e-01
3.420547511518536310e-01
5.927516417525476866e-01
2.117911266663976277e-01
1.814000647176137668e-02
2.180264987236166241e-01
3.783449418640608686e-01
3.629504731312530041e-01
3.418877827045509465e-01
6.802576552424083323e-01
2.556895608349730731e-01
1.926831161739165146e-02
1.711155990147814332e-01
2.618294221482245221e-01
2.709720177322395562e-01
4.414252168620262373e-01
7.658430692100141046e-01
3.248282232622646815e-01
2.366746957104343824e-02
1.963603043803652248e-01
3.288560476752240280e-01
2.476702114148040812e-01
3.795781550953026828e-01
6.741502350144429334e-01
3.571566409364799188e-01
1.976874506581748070e-02
1.853239543102461473e-01
2.871995895485648376e-01
2.603071528695857229e-01
3.772205021679615466e-01
7.628935089265478364e-01
2.908767176187447845e-01
1.883463600977347899e-02
2.016490917740647315e-01
3.033766754227767981e-01
3.049367395452079466e-01
3.648818858749789951e-01
1.558528830855879788e+00
3.357874249911823594e-01
1.787037026081939040e-02
1.689170453589372289e-01
3.232559988253255745e-01
2.896425991154291113e-01
3.425826444829137007e-01
7.100597941405918379e-01
2.853020837813960431e-01
2.099273738123490565e-02
2.207036331034876453e-01
2.832814238642504256e-01
3.913692515183432308e-01
3.583414922900275967e-01
7.068071953545307373e-01
2.812646396387849523e-01
1.780079755217001472e-02
2.101821217380710483e-01
3.555146467588741199e-01
2.524963270089417566e-01
2.912503645254955753e-01
6.743575320707207998e-01
2.608499470793940178e-01
2.138392912877824098e-02
1.676519113968960861e-01
3.714289916555802429e-01
2.671956634536129527e-01
3.690115922535832649e-01
8.331181330733733459e-01
3.163021169370657804e-01
2.245807473237037763e-02
1.523270947551198240e-01
3.753463270459129753e-01
3.094660452425178621e-01
3.788748133287290210e-01
7.166367173032344162e-01
3.205171113567774066e-01
2.044433637291893230e-02
1.789219981895047440e-01
3.601394477823162688e-01
2.846902683805075385e-01
3.713808313970793362e-01
6.364127446481426809e-01
2.766122402876959319e-01
1.674390603296802699e-02
2.134032529355482655e-01
3.104800396204758783e-01
2.637364460965349044e-01
3.536638364170782700e-01
1.525172265925606840e+00
3.143467586417261761e-01
2.429606480119003015e-02
2.122501725836012376e-01
2.699911005636987382e-01
2.514108033391924679e-01
3.288789348366631948e-01
6.275873153131106275e-01
2.722715311640683811e-01
2.452785805532266966e-02
1.892687748737554299e-01
3.698898125611504994e-01
2.724304699576453048e-01
3.370163549183191609e-01
7.277374192662693364e-01
3.007844778040112410e-01
1.905094918967765311e-02
1.767015823029599586e-01
3.401902757411576217e-01
3.099300223535195187e-01
3.598346295923587346e-01
1.541734384690092607e+00
2.610123321021234344e-01
2.106155528739847224e-02
1.964678745416175987e-01
2.530065846606570079e-01
3.103407159630964252e-01
3.486009416331990463e-01
1.590621558862851614e+00
2.560244703754729900e-01
2.592516160569320258e-02
2.053300785247168525e-01
3.307611531154582285e-01
3.233124919954937782e-01
3.519948461884309654e-01
7.547857405870621594e-01
3.392804083239022717e-01
2.117355250504468142e-02
2.053936872293444793e-01
2.982344737037200266e-01
3.007765416990942353e-01
3.614871418405348757e-01
1.599774421388841628e+00
2.681956029139502262e-01
2.110628647427606822e-02
2.202538142767253015e-01
2.443201722640787610e-01
3.082806292632272460e-01
4.075352230877178905e-01
1.999970772695074173e+00
3.254837227270236943e-01
2.306971370556370332e-02
1.629623853301201131e-01
3.229378541159806937e-01
2.787077834161412193e-01
2.970144663137323504e-01
6.588110615489147781e-01
2.803774162861673025e-01
2.516369307307817285e-02
2.223621075054103557e-01
2.819209539038848855e-01
3.062551831471284070e-01
3.720128737141268904e-01
7.985969902257638031e-01
3.458884343500136516e-01
2.399535899854713175e-02
1.810304272663407488e-01
2.985951005211102127e-01
2.880422746357533814e-01
2.999045187591954376e-01
2.488392302029060588e+00
2.478194896375889023e-01
2.229554256627157977e-02
2.035042059399953807e-01
3.184950248508968684e-01
3.425341452961781497e-01
3.710380885335328727e-01
1.625488202598771359e+00
2.897487757044656109e-01
2.021023449094792868e-02
2.379850478696203531e-01
3.138775591277216948e-01
3.117696820053960094e-01
3.638528275739063012e-01
1.541338919982754074e+00
2.989877508504339976e-01
2.187772433375939282e-02
1.939139294271292890e-01
3.661614266817619368e-01
3.588915497976618574e-01
4.368717916800347045e-01
1.427724664572822988e+00
2.266430138276823991e-01
1.887048477189818413e-02
2.157817562452113980e-01
3.629840309116390551e-01
2.766232428600742255e-01
4.084634453582731695e-01
9.158688836323056748e-01
2.907802857704552824e-01
2.087900716003019894e-02
1.819185241214572590e-01
3.381149567719092808e-01
2.892618349301495639e-01
2.994608238364979691e-01
1.582076001665258635e+00
2.723180410326862533e-01
1.741566840459883234e-02
2.043863136729692220e-01
3.899422066794399067e-01
2.554003420874750852e-01
3.805826730541193026e-01
9.900845631162223937e-01
2.676459409778164100e-01
1.916815437617606574e-02
2.091469102891781173e-01
3.707328127839727983e-01
2.646785687108861862e-01
4.307874548165329109e-01
1.326958277827434030e+00
3.023146855941533651e-01
2.195785875608211729e-02
1.950051873818880732e-01
3.218879667292006141e-01
3.151488488191587778e-01
3.238968354604501165e-01
1.659991281921171291e+00
2.118542504730122622e-01
2.352204527223544089e-02
2.224968427053720110e-01
3.913014965732438677e-01
3.260664847149925549e-01
3.781813584925525773e-01
2.061419433778685306e+00
2.556955042696150149e-01
2.599118304273280791e-02
1.861293770360889777e-01
3.250845917278301078e-01
3.308001558497843386e-01
5.184080989758892422e-01
1.422197774079727139e+00
3.249359067521062072e-01
2.185630563476703009e-02
1.982952479165542292e-01
3.655108723512669466e-01
2.674120386350404832e-01
4.241501278253889118e-01
1.597427862136079790e+00
3.569028179805836531e-01
2.033096712883487173e-02
1.784468147696932905e-01
3.260855565876568107e-01
2.799790133143548743e-01
4.531078640766253995e-01
2.212202967065112880e+00
2.910915420430195688e-01
2.224047404403598285e-02
2.194969757397168264e-01
3.707164254911177181e-01
3.353172317858308937e-01
3.714002550798624624e-01
1.707845179403604030e+00
3.355664456490142777e-01
2.160480818521243879e-02
1.713907260741373562e-01
3.298650008773145181e-01
3.257473209736100883e-01
4.066160890504244008e-01
2.301517325296073224e+00
2.862128652905848170e-01
2.012528351729842707e-02
2.129630954988488145e-01
3.617219552241351388e-01
4.433777126866747520e-01
4.235061098764061338e-01
2.564681193875754328e+00
2.812448453323925235e-01
2.253625610477449220e-02
2.172054209973144911e-01
3.771758926259687339e-01
2.889255766173865481e-01
3.129743768651166436e-01
1.613891982923803647e+00
2.615356976898155494e-01
1.657744789979825883e-02
1.866665005679784550e-01
3.628153149467543970e-01
2.949157907902064668e-01
5.053051120409733921e-01
2.950946112990690651e+00
3.167391222834163300e-01
2.039731179641707942e-02
1.646274219366992420e-01
3.591249288822999097e-01
3.229660339457038343e-01
3.697647882673363307e-01
1.781431171515354572e+00
3.202593087400809058e-01
2.131222238752058726e-02
1.788335101917391257e-01
4.347157459000114410e-01
2.802392163685988313e-01
4.600552118593691509e-01
1.799947718588862156e+00
2.760739509042055007e-01
2.579429192285109113e-02
2.170245042336616526e-01
4.049905438523279111e-01
3.199045597390468010e-01
4.135866871078095475e-01
2.757701994081677821e+00
3.147686703134130459e-01
1.769657836121167616e-02
2.239081969488125046e-01
3.640065752096698914e-01
2.875038131961487053e-01
4.211953715685404220e-01
2.219784875367638133e+00
2.723605587706464104e-01
2.734023738194401795e-02
1.966273007557501618e-01
4.016675255456698679e-01
2.652518170393756702e-01
3.657230747443628305e-01
1.660521689259520484e+00
3.010129543353672332e-01
2.468748019168947455e-02
1.832144738688055163e-01
3.558594626819140405e-01
3.608787814951070483e-01
4.334555517986980466e-01
2.230352293140559272e+00
2.608166522458867931e-01
2.132098891781997532e-02
1.972595981883685512e-01
3.246733524680488481e-01
3.200647481982943909e-01
3.701090871789678993e-01
1.055503907114865969e+00
2.562170917483255206e-01
2.211849122186236236e-02
2.091899445544151970e-01
3.121381348531412359e-01
2.893673776299739986e-01
3.370658988936829914e-01
1.622996160975053836e+00
3.394168544331126469e-01
2.282567267146005247e-02
2.190736774637382367e-01
3.805730683003567538e-01
3.557899155743187158e-01
3.854982258070107082e-01
2.129982999299005808e+00
2.686626534547639777e-01
2.055516807737359231e-02
2.236000505786803483e-01
3.655026125745095555e-01
3.692299594529445117e-01
4.344294052497225667e-01
1.328789054725187935e+00
3.246394958004939491e-01
2.730289428450909800e-02
1.600140589779047995e-01
3.377231894446606764e-01
2.871300885341981912e-01
3.092829721101120199e-01
1.630112104066609113e+00
2.808074454998334413e-01
2.116228024169107547e-02
2.263209889900479055e-01
3.621131465971771934e-01
3.596014364993961876e-01
4.160332887157995874e-01
2.502916446613983936e+00
3.457426442422265600e-01
2.334664660947803269e-02
2.001869300208733160e-01
3.848363792396191640e-01
2.968470096239864686e-01
3.196096525924769782e-01
9.685598018620085181e-01
2.471251055043882094e-01
2.388540210300311301e-02
1.988638249692622484e-01
4.292457101394946961e-01
3.508789059687412726e-01
3.977587058498299188e-01
1.686182541379831035e+00
2.901887983628317902e-01
2.005647307137337770e-02
2.366384539359246697e-01
4.116055288888986197e-01
2.695736014319029539e-01
3.640392567332577101e-01
2.210252048072944397e+00
2.994389721525795300e-01
2.927650505113046919e-02
1.910874420326625078e-01
4.052723593116054346e-01
3.470846037399144546e-01
4.118274878818998785e-01
2.104608086689765400e+00
2.266573993665331466e-01
2.852762684929810444e-02
2.249521683126148863e-01
4.241055030962376793e-01
2.934971900359013564e-01
5.483341000896820860e-01
1.286785114633387739e+00
2.902737217344165677e-01
2.295990312972787106e-02
1.818060909430854466e-01
3.972973576981247423e-01
2.863810685786736809e-01
4.382722400739130775e-01
1.263755897824132113e+00
2.726330819212716139e-01
2.344728973976516195e-02
2.146049148074148372e-01
4.294054350561760658e-01
3.119680262578963248e-01
4.806752869550879881e-01
1.708429366123709547e+00
2.677960559199660806e-01
2.838313141842761095e-02
2.052017118982091826e-01
3.794887206311752248e-01
3.240785714603907075e-01
4.445896259464485190e-01
1.614142923439004784e+00
3.020166817031680884e-01
2.813001661089644528e-02
1.987729151549507411e-01
4.045932846668462979e-01
4.014891834778457347e-01
4.549549000962554435e-01
2.031182961813996268e+00
2.116707152484995358e-01
3.370291148312117707e-02
2.325253103164454660e-01
4.732351151158318281e-01
3.702692884547890140e-01
3.933135488629179166e-01
2.064456027940500427e+00
2.555011988385356148e-01
2.084331481679225009e-02
1.734527131886006157e-01
4.847693765884409922e-01
3.724116853616806777e-01
5.631582397349343960e-01
1.867006373702202682e+00
3.245564855718138242e-01
2.737730039717471350e-02
2.145915004048500607e-01
4.330519517076559244e-01
3.118318324567277977e-01
4.811807074893409419e-01
1.803096678571052491e+00
3.570802270484886853e-01
2.320650161167890635e-02
1.829983077337502262e-01
4.737068285155380254e-01
2.637213735423679650e-01
4.625079584016365541e-01
2.360945317963977885e+00
2.916446253073513017e-01
2.680284096168683919e-02
2.405320071574430230e-01
3.419013785340968004e-01
3.708508994629557409e-01
5.256430114405458154e-01
2.117170621432497679e+00
3.359537936437963501e-01
3.050621963952945478e-02
1.797309735518532181e-01
4.780587601866694292e-01
3.066576620687260779e-01
4.101807053095903322e-01
1.751686404439849909e+00
2.857456731892343282e-01
2.393340560560684033e-02
2.260347083328146101e-01
4.398876261550305200e-01
4.140156496854676127e-01
5.504685490156175920e-01
2.174316982068833948e+00
2.817758444488771552e-01
2.831805178656194091e-02
2.149328914748128705e-01
4.040539030912902452e-01
2.809619247150460519e-01
4.373868935737646457e-01
1.360893899622602987e+00
2.603941006470741337e-01
2.643035138604097126e-02
1.710897452731326707e-01
4.733948213469935662e-01
2.990242014247223024e-01
4.657262572584914828e-01
2.971119930972822676e+00
3.159225730471466598e-01
2.638169376695388008e-02
1.664720666923994452e-01
4.759278943275595530e-01
3.734589434481774828e-01
4.550106207382031975e-01
1.709014442460113692e+00
3.201710328457030852e-01
2.399747049196975304e-02
1.781452179000445335e-01
4.671284662058134973e-01
3.146431566782273426e-01
4.873305146481211048e-01
1.449487790157494960e+00
2.762798431446230052e-01
2.386247317744501911e-02
2.160091679952440558e-01
4.316309205263992310e-01
3.159405312696623724e-01
5.712655007359906945e-01
2.763435470343100775e+00
3.144570092486469459e-01
2.463793750065433955e-02
2.299849979856944671e-01
3.795583653900491683e-01
2.987052316679474351e-01
3.804915146055131703e-01
2.384829478030114913e+00
2.722741630665346801e-01
2.545195876484988504e-02
2.173766667487674054e-01
5.080992063902681766e-01
3.054574994756900086e-01
4.866597547676748681e-01
1.518770220100221113e+00
3.009103890823885963e-01
2.615732869691420048e-02
1.786705775580618993e-01
4.495135754648170723e-01
3.741583623185265051e-01
4.267922309066559672e-01
2.342974251160700128e+00
2.608391677494324989e-01
2.216687034756865612e-02
1.859378045142988378e-01
5.232909876109108627e-01
3.605262488033965651e-01
5.001174291550445350e-01
2.311681466024642084e+00
2.559782582535616857e-01
2.549223129234851060e-02
2.112248468733164686e-01
4.287678899620241957e-01
3.647357093555766427e-01
4.501527262392177597e-01
2.483628793218114694e+00
3.385000671360883784e-01
2.826242853045647652e-02
2.193017860107514538e-01
3.779662792948910166e-01
3.076732683366091292e-01
4.378030559258221377e-01
2.394143061085253432e+00
2.676515898151242134e-01
2.972430759448406803e-02
2.254636328940658463e-01
3.934726959158436621e-01
3.059947010287726310e-01
5.104455208607595607e-01
2.643773523337062059e+00
3.251808517609462990e-01
2.241233463948572036e-02
1.662511185029569571e-01
3.773296599339339696e-01
3.358374886575722362e-01
3.539386658786214945e-01
1.903881909237852721e+00
2.811228986108568750e-01
2.225199587072299728e-02
2.425315373258844776e-01
4.779919834919250654e-01
3.283024207337519318e-01
4.591230115695926761e-01
2.222813768956018343e+00
3.455954000393338665e-01
2.790573902049231850e-02
1.905144293823772816e-01
4.554307412932873667e-01
4.008704345157321769e-01
3.531773139040370046e-01
2.236162119653186231e+00
2.471851992818080990e-01
2.693048958941706220e-02
1.838122338766231545e-01
5.238258712609523693e-01
3.692050609380949644e-01
5.691665775085689161e-01
2.610500547728601628e+00
2.898979464972891718e-01
3.093059037760358121e-02
2.543896996524047105e-01
4.177340729476479719e-01
3.456888046093373745e-01
4.723206256887569343e-01
2.342728223532294596e+00
2.988453451144292283e-01
2.919133349692187504e-02
2.052082275196107641e-01
4.118261561852639696e-01
3.130182632414514332e-01
5.263455926716468225e-01
1.409287759575831078e+00
2.280303076910660531e-01
2.633885960470020576e-02
2.139788182955598972e-01
4.364224558597163406e-01
3.261360930006885206e-01
4.661023248972698263e-01
1.324335084027204568e+00
2.902818579418747214e-01
2.104005693844395591e-02
1.860751357573292020e-01
4.522919105535289086e-01
3.238378505943207419e-01
5.371062320385883160e-01
1.468633705115449217e+00
2.734369952160450867e-01
2.170679408054755621e-02
2.079927902202130807e-01
5.378346231240579423e-01
2.746351332456783978e-01
5.369625621261209236e-01
2.082286505690445821e+00
2.671072802882585862e-01
2.522049498035099091e-02
1.982056033746315005e-01
5.241399455279436292e-01
3.629714571274552104e-01
5.558437417936739067e-01
2.001425462935475075e+00
3.025508362123837669e-01
2.154187051059066813e-02
1.934718384621142706e-01
4.518439130581883290e-01
3.615844343794121230e-01
4.209648562105373082e-01
1.424844802276569400e+00
2.120003839007736646e-01
2.393337993405565342e-02
2.410345841813927303e-01
4.515271020180695594e-01
4.096889165024948931e-01
4.304379999405902324e-01
2.231855822886060103e+00
2.568680587655564618e-01
1.884685454238326299e-02
1.721821292271134840e-01
4.854390312075392844e-01
3.247814813434014569e-01
6.011143406416941115e-01
2.564403000089293894e+00
3.243367094343808099e-01
2.537353719606490199e-02
2.114515290184671992e-01
4.636269364140922500e-01
3.683654429084951554e-01
4.837530845137759106e-01
2.437314813984184703e+00
3.564635455143857490e-01
2.246085140441911668e-02
1.824523824338981637e-01
4.989616419971797390e-01
3.051147316560847700e-01
4.975244985684203480e-01
1.820625256146053639e+00
2.897479644604312732e-01
2.044555983290155532e-02
2.104115559271023672e-01
4.554238238099139191e-01
3.864658621700462482e-01
4.817529846777158786e-01
2.169096428725417525e+00
3.350110814836270712e-01
2.502458418214783403e-02
1.661138821642022256e-01
4.711677794519189000e-01
3.765178855160072335e-01
5.846825029015851882e-01
2.243626083102538971e+00
2.874817705163109638e-01
2.590012533051990265e-02
2.190598307252677179e-01
4.749287500764799441e-01
3.996300916164897132e-01
4.727948448583459418e-01
2.063711753094843004e+00
2.803515384017998269e-01
2.558408995247852050e-02
2.183721412733909961e-01
5.007425614296145966e-01
3.222259943808548077e-01
4.342069946259141666e-01
2.195688067389185427e+00
2.605412323333635705e-01
2.662494660162724458e-02
1.763691741940943969e-01
5.069230031927598468e-01
3.276740966543782996e-01
5.295290100009798495e-01
2.443023186809905045e+00
3.171861042795545704e-01
2.504727179734688239e-02
1.578739460346464396e-01
5.467482571111222933e-01
3.578919673181241157e-01
5.009025324930458378e-01
2.238470354307657395e+00
3.205600941820407335e-01
2.415368144835740999e-02
1.759852148573350095e-01
4.638748853216912993e-01
3.897313670273681030e-01
4.547005319023187386e-01
1.931647596948196988e+00
2.761941915949118198e-01
2.510351946861673345e-02
2.104648615566749870e-01
4.681844353168780337e-01
3.012072209612428608e-01
5.058567810505978368e-01
3.056719461922906778e+00
3.140892551240348496e-01
2.339097972304933493e-02
2.318027209970289493e-01
3.983456767923435060e-01
2.761425573662323329e-01
5.362008363383879983e-01
1.457049543854604723e+00
2.716415081303670820e-01
2.428501156465946026e-02
2.120119663136652011e-01
4.495034790305887928e-01
3.565767351922559669e-01
4.749563492321491331e-01
2.280907150550796736e+00
3.005925014473362911e-01
2.318363027154480768e-02
2.012148876958277655e-01
4.488281663799683630e-01
3.818038452407899741e-01
5.297161057241107640e-01
2.357702098183956707e+00
2.619757091637189284e-01
2.676627288814332345e-02
2.037326451024284169e-01
4.552118332383159327e-01
3.760566936299787333e-01
5.047497403364225033e-01
2.251689958014400972e+00
2.555311519669091203e-01
1.799100100963924379e-02
2.051645764978868858e-01
5.162986213977740491e-01
3.259210158166450100e-01
4.916996134684869513e-01
1.877968012246703733e+00
3.402572490642795100e-01
2.379689849297469614e-02
2.320855942722427345e-01
4.784294148255188173e-01
3.340800886100490641e-01
5.860083154177401221e-01
2.251965553108962848e+00
2.685221736794297098e-01
2.824830345195963183e-02
2.222190371995816649e-01
4.866223998091505631e-01
4.202901208757329754e-01
5.690965667394766170e-01
2.859863877364185125e+00
3.263194209398996293e-01
3.092687812111543158e-02
1.880190006666058455e-01
4.868239560640734709e-01
3.277621951074329854e-01
4.852528858157538760e-01
1.884866975311815684e+00
2.801382957786869854e-01
2.770050568342237451e-02
2.323814113950271598e-01
4.751978225431243152e-01
4.046834476675454373e-01
5.046807153552598235e-01
2.577184470380034842e+00
3.464966929084179470e-01
2.775307564564888016e-02
1.929717864628872626e-01
4.115327101753991634e-01
3.460389513258237404e-01
3.914091633748641441e-01
1.747484341190661983e+00
2.455931675635775746e-01
2.692276133819523562e-02
1.820321229234617144e-01
5.035086815359185453e-01
3.813203948342248073e-01
5.146597115721496252e-01
2.356138711839089517e+00
2.893951585891677003e-01
2.423191317356611710e-02
2.340168784941845381e-01
4.495543527863740674e-01
3.479282521531514294e-01
4.968890886508316451e-01
2.602664709820487143e+00
2.993547672663212644e-01
3.018450435364487469e-02
2.071667103981949531e-01
5.159342307818112205e-01
3.462772509946984156e-01
5.133000297513262700e-01
2.172201657779605721e+00
2.353484944018691127e-01
1.950261815232163035e-02
2.161118076119376563e-01
4.387783418431673854e-01
3.878488226229074298e-01
6.055225839060334181e-01
1.973212403353767241e+00
2.927743986144516475e-01
2.033905506837214300e-02
1.783949165192064423e-01
4.465960051161296795e-01
3.430256848224753075e-01
5.639013416239488929e-01
1.963211019555020531e+00
2.697866938670089310e-01
2.129323001958242575e-02
2.173717607224274206e-01
3.885521396061129007e-01
2.892795073585914256e-01
5.606824370290314219e-01
2.282411783073374334e+00
2.735539814316690355e-01
2.356972628837585362e-02
2.072813179082906854e-01
4.717907768242323163e-01
3.152974173081530274e-01
5.985027471772812468e-01
2.404187997215179173e+00
3.079713042743811857e-01
2.695606725928494096e-02
1.966794701199383599e-01
4.398082893679246541e-01
4.242181452609191661e-01
5.498075154255274155e-01
2.054573401720353409e+00
2.097455079282993795e-01
2.486552055166251635e-02
2.189061047867898180e-01
4.954810494976902291e-01
4.271127281153146438e-01
5.542232946203896615e-01
2.656258298603765944e+00
2.578533185276166706e-01
2.183973114274646854e-02
1.766328184213422636e-01
5.475009942644867289e-01
3.400435306501912169e-01
6.117276829556704820e-01
1.845244277317095838e+00
3.306098650086190527e-01
2.632467752375152251e-02
2.009441227622468795e-01
5.160318456877311943e-01
3.519135665698109872e-01
5.959408761016441458e-01
2.134926893625769928e+00
3.680216672001392353e-01
2.125393361381435614e-02
1.865596280277557473e-01
5.164006471029503054e-01
3.440851592074528620e-01
5.105357644521063554e-01
2.191854837807829970e+00
3.061204152809303691e-01
2.330075946529064704e-02
2.051670878639938189e-01
4.573352166232392824e-01
3.116084063496086243e-01
5.560430820777954031e-01
1.870028498249561411e+00
3.370587132292537369e-01
2.622939990748184014e-02
1.642902307016005092e-01
5.349009640675860267e-01
3.256488582090758532e-01
4.048424912530648179e-01
2.552916231262341906e+00
2.777542467517807867e-01
2.876082500221139454e-02
2.186122646102770517e-01
4.322805578999995291e-01
3.948104380879415842e-01
5.097204097095052733e-01
1.883109995886935728e+00
2.851451458873691669e-01
2.313539478710620670e-02
2.240165859932198023e-01
5.930319609835515982e-01
3.243497642419847504e-01
5.071482549986654487e-01
2.117849602146445687e+00
2.621102385574051730e-01
2.914263110665412174e-02
1.614248203380823643e-01
5.195632307383659665e-01
3.989374225423443776e-01
5.218420885953545252e-01
1.745583973807119049e+00
3.117044875764152789e-01
2.823706811887866097e-02
1.648335322443636175e-01
5.114955980235317279e-01
3.625739962675549322e-01
5.994445290351775313e-01
2.286207570756409790e+00
3.291399633137492842e-01
2.868333489071678635e-02
1.980124106879113111e-01
5.534282212268298862e-01
3.509958243202761508e-01
4.726946263874191034e-01
2.365211309518717275e+00
2.938216915080201219e-01
2.829716505290879106e-02
2.210875156932726182e-01
5.788212056321017096e-01
3.290271970810249580e-01
5.723956873562058290e-01
1.680181829277791028e+00
3.142995678921305380e-01
2.400661962877516376e-02
2.369271187871496986e-01
4.470104402417907630e-01
3.596830123110643651e-01
5.990297993997195647e-01
2.326494617050065994e+00
2.683253003465962405e-01
3.453845674168334184e-02
2.020862657063475509e-01
5.417899514584006981e-01
3.812391873522777974e-01
5.083653483272887463e-01
2.517136640531835390e+00
3.077743634124803784e-01
3.083011014241223216e-02
1.968999807670235025e-01
5.702097621485433532e-01
3.345563341895168574e-01
5.938143324727727101e-01
2.746452863757464780e+00
2.641360175377230335e-01
2.508512892918689924e-02
2.196291600746246298e-01
4.754086345994420482e-01
3.619557138313935218e-01
5.048854937547144761e-01
2.729421057813067097e+00
2.603864949120066052e-01
2.737648024172799691e-02
2.080172887269370885e-01
5.515095733370922737e-01
3.635148716673057834e-01
5.155252135768724209e-01
2.611274792264617783e+00
3.440233952217887081e-01
2.996092660744010747e-02
2.370793152513730462e-01
4.877756168321792374e-01
3.360131985386343167e-01
5.540338383064393746e-01
2.297815242902915500e+00
2.731578440552917542e-01
2.499929800703790464e-02
2.223071326805543257e-01
5.399169772909091503e-01
3.941231899732137167e-01
7.175134400406441015e-01
2.522044241054836267e+00
3.468190648425721334e-01
2.998414513601199705e-02
1.655029243689074558e-01
5.148609936080723593e-01
3.436832707226070704e-01
5.281101845404003736e-01
2.364525731745264370e+00
2.760800299246709555e-01
2.934838245959877148e-02
2.389880017489695585e-01
6.413189957069586056e-01
3.942539273861183635e-01
5.951372704516407763e-01
2.214071951786657610e+00
3.510093019376449575e-01
3.276738536746392344e-02
1.931054318032722206e-01
6.426133488949642425e-01
3.195106905688500643e-01
5.962180267119164823e-01
2.385762149553163791e+00
2.556115409041214703e-01
3.008717268557870028e-02
2.061954641223946727e-01
6.667691352320066489e-01
4.006033540800330583e-01
5.667740511555714455e-01
2.890527293623787131e+00
3.032557745342538968e-01
2.428540476513091698e-02
2.350541313082548656e-01
4.992289986355564757e-01
3.125504880539468622e-01
6.372460832982288492e-01
2.995892213298047224e+00
3.112700918409562201e-01
3.124786955340335889e-02
2.061841009935625191e-01
6.596235972275841242e-01
4.282486518723329083e-01
6.240253365462697932e-01
3.141993679035400611e+00
4.753973411726255094e+00
4.327196015920222599e-02
2.260897524902132083e-01
6.148962948642910931e-01
3.768083180482538208e-01
6.154719079305367435e-01
3.002329989640710739e+00
4.789943655757689989e+00
3.722352086730090076e-02
1.835846649639535366e-01
6.032738659925821478e-01
3.900002658403719513e-01
5.491787486674395424e-01
2.516515249833859880e+00
4.596921768522097551e+00
5.128699713602209720e-02
2.118696563765349872e-01
6.785221145701864076e-01
4.047810771062427815e-01
5.952479413475737502e-01
2.826414104403497607e+00
4.751553325315382104e+00
4.512589175233987226e-02
2.130908610317207574e-01
6.237849385857147100e-01
4.502301970159507949e-01
5.952897007514978966e-01
3.165554293526534391e+00
4.698626657457720235e+00
4.060893124767547824e-02
2.106233742230622652e-01
6.357895046324452126e-01
4.290421599010789122e-01
7.212325576160421026e-01
3.607769731336044394e+00
4.765201634944833842e+00
5.330383397857936523e-02
2.223809288129521555e-01
6.049946086307946835e-01
4.620189113620104537e-01
5.933676619296116561e-01
3.441565779882900689e+00
4.684471145970118933e+00
5.484128460729609245e-02
2.186814359852806977e-01
7.120856927344553222e-01
4.627369348058703036e-01
7.092490307860421783e-01
2.875526076990136737e+00
4.605055815459854429e+00
4.830511655569273005e-02
2.142552186091067346e-01
7.079160972879879887e-01
3.640300826820749291e-01
6.170796914121811083e-01
2.873096271778141197e+00
4.691111445968793703e+00
6.109044919344422397e-02
2.105259350546906938e-01
6.000468612396038237e-01
4.431092543664364447e-01
5.732710102232825289e-01
3.027258235798684805e+00
4.715424596139959235e+00
5.255972055288245237e-02
2.272176848562632301e-01
6.851706004813262751e-01
4.623204636103561138e-01
6.782069718059003938e-01
2.905235528869789530e+00
4.445562504337845944e+00
3.903212085364270167e-02
2.005973680124204517e-01
7.155672861517300420e-01
3.859924472462714085e-01
5.385120024495154700e-01
3.327687805671737387e+00
4.814575131468875391e+00
4.440185516063929749e-02
2.341124576414302383e-01
6.385207139207690341e-01
4.780399178768602320e-01
6.983156243732868695e-01
3.188948834806689447e+00
4.644429372852419746e+00
4.359930597869941110e-02
2.402860136708120098e-01
7.682026033848380342e-01
3.773566172336823565e-01
6.190823671081481239e-01
3.240953605650904734e+00
4.214649748574063715e+00
4.702539845930857332e-02
1.633937679115783914e-01
6.219384717136111629e-01
4.063696059213485201e-01
6.045017112850450403e-01
3.056925281696859731e+00
4.833256244725650852e+00
4.484402579290161506e-02
1.735601303510170279e-01
8.524383070480257008e-01
3.992825474509871242e-01
5.750368808641995733e-01
3.582211745064815656e+00
4.823007128775765651e+00
4.774738251919092430e-02
2.037531169832209332e-01
7.714725969876780054e-01
3.098784163217209731e-01
5.237000906790927335e-01
3.281079403163442709e+00
4.594674460054067211e+00
4.010918755761359866e-02
2.466925327886503039e-01
7.869248218858355681e-01
4.187843233701329937e-01
5.920132784252783997e-01
3.845500275560443715e+00
4.853537288790914062e+00
5.875475654506318729e-02
2.300586619311090764e-01
6.333026604017377714e-01
4.356165814000035330e-01
6.436407101115874108e-01
3.301922032743536572e+00
4.745395263765868954e+00
5.702182960399587719e-02
2.058537756825795928e-01
7.235786145104797784e-01
3.945121630315984174e-01
6.666011932629033465e-01
3.699479681518310858e+00
4.686762186524209284e+00
4.520516828511163959e-02
2.069324128007495323e-01
7.805646877584162535e-01
4.348743318887236531e-01
6.434983643650991070e-01
2.662180254377883859e+00
4.845465715250225180e+00
5.819728985049719971e-02
2.014345855627379944e-01
7.353080258021236215e-01
4.477767364164688679e-01
7.126690409582636665e-01
3.050936696872797782e+00
4.605728962010356753e+00
6.473164230645916950e-02
2.462999963521031732e-01
7.626952617492629427e-01
4.368056629854656925e-01
7.542492076949841584e-01
3.079411773793658824e+00
4.434416241530716007e+00
5.328813550795370030e-02
2.521414840231951393e-01
8.519928939370073895e-01
4.752845009008654364e-01
6.569383633551998392e-01
3.397772613243888795e+00
4.759683732837821424e+00
4.409988355244147396e-02
2.370644965680837879e-01
7.745621633357641089e-01
3.934506074819013044e-01
7.152112636812351099e-01
3.591165561225654113e+00
4.806735948723338758e+00
5.846512597579898995e-02
1.943174763105965375e-01
7.491562028050251509e-01
5.022238443809090569e-01
7.053848782360631064e-01
3.247992678631926644e+00
4.860880057928659070e+00
6.490094245713121102e-02
2.638252343105997877e-01
6.701196472672802384e-01
4.743602867689455382e-01
6.160878769806235056e-01
3.897836588328706053e+00
4.653113253629995505e+00
6.525199605415969717e-02
2.205989765336077157e-01
7.470588667277217043e-01
4.220325891936407836e-01
5.572068135818880608e-01
3.786450148304749685e+00
4.709029760955525390e+00
6.255357011098916509e-02
2.143911463528299643e-01
9.432467777553139587e-01
5.005267604911057822e-01
7.554419886986711852e-01
3.759243214347409712e+00
4.805746157032163346e+00
5.860266731815385460e-02
2.733809977845111927e-01
7.554009998985252716e-01
5.319058403099206078e-01
6.803495101694126967e-01
4.020371494614082053e+00
4.803353466701120844e+00
5.688453160416913346e-02
2.278629669308118444e-01
9.085233678894996112e-01
6.721422844183703171e-01
8.129634373280102411e-01
4.110896171053044945e+00
3.698550868897550359e+00
9.822162285294325224e-02
2.423901012102796237e-01
1.228864871879742138e+00
5.196813775523387857e-01
1.231298910694301529e+00
4.047582461184955349e+00
3.600137856127226144e+00
1.237186293195659120e-01
2.518530727399918567e-01
9.349470987534247435e-01
5.045368076975167426e-01
1.078905251643249352e+00
3.970132620954872849e+00
3.939053223623872224e+00
1.237154098974271726e-01
3.085967892906023580e-01
1.326953336678829753e+00
5.392453031239388128e-01
1.025607860539015315e+00
4.478666983747135788e+00
3.832030883935275245e+00
1.324985461083577898e-01
2.193297511841360847e-01
1.323936794246635351e+00
5.604853011144590447e-01
1.051219120321474465e+00
3.546981629087706533e+00
4.042340939953755985e+00
1.323766816045444661e-01
2.617460829881055884e-01
1.101118424536819074e+00
6.534088207439435747e-01
9.018500577998409540e-01
3.931332889548201592e+00
3.825825750414911131e+00
1.319462574983162606e-01
2.783194157179068040e-01
1.487112932366171369e+00
5.893401300387169917e-01
1.136449119410130715e+00
4.256530185555930323e+00
3.858900922575164039e+00
1.460567849687856856e-01
2.269407078296605818e-01
9.361110786761239755e-01
5.615904917469513036e-01
9.338511140507479436e-01
3.591882948990604341e+00
3.971021076168544717e+00
1.069555291588189239e-01
2.581047740982521099e-01
1.075185030017887122e+00
5.229923236272530085e-01
8.181781310404825369e-01
4.340219476664816334e+00
4.013287637021742071e+00
1.430517876507594599e-01
2.609996925626639763e-01
1.169528758170392591e+00
4.981495369847274146e-01
9.869695467599453043e-01
4.099000598174534105e+00
3.863309619917217663e+00
1.256503040273712346e-01
2.438498167464130673e-01
1.001330743262092149e+00
5.476446558909304763e-01
1.189724449207981705e+00
4.422188137097017524e+00
4.003822654633791167e+00
1.547762259952684127e-01
2.146758987887621428e-01
1.336155994713655204e+00
5.752029044771744815e-01
1.081582361846386453e+00
4.056525228438883524e+00
3.904668306343664685e+00
1.413061130109117269e-01
2.866732482957286554e-01
1.151275814082988402e+00
6.010391535468825319e-01
9.952794486409456409e-01
4.196909194696706535e+00
4.109669045806732868e+00
1.761052385122567898e-01
2.200024415050714499e-01
1.177656882437448482e+00
5.589975113174290300e-01
1.014474868584651412e+00
3.571095543731403144e+00
3.792884083887796631e+00
1.439213521546370833e-01
2.505654634065021535e-01
1.020388885299722048e+00
5.772764249599420250e-01
9.218350727246792387e-01
4.123457112037413275e+00
3.749150189603298156e+00
1.435788991381923008e-01
2.297696413049781783e-01
1.084098632083809077e+00
6.906349355300928083e-01
9.655170377986730390e-01
3.931946616531139860e+00
3.969926430466018896e+00
1.476124550743865282e-01
2.119115586455007361e-01
1.492110647403022128e+00
5.869152667172513604e-01
9.749930376889039962e-01
3.524294346496986030e+00
3.832294928081619645e+00
1.283563194091247861e-01
2.336505371654315488e-01
1.175522974183978997e+00
4.464327071049086770e-01
9.737168563731283255e-01
4.342881305602134923e+00
4.051047294166955304e+00
1.528056897587928009e-01
2.785626232258185953e-01
1.229094340395592955e+00
5.653978139260249502e-01
9.989604294673917195e-01
4.189904147507361287e+00
3.718502960546581804e+00
1.509564650955679821e-01
2.490699470261880100e-01
8.637598176598546562e-01
5.564720056672789461e-01
9.745616585930274578e-01
3.797895362035112576e+00
3.588462190551040543e+00
1.615285863536155275e-01
2.627522174246294528e-01
1.334417184039524695e+00
4.644449668608175430e-01
1.064588224231822089e+00
4.395339180669711077e+00
3.928219700602082032e+00
1.688494960737064454e-01
2.629544734223762115e-01
1.191779037419608889e+00
5.987319569737339364e-01
9.955689797865403534e-01
3.994994217060125141e+00
4.070229698584625133e+00
1.959054674011388442e-01
3.339552166229816099e-01
1.255044554819907843e+00
6.479409369391847529e-01
1.225593737011199780e+00
4.000358978341561844e+00
3.772298362657375392e+00
1.815253686288479107e-01
3.426592535292961594e-01
9.637335414936820666e-01
6.784411569316050050e-01
9.854831274763451443e-01
4.495793006713788564e+00
3.991110204796184835e+00
1.592493405155686326e-01
3.223169514654437573e-01
1.612801090663138259e+00
6.283636990550172108e-01
1.207306407698068407e+00
4.363349947617441771e+00
3.867911491627451959e+00
1.671292792607236566e-01
2.398690427883733711e-01
1.136305067449052908e+00
6.708537050065596086e-01
1.102895846774911925e+00
4.184140826937763791e+00
4.036326419570741564e+00
1.991403791022099967e-01
2.956250054466512678e-01
1.068916257881785237e+00
6.737759551155586557e-01
9.639628381204582430e-01
4.538651621578497775e+00
3.828916858762606790e+00
1.841794871793603350e-01
2.896928170155888549e-01
1.126939077724594451e+00
6.522482175813513194e-01
9.731157421788062534e-01
4.200311001569269287e+00
4.014502592340832621e+00
1.769052232525908930e-01
2.557779338206394582e-01
8.607347725814334938e-01
6.437867129651763110e-01
9.055285755636409695e-01
4.555941489749542050e+00
3.835892499119694321e+00
1.604671069474901957e-01
3.237366099332820712e-01
1.018873695261568901e+00
7.340365127880891238e-01
1.091752218364455018e+00
4.160222959380803331e+00
4.128833937128169040e+00
1.825466903281595665e-01
3.563288123724703826e-01
2.056143154002618267e+00
9.550934729526130429e-01
1.202587101518312274e+00
4.651302728921722363e+00
0.000000000000000000e+00
3.680893825977262224e-01
3.993549649170858307e-01
2.345169825143012421e+00
9.365925498434730656e-01
1.736236797109011798e+00
4.257984049146748440e+00
0.000000000000000000e+00
4.864857924982799453e-01
3.656735171673434759e-01
2.030148616567745812e+00
9.483831298705831525e-01
2.197381228022991628e+00
4.526253448339377705e+00
0.000000000000000000e+00
4.385576976777930680e-01
3.853073541543925451e-01
1.975154378631520435e+00
9.346062876602349023e-01
1.545913038053724264e+00
4.737685314199297615e+00
0.000000000000000000e+00
4.582952035412395375e-01
4.202907348826914746e-01
2.259797937806781398e+00
1.070489116695627851e+00
2.112801237659070352e+00
4.307190243400087049e+00
0.000000000000000000e+00
4.537034003382718339e-01
3.525356467448984010e-01
2.173839567336068423e+00
1.038058471232608193e+00
1.887847933862191629e+00
4.577681417090305516e+00
0.000000000000000000e+00
4.675876111057945539e-01
4.482367404890992280e-01
2.363576263248589715e+00
1.129116791403008913e+00
1.234087838035274665e+00
4.769838342811554277e+00
0.000000000000000000e+00
5.399606221508360671e-01
3.554898743317129739e-01
2.054296660931691942e+00
1.027260785537301269e+00
2.099656253903919190e+00
4.727490950847584195e+00
0.000000000000000000e+00
5.813889244486278862e-01
3.202285361915612749e-01
2.449810453199767313e+00
8.682937216355461896e-01
1.503318079338709090e+00
4.715589344084137657e+00
0.000000000000000000e+00
5.399822528082620643e-01
4.047615858825501234e-01
2.101017100578711716e+00
1.096670177726958517e+00
1.760835540685650180e+00
4.597002661194995454e+00
0.000000000000000000e+00
5.682926480092972410e-01
3.581439495008993945e-01
2.612441640211740967e+00
7.536056906375626641e-01
2.159629930238923468e+00
4.201460327775343728e+00
0.000000000000000000e+00
7.175212064708849091e-01
3.577572960677745662e-01
2.036347151828828306e+00
1.151062668184935189e+00
1.675528702411155146e+00
4.730852987051283876e+00
0.000000000000000000e+00
4.667649329249077828e-01
3.493064247819250845e-01
1.864623653538990622e+00
7.755854009940478244e-01
1.258000116849830263e+00
4.388329107929512141e+00
0.000000000000000000e+00
5.144416307045006631e-01
3.604258011597875622e-01
2.433957969505882168e+00
8.513067804373852798e-01
2.058012960330352747e+00
4.442729773113106795e+00
0.000000000000000000e+00
5.416614606912164565e-01
4.367625660277571487e-01
2.322835260929155154e+00
9.848898429126863308e-01
1.833495997745007600e+00
4.620673468757042102e+00
0.000000000000000000e+00
6.198527773910518235e-01
2.887120555874547745e-01
2.076740717509778289e+00
6.788980889343408931e-01
1.568652682332507098e+00
4.762176704055240961e+00
0.000000000000000000e+00
5.522613829940277164e-01
3.433172856833395237e-01
2.193275664143553350e+00
1.122826035120042310e+00
1.615334939104895229e+00
4.074468362270340371e+00
0.000000000000000000e+00
6.599166728733893983e-01
4.584315234307122511e-01
2.313898862344995866e+00
8.987256901696129008e-01
1.799729190385789712e+00
4.655864406265719069e+00
0.000000000000000000e+00
6.902731289447195939e-01
4.660818102980265332e-01
1.677797808763519027e+00
1.113135366298477091e+00
1.861248833910246425e+00
4.468811197871441543e+00
0.000000000000000000e+00
6.163719722014483482e-01
3.564622867698269970e-01
2.233426286511224212e+00
8.461493282239349600e-01
1.594701655039492350e+00
4.284527104187333180e+00
0.000000000000000000e+00
6.337048680238484000e-01
4.097091389314330145e-01
2.000534139930878030e+00
1.301061512554747113e+00
1.884897532509013596e+00
4.368948709858575974e+00
0.000000000000000000e+00
6.489535144699435376e-01
3.789143664722914306e-01
2.031749900003243958e+00
7.167533183900912652e-01
1.622076868343495404e+00
4.505121163354592007e+00
0.000000000000000000e+00
6.192248191263910462e-01
3.600945760507500704e-01
2.415646804664401515e+00
8.759212275267864722e-01
2.207949749391513894e+00
4.265988197634439594e+00
0.000000000000000000e+00
5.944923094397788210e-01
3.781040657741776001e-01
1.945872708113482563e+00
9.956148898950242243e-01
1.656508853809103732e+00
4.562269429191290193e+00
0.000000000000000000e+00
5.739541296150175720e-01
4.800595863257848261e-01
2.033267615355626390e+00
1.421219518762383727e+00
2.064234362216001095e+00
4.338336340939851432e+00
0.000000000000000000e+00
7.852391826018141341e-01
3.503442873769917476e-01
1.788242447172741167e+00
8.304317716474154398e-01
1.721504372546170947e+00
4.464982578560933391e+00
0.000000000000000000e+00
6.543244447148783838e-01
4.484202626149714765e-01
2.418506515023017833e+00
1.140370394836219381e+00
2.096932720309018450e+00
4.638744124914712330e+00
0.000000000000000000e+00
7.202169777984894772e-01
3.566383132343147189e-01
2.371924665375466645e+00
6.664513114832550933e-01
1.973498878783807475e+00
4.750730919277892816e+00
0.000000000000000000e+00
1.000614720830544924e+00
3.853670886133814810e-01
1.980745189254708105e+00
9.491029467489804361e-01
1.931163129447329707e+00
4.692247346736671432e+00
0.000000000000000000e+00
7.708658979397765565e-01
3.818145211896358249e-01
1.678181819186171708e+00
1.179158296278348672e+00
1.652294360136066009e+00
4.630075416029851176e+00
0.000000000000000000e+00
8.141268611927192644e-01
5.071992903846717082e-01
4.520753691826016052e+00
2.434699592873987850e+00
4.069186264177028001e+00
4.969788501465094654e+00
0.000000000000000000e+00
5.604169461257691331e+00
4.967434826770601997e-01
3.466825519770336150e+00
2.477989105687297577e+00
4.207855767997043195e+00
4.315639095106828194e+00
0.000000000000000000e+00
6.113654880778888412e+00
4.865769103806416029e-01
4.101750731677337392e+00
2.306260937073405071e+00
4.646797286626995316e+00
4.790242685397303468e+00
0.000000000000000000e+00
5.653945280210534108e+00
4.745459302649253641e-01
4.072117711839839060e+00
2.660901455569880447e+00
3.753244828984566794e+00
4.906688332229537153e+00
0.000000000000000000e+00
5.387949411333413430e+00
4.517019836496416474e-01
4.387404872977890946e+00
2.143839645920324610e+00
3.689983789252739843e+00
4.869993170076304168e+00
0.000000000000000000e+00
6.407942164673062102e+00
4.795536701922737399e-01
4.397346972512727881e+00
2.203304677000861744e+00
3.964232347285732594e+00
4.817295837766046418e+00
0.000000000000000000e+00
5.882597484675543775e+00
4.504450186581526738e-01
4.072478141905135018e+00
2.254641737408060287e+00
3.907504896933730709e+00
4.662209849579408427e+00
0.000000000000000000e+00
5.557142292520357074e+00
4.583084472353270433e-01
4.203319841192953099e+00
1.989902921606478969e+00
3.746597811376162657e+00
4.797953479702698587e+00
0.000000000000000000e+00
4.983932881953738736e+00
4.129881820123679215e-01
3.378035581534412302e+00
2.117940905953239472e+00
4.246032010507899024e+00
4.525872814236252317e+00
0.000000000000000000e+00
6.450228957719810197e+00
3.893755414922202007e-01
4.497995033115306462e+00
1.960086303348604231e+00
3.773120508287838959e+00
4.977599958773317290e+00
0.000000000000000000e+00
5.689748797734694996e+00
5.428490821124927201e-01
3.683799888420399515e+00
1.800626290181418510e+00
3.882133751328803672e+00
4.462261318755537332e+00
0.000000000000000000e+00
6.578132491367745693e+00
4.435701694517792948e-01
4.205980021743275010e+00
2.319007868336874001e+00
3.638431882237459725e+00
4.886204052379912177e+00
0.000000000000000000e+00
5.874288515451004500e+00
4.483138871611025422e-01
4.089295836227425873e+00
2.055373549685127088e+00
3.875704436044730361e+00
4.115847750904291225e+00
0.000000000000000000e+00
5.751753014004985509e+00
4.549542322626953239e-01
4.184493753285234874e+00
2.081162230391962797e+00
3.907225122248501048e+00
4.677981443947965445e+00
0.000000000000000000e+00
4.811648678256329248e+00
5.139390600788289465e-01
4.547644468815358998e+00
2.434393123314286811e+00
3.989237977988536077e+00
4.837932704063546474e+00
0.000000000000000000e+00
6.315662344550640128e+00
5.206742452124661913e-01
4.230001966142794778e+00
2.242376398464713816e+00
4.255700308282391653e+00
4.771851365805306777e+00
0.000000000000000000e+00
5.373456598097013703e+00
3.903821546440754409e-01
4.347550553419531560e+00
2.706090010922872491e+00
4.339007267321077777e+00
4.904856583959336547e+00
0.000000000000000000e+00
5.388279316508864270e+00
4.902489111050064574e-01
4.160408830053091478e+00
2.723177865809648157e+00
3.957823617750397371e+00
4.852259181234404473e+00
0.000000000000000000e+00
6.151565602116956022e+00
4.799377867119931640e-01
4.339132806978742707e+00
2.830240917862751449e+00
3.664654108251558906e+00
4.885656665807694310e+00
0.000000000000000000e+00
6.914143540544741562e+00
4.400662600579853811e-01
4.439678360474649921e+00
2.496818549057083558e+00
3.719187643425961198e+00
4.869896019332737858e+00
0.000000000000000000e+00
4.187137188033771551e+00
4.986108994758879920e-01
4.574548708574494249e+00
1.923931826507380149e+00
3.390675073511975501e+00
4.775161590570135672e+00
0.000000000000000000e+00
4.522611642432133650e+00
5.123376813850880618e-01
4.375099833601973742e+00
2.115726010755603070e+00
3.081379876629323444e+00
4.556820750103722339e+00
0.000000000000000000e+00
6.526174008698385265e+00
4.804382438065000760e-01
4.411925972021114362e+00
1.892128203270309950e+00
4.139950885465596642e+00
4.792641444692893771e+00
0.000000000000000000e+00
5.491589936071741285e+00
4.443325974215852625e-01
4.394148298793935759e+00
2.595603371719359842e+00
3.497037780907438442e+00
4.720064811309859998e+00
0.000000000000000000e+00
6.847798916719884943e+00
5.193429040232188099e-01
4.246502675695568385e+00
2.337566158355961043e+00
3.578877277332149109e+00
4.564944132711086233e+00
0.000000000000000000e+00
5.510629093394192601e+00
4.320846906555814715e-01
4.087698009789594522e+00
2.527963208754870461e+00
3.986617985132351993e+00
4.682367411154949366e+00
0.000000000000000000e+00
6.456024430506944078e+00
5.215985325432235253e-01
3.397397173344125498e+00
2.345104638930808783e+00
4.370406100825565687e+00
4.907300221734821832e+00
0.000000000000000000e+00
4.750818595785474052e+00
5.213271424305842006e-01
3.901199643236618275e+00
2.409944952687562481e+00
3.974367948561430275e+00
4.894651100898045115e+00
0.000000000000000000e+00
5.477258813666590953e+00
4.325463347258168834e-01
4.078831396940448606e+00
1.497037879991091280e+00
3.889510338054007921e+00
4.942670416565671410e+00
0.000000000000000000e+00
6.741061419994414550e+00
5.106546063811079339e-01
4.308286408730337413e+00
2.722308934792106339e+00
3.642390556869568918e+00
4.804872821993442678e+00
0.000000000000000000e+00
7.486932833025067069e+00
