1.451411069436562729e+00
6.485980164287252769e-01
9.851992568421508167e-05
2.923102397490570752e+02
5.747671023065586127e+01
6.689450265255914019e-02
6.572121055381519028e-03
1.233978222491864257e-01
5.620161887357847394e-04
2.745823198443038690e-07
1.089507142993791478e+00
1.666286919046350845e-01
1.464414282506370846e+00
5.805705613123286479e-01
3.519212430358464871e-05
3.347744615864577895e+02
5.424235071650085871e+01
6.747187914071435533e-02
4.012713796952560585e-03
1.205307751462436627e-01
1.420124575860862994e-04
1.798411937888507446e-07
1.006618048728990855e+00
1.683448166087933850e-01
1.517755831914592513e+00
6.230283102718262578e-01
3.996068902371400773e-04
3.228253353140988793e+02
5.663514248340759849e+01
6.704448558244961720e-02
9.906135432815229777e-03
1.237357427976482072e-01
4.207894271061422549e-04
3.356355341802934036e-07
1.069465443946019612e+00
1.745844143763203293e-01
1.465997494798182421e+00
6.339852202546550908e-01
7.801215970252665932e-05
3.234415297200870896e+02
5.129111343962986069e+01
6.420911998326062076e-02
8.445891747423569726e-03
1.068799045226479921e-01
2.018123085645306958e-04
3.025357298014341723e-07
1.007145869258463167e+00
1.701738460065065628e-01
1.470239755969608320e+00
6.163405860608115461e-01
2.428076408581928693e-04
3.114325074874661254e+02
5.254190890306515627e+01
6.249123490065233710e-02
9.604850583879350964e-03
1.233768637272351504e-01
2.450282738880593669e-03
1.780636656641595146e-07
1.012762264118355349e+00
2.033816181704535819e-01
1.405543732773465893e+00
6.298021587979315550e-01
5.670707561430029511e-04
2.952152188735553864e+02
5.207194773968858215e+01
6.453599826385010563e-02
7.053767237054827006e-03
1.047210914285945371e-01
8.094506147008720962e-04
6.738745839118820413e-06
1.010720123689835770e+00
2.325062840334327918e-01
1.525262748681159186e+00
6.586215905014810579e-01
9.447215301291075331e-04
3.270779928635708984e+02
5.543300909712252889e+01
7.040476157867774087e-02
9.144603149073097029e-03
1.250878554795220587e-01
6.243103310247614935e-05
3.543385307391844208e-07
1.047216578376214180e+00
2.486092471325865583e-01
1.501874944110746402e+00
6.417482399088939582e-01
1.145750053684520682e-04
3.110048067980818587e+02
5.772396219722784139e+01
8.096362005555375607e-02
4.892951929617399102e-03
1.207481710965093297e-01
5.042286309930865684e-04
2.077551945293502349e-07
9.835582219483218758e-01
2.842524163136002091e-01
1.442164810218822923e+00
5.877109100529538388e-01
4.133865985929870319e-03
3.276007392732889230e+02
5.190483008260655851e+01
6.586602375152628142e-02
7.692899350749311978e-03
1.068787153167790188e-01
1.627931686879839082e-04
6.093681448327004091e-07
9.545222257686223344e-01
3.324283263623524221e-01
1.437890716195742602e+00
6.694444519753263156e-01
4.525797897281247373e-04
3.101426054722517165e+02
5.588041949004184517e+01
6.609700063970325168e-02
7.007754444795140543e-03
1.160382740520771172e-01
1.189330797661073829e-04
1.895145547899564468e-06
1.035898262407110693e+00
3.269269736731865161e-01
1.521659809867021318e+00
5.059909124983662521e-01
1.013460134295189190e-04
3.068865678603133915e+02
5.479143213488583086e+01
7.378195711495079412e-02
2.311227870268606210e-02
1.148650724397996398e-01
3.180035260019753451e-03
1.652503467397536951e-07
9.670603054531601295e-01
3.553793392080867863e-01
1.420185467658263478e+00
6.266376927694087273e-01
1.292678679580087366e-04
3.228522753114618808e+02
5.247993544769010299e+01
6.347241252320039162e-02
1.265838841849979300e-03
1.188533376461076152e-01
1.960583759323212551e-04
9.899659055475258672e-08
8.994481684765707197e-01
4.196199235432980790e-01
1.402942992881622608e+00
5.780939184344653370e-01
5.988912770057049908e-04
3.009489415625932907e+02
5.195843003047432518e+01
6.204088112589841580e-02
1.124625305100046546e-02
1.050461021551485352e-01
1.743742722204455475e-03
5.189521146142794805e-07
1.082930989739639083e+00
4.603351740998468111e-01
1.518875019733268106e+00
6.208579710034652921e-01
4.728144935831994351e-04
3.322745843893092683e+02
5.443411946435489313e+01
6.514546877424513827e-02
2.607874334635088779e-03
1.169679149491749809e-01
7.146531803525757454e-03
3.717182654276267031e-07
9.602396577325791327e-01
5.033573853128390230e-01
1.495799576558793031e+00
5.810892974206949280e-01
9.717279528439111424e-05
3.141160113793763458e+02
4.978885068999436925e+01
5.985546611209276863e-02
1.507292714931958953e-02
1.025049766344469510e-01
2.506589280119412839e-04
4.024356089112520194e-07
1.036383824558558597e+00
5.711602462997020790e-01
1.462462992167335107e+00
6.344636116608736165e-01
2.261233031985998565e-04
2.961068865625070998e+02
5.598719150554077117e+01
6.434154228223502858e-02
1.258921533917230738e-02
1.244164894253348558e-01
9.953220719283173423e-05
2.616590536833977567e-07
1.049286683338066739e+00
6.505812233279765211e-01
1.429563924932136798e+00
5.344071001059843562e-01
5.261464946485864278e-04
3.126012433456343160e+02
5.096247319986727575e+01
6.786807576113680629e-02
1.429331795453718003e-02
1.179125732449215480e-01
1.105417575956539193e-04
1.737271308292302201e-07
1.034886493160437793e+00
7.026308165467985978e-01
1.435836131276049032e+00
5.773131087129697026e-01
1.860353505134249019e-05
3.212714965756126162e+02
5.646455987789168063e+01
6.435946515535954926e-02
1.332660009407312350e-02
1.131624825509399274e-01
1.871401667944786742e-04
1.739454580373944736e-07
9.291190205319416195e-01
7.912775432897031225e-01
1.443353410225714173e+00
6.730021602667281000e-01
4.084895556163055668e-04
3.027801353354825551e+02
5.623430788824625637e+01
6.261373908215868422e-02
7.663334416809404644e-03
1.230090631887300195e-01
1.655454603433081928e-03
3.424295902387797241e-07
1.061517578670972961e+00
9.094278460183924384e-01
1.546307822413659938e+00
6.422135907722317238e-01
2.091685070870763496e-04
3.068312281126891889e+02
5.748985795679181621e+01
6.387217956739983660e-02
7.269042207121619199e-03
1.234124492399032019e-01
9.326990862497849246e-04
9.587490449695461569e-07
1.022018249847078675e+00
1.010724133984677975e+00
1.428414740430972385e+00
6.144585288164973180e-01
2.056471213326046318e-03
3.362369397584589592e+02
5.418496811553250581e+01
6.742796398520971290e-02
8.693676949065679352e-03
1.141638712900128194e-01
1.513325994832263324e-04
1.299527703964760809e-06
1.051032614630283524e+00
1.126767883276000637e+00
1.453657220456835431e+00
7.014794724110854363e-01
2.763605502054122809e-04
3.067554873160972306e+02
5.600435498166505965e+01
7.551888142096248313e-02
7.276934870794245398e-03
1.171028385519560649e-01
9.943796595949609674e-05
4.612751662117868237e-07
9.670546928274035281e-01
1.276213583515109606e+00
1.475673351158762747e+00
5.804951073706171583e-01
6.826017388716909551e-04
3.445850138286364768e+02
5.846759595195544534e+01
6.898992798511176250e-02
8.449129452879159188e-03
1.213562936585070168e-01
1.744273511313417511e-04
1.988515037817014382e-07
1.003501002441431478e+00
1.436019207694621436e+00
1.451281431135786670e+00
6.594536372395283230e-01
9.795006876904082099e-04
3.187428840154049112e+02
5.648011473603112620e+01
6.173958505044466888e-02
2.427666212783489638e-02
1.163736778415340040e-01
4.759142995778657508e-03
1.719749744462835798e-06
1.013452103542459515e+00
1.604963713721192953e+00
1.452755586032903778e+00
6.763107101199408167e-01
1.779464338010535438e-04
3.076822252903538129e+02
5.340243973022612778e+01
5.909524031415536172e-02
1.475606824773064395e-02
1.087695203013512996e-01
3.118260135455870889e-04
6.396553157520893391e-07
1.050956656596050642e+00
1.785432871542135702e+00
1.315888224101734005e+00
6.234730620655050126e-01
3.993327184019050398e-04
3.172968735081728937e+02
4.919627131444021018e+01
6.528054632979896077e-02
7.591429045492962928e-03
9.655128953460027919e-02
1.120307455600618314e-04
6.098859178053454155e-05
1.000404325056619692e+00
2.032895441199397801e+00
1.470674596343198193e+00
6.078119231199941019e-01
2.197459442743188163e-04
3.296391626055894335e+02
5.595217901889320444e+01
7.656507002331928990e-02
7.703951817367160615e-03
1.243973194874810756e-01
1.629441072496332912e-04
4.712931619040479645e-07
1.078060454093609843e+00
2.261129547610357893e+00
1.413281117053688751e+00
6.258422932024203522e-01
5.257422651690676343e-04
3.327432330266904614e+02
5.378317021375607254e+01
6.332926769262263444e-02
7.406775943297194686e-03
1.073551262271654760e-01
3.009042545798479296e-04
3.295408557146828343e-07
9.490006311240232195e-01
2.520739080976583502e+00
1.407261471388943308e+00
6.137481469993636418e-01
2.870952346190058790e-04
3.137529070436434608e+02
5.314221930146006656e+01
5.875286913593439492e-02
1.927040867116073738e-02
1.160753250936859687e-01
7.109512685769351368e-04
3.939413573128547341e-07
1.011626809791632553e+00
2.878541807465998748e+00
1.446736509034333817e+00
5.959116805978197373e-01
6.897512903077570581e-04
3.026853050997721084e+02
5.500822130550606204e+01
7.055923485862480860e-02
2.298043178247111129e-02
1.064052946861441667e-01
8.233455581448575469e-04
9.659722207307670539e-07
1.059265504483706710e+00
3.215309095677739482e+00
1.354181843415162234e+00
5.046684993161798527e-01
6.331918007547917551e-04
2.542224815058166314e+02
4.500022344696624543e+01
5.413412706487541470e-02
7.199500793329353769e-03
9.895757988985602605e-02
6.027064628655320888e-04
6.717047399777223999e-07
1.080877728891445733e+00
1.173168509049788977e-01
1.356073088057530240e+00
4.328481426356463602e-01
4.613056042009529571e-04
2.859734219087638962e+02
4.253530218864875678e+01
5.983128579425030930e-02
8.047897613531565866e-03
8.691082360363273918e-02
2.113001098158484581e-03
1.946341623056587526e-06
9.997840827306165856e-01
1.392629288591601122e-01
1.390984260994861721e+00
4.877406504736244708e-01
6.318881660860586891e-04
2.746777645083688526e+02
4.429997539335990808e+01
5.592016954630666531e-02
6.665055685983745093e-03
1.090414865026719388e-01
7.398988737046993105e-04
9.888754185875352453e-07
1.061200885471486277e+00
1.568069893134759751e-01
1.350607399458464863e+00
4.903773017228533204e-01
2.218762626848835851e-04
2.796245208978388632e+02
4.131827486520900550e+01
5.746539302582583802e-02
1.150622567396471750e-02
8.508839476918754474e-02
4.854579812585413379e-04
8.597401124355030788e-07
9.993710480243576111e-01
1.583740004881297181e-01
1.350685894057098047e+00
4.608744381350949326e-01
4.128707478567861244e-04
2.688106128252920257e+02
4.206226599987120807e+01
5.606599047619879178e-02
4.392435059411929459e-03
9.900959336003878342e-02
2.537632238156876659e-04
1.590897201012945624e-06
1.003879568659632460e+00
1.885696815491729739e-01
1.325461167853945632e+00
4.822450970152455385e-01
6.801601018309918470e-04
2.421346508866014346e+02
4.223923358021541929e+01
5.122739255453701013e-02
7.865323648883112626e-03
7.559177494363227001e-02
3.002674776564351333e-03
1.925332062483834855e-05
1.000940628415782685e+00
2.048798127520108092e-01
1.410810934667293237e+00
5.316714345619200088e-01
5.499219859964968879e-04
2.749197697918154972e+02
4.403782241225406580e+01
4.609708718008032058e-02
2.650071375513244568e-03
9.063531529078794335e-02
6.098972800997840569e-04
8.367130858536834265e-07
1.039543316677584484e+00
2.368398529269765962e-01
1.372220153175022883e+00
5.189658604062007408e-01
4.668446508833875024e-04
2.688363653902909505e+02
4.544077236726612767e+01
5.952688713636670320e-02
3.816311010991964899e-03
1.045617593401252793e-01
7.214504107085536458e-04
5.220684606843661868e-07
9.739694392786120147e-01
2.627108279544981828e-01
1.362532833170033042e+00
4.932781830005729118e-01
8.047807649935734275e-03
2.698283919767954444e+02
4.002950517162607014e+01
5.012936501002651646e-02
5.495195805055308469e-03
9.036126596892272989e-02
1.784587087272360151e-04
7.434941236746558362e-07
9.485769332166291701e-01
2.873911253445238234e-01
1.318819689116858429e+00
5.287344761221706158e-01
2.392011869724782521e-03
2.638610138827216929e+02
4.435185792618163703e+01
5.484375366696844084e-02
2.199380505187494613e-03
1.006238530168198225e-01
5.729922817017859540e-04
4.123776653486288524e-07
1.026237695935084071e+00
3.245632327569895059e-01
1.399711209624434627e+00
4.270379271586335901e-01
2.164722348781585590e-04
2.638030100726161322e+02
4.194073119520978565e+01
5.662249918937193455e-02
4.925275669650138084e-03
9.414147775676322272e-02
1.022219630588313112e-03
6.799155904957387975e-07
9.599167810339500617e-01
3.481455216873295400e-01
1.319276271053491545e+00
4.905115171009464259e-01
1.472441639930691939e-04
2.741697067955021794e+02
4.166421845619709075e+01
5.162053239016935885e-02
3.289601421576267889e-03
9.020193035403356596e-02
2.318470241698585563e-04
1.117490263472890358e-05
8.913180625114074385e-01
3.926732517775733400e-01
1.293645728457232025e+00
4.597073055936002905e-01
7.989837149742958769e-04
2.539297598867598822e+02
4.011656625754708472e+01
5.363340097925273220e-02
1.021285385250555143e-02
9.116467071442573011e-02
5.012345448677605350e-04
1.310449460056872795e-06
1.074319407676003646e+00
4.487000895055708871e-01
1.423152407972621880e+00
4.627850415117411020e-01
4.750294530878977346e-04
2.751455776925014902e+02
4.318074702008171073e+01
5.927650863189101033e-02
6.292092557758088844e-03
9.052030109574782379e-02
4.654647943671171191e-03
1.084577884909639470e-06
9.523050060194715449e-01
4.898066365377966025e-01
1.398343845668169161e+00
4.306574465453110179e-01
1.930688920912896787e-03
2.729072191828678910e+02
3.997967327703035068e+01
5.425395225498638035e-02
7.980929319134633104e-03
7.984931384693583212e-02
4.401750713534102744e-04
9.097969766447278062e-07
1.026646117015542981e+00
5.429291446235020580e-01
1.349633773628094779e+00
5.041211309754990433e-01
8.788307790571122649e-04
2.524456446568716217e+02
4.411164911612882378e+01
5.497393299379223913e-02
3.443889973137048699e-03
9.392643961438351674e-02
2.886524743796655464e-03
8.833115461293061799e-07
1.041834454847704983e+00
6.276545308269362300e-01
1.315867243367380146e+00
4.200004295474660809e-01
2.441818974376527059e-03
2.701460774391742348e+02
3.965857526979085179e+01
4.969284107329922234e-02
9.594436546008408215e-03
9.427432438581240248e-02
3.099553149032985289e-04
4.769364162863590790e-07
1.026903831554550672e+00
6.931259409331828047e-01
1.348260182035537991e+00
4.970598826791536307e-01
4.707572642703716781e-04
2.623572232799136827e+02
4.239947751507261842e+01
4.960565235045955035e-02
5.339498104578455084e-03
8.458912560578475681e-02
4.075662849323258285e-04
1.271994998219838635e-06
9.223835915041076472e-01
7.728686437558320854e-01
1.327542068866923053e+00
5.043455520527871938e-01
1.367694780054125704e-03
2.616851137045015321e+02
4.430306093581037175e+01
5.739115908730182264e-02
9.819904992676893336e-04
1.072011358372223083e-01
5.402295055282705380e-04
1.659630520049286014e-06
1.052775985022748717e+00
8.867929180321317828e-01
1.422222967890497847e+00
5.147673839296410536e-01
3.758846909866312650e-03
2.653707353359198464e+02
4.508883627807707484e+01
5.244594093548789887e-02
1.305590784456134301e-03
9.852208909848318708e-02
3.862563077716707483e-04
1.069018457089399021e-06
1.013737976844921063e+00
9.858180423391365022e-01
1.335121683391258252e+00
4.898988684433095431e-01
1.577193694901612986e-03
2.780196529567901393e+02
4.185266251225655054e+01
6.151866833542888463e-02
3.525676371000467050e-03
9.850208625711658061e-02
9.282333881514374116e-04
1.299327578863085364e-06
1.041568567797063194e+00
1.110879323019563936e+00
1.345951010343480414e+00
5.768073083931660738e-01
5.465764085277324824e-04
2.578419588779509581e+02
4.401732272890556175e+01
5.574428980837561193e-02
2.942600644352995950e-03
9.611738907499926821e-02
4.510941722638920899e-04
1.190036561885913665e-06
9.590121696096355342e-01
1.245172479700020984e+00
1.378479809136945233e+00
4.771386910009037252e-01
3.328786031042696436e-04
2.795847947893824994e+02
4.510383018436865399e+01
5.396394998998799153e-02
9.350583748442739193e-03
1.024039802391500248e-01
3.852006772016765561e-04
9.875858149784495533e-07
9.973401221368118907e-01
1.405638835796136910e+00
1.349227698710042445e+00
5.198074019532559209e-01
3.173968476359127484e-04
2.616443855074704743e+02
4.518761947138408175e+01
5.149938066226211753e-02
3.544470837600159022e-03
1.036967848221474336e-01
6.234607560495764034e-04
1.137247181611418915e-06
1.005714554660599003e+00
1.571254416095811068e+00
1.336326899010857217e+00
5.303600448121686961e-01
1.390425642320651132e-03
2.631741355650939909e+02
4.249081462297181133e+01
5.236379748634334419e-02
5.713649336896997610e-03
9.694157624151415742e-02
1.010895657207096622e-03
7.823935332940123999e-07
1.040239389834142880e+00
1.769598394280879283e+00
1.237963667938971835e+00
4.899277248324839795e-01
2.417229607650413833e-03
2.636556729168693209e+02
3.930746147197438489e+01
5.310144344450132975e-02
3.469403165369996152e-03
7.580879625658602794e-02
5.933837933365845299e-04
1.621199419155061605e-06
9.932642961805016046e-01
1.987860805926091823e+00
1.367149233138953202e+00
4.609097045725281672e-01
1.122237314071794501e-03
2.826641938265981935e+02
4.496999839001382071e+01
5.215327379941755298e-02
1.479516444727694592e-02
8.780918374306685703e-02
3.265421597294556385e-03
2.811790065596989858e-06
1.069778506281415797e+00
2.224166322795385842e+00
1.318624683819665355e+00
5.081659943624490250e-01
1.429363554861229346e-03
2.745644682173054889e+02
4.168798928806123172e+01
4.995963238754730362e-02
5.532980859620136201e-03
8.984397988789361023e-02
1.112691703181178937e-03
1.706497887443703121e-06
9.408438001769456882e-01
2.514169784770521776e+00
1.316842793324405569e+00
4.863980186610661893e-01
1.506505860134528920e-03
2.648331739740099238e+02
4.168567573302838269e+01
4.774713838617457989e-02
5.991863604731806348e-03
9.590784999085795459e-02
2.139166559039784588e-03
1.078066917218715611e-06
1.004607470320099560e+00
2.826839759742032054e+00
1.333936388272781270e+00
5.089182558619935737e-01
2.465811533950793780e-03
2.543387743252407631e+02
4.285734524259581235e+01
5.376538855816533763e-02
1.053111943042731903e-02
8.868191860962511275e-02
2.502623607358867019e-03
2.537784225357479169e-06
1.054106315392525861e+00
3.185723792727559456e+00
1.264897239621167069e+00
3.854418581919705766e-01
7.968835522291032106e-03
2.097354984377194285e+02
3.448766385347219199e+01
4.183496234292557320e-02
4.347393632233205636e-03
7.755608364543402355e-02
7.041543033189008767e-03
3.557352853030456334e-06
1.076960242295414094e+00
1.117815317767038991e-01
1.282834337186938845e+00
3.637153563143350476e-01
1.497085108500180841e-03
2.294624128125862512e+02
3.106997051991733017e+01
4.091002875480179851e-02
1.404444867182201052e-02
7.004004490963056107e-02
8.568555531461111499e-03
3.778827526816167744e-06
9.962943088031065431e-01
1.227922845778407351e-01
1.302473492342150818e+00
3.628463155574079835e-01
1.253838670474867857e-03
2.291577493480432111e+02
3.306773478748711170e+01
4.912052463706961802e-02
6.374159199938149271e-03
8.450773849580188457e-02
8.871835891631022278e-03
3.089956172412181796e-06
1.056517950784935156e+00
1.408756759920767321e-01
1.274800380924071996e+00
3.696049654480503821e-01
4.408399158021640389e-03
2.308294647689848773e+02
3.137076305230826989e+01
4.374856417079982934e-02
1.677081012415408343e-02
6.540636419859284512e-02
4.010247364623816153e-03
2.393976749985131031e-05
9.944395935999900127e-01
1.525095337164473763e-01
1.270369742723961304e+00
3.661027270663753108e-01
3.271866120598450941e-03
2.224851165630606431e+02
3.100621761679814270e+01
3.726211680627663364e-02
6.646125999569078673e-03
8.153755815141956742e-02
1.188483787231316667e-02
1.492025797356077987e-06
1.000215674893702555e+00
1.714756890369970033e-01
1.248508420203000124e+00
3.834862538778276431e-01
3.472998747405808828e-03
2.012740499083343195e+02
3.065542530484644601e+01
4.326083496691465052e-02
1.228919519620970922e-02
7.758349152165815166e-02
5.482638179834149923e-03
3.938303990332532769e-06
9.970225499820889459e-01
1.910914166384722890e-01
1.331111261690503644e+00
3.972332587651320468e-01
8.316221929788314426e-03
2.261302268214309379e+02
3.323119581852782289e+01
4.452257233428791316e-02
3.914985049259985146e-03
7.783136902219285613e-02
3.433154741313189980e-03
5.119209356418963353e-06
1.034346182465917474e+00
2.181338738164634028e-01
1.275785638305833691e+00
3.927765836739612326e-01
1.755786584378693505e-03
2.254574071237813371e+02
3.520036476366040290e+01
4.988984974071038886e-02
8.347333702205897779e-03
7.250310694604060469e-02
1.353633150730226831e-03
2.708287649699769872e-06
9.700600226733153697e-01
2.460025974682217009e-01
1.299979952792046367e+00
3.957744527591030015e-01
2.523044155812170786e-02
2.146785324274541153e+02
2.906071720779000245e+01
3.998150834977528406e-02
1.469718495248906187e-02
7.468686791282282134e-02
1.024802796369591283e-02
1.408290505118999501e-04
9.445096194376165766e-01
2.708096818121425442e-01
1.242859441836848600e+00
4.216608167494620418e-01
2.602029133447203435e-03
2.229698524060978286e+02
3.247923466589365660e+01
3.946378880041271492e-02
9.151797925858554681e-04
7.388167122968081202e-02
3.946179933396927637e-03
2.004158928444373450e-05
1.021947888372979785e+00
3.050207230241211431e-01
1.310002236987560353e+00
3.176424721717603372e-01
1.924984331375112490e-03
2.211226734996330947e+02
3.202281506223216212e+01
4.174084069239839684e-02
9.982344808092310715e-03
8.325717027929761815e-02
8.046951281986958193e-03
9.188759531042478557e-07
9.558421603421149992e-01
3.388160301966186561e-01
1.240991122165557847e+00
3.592976482023335083e-01
9.170653621585570523e-04
2.296014354098145986e+02
3.156634110012842243e+01
4.607634824718709332e-02
1.023485204006228423e-02
7.445383943654459991e-02
2.485846078768375825e-03
1.115520718390309748e-06
8.866534587086897234e-01
3.807238503920039596e-01
1.216500389483532452e+00
3.529411791278673216e-01
1.503511289282129628e-03
2.103329596441379579e+02
2.985047566000257646e+01
4.356172290546448528e-02
2.300459964132232568e-02
6.989577470607281906e-02
4.289061807560834438e-03
2.924266319648261003e-05
1.070450223660947664e+00
4.327039852019945454e-01
1.330677621261650234e+00
3.724865834952739707e-01
8.810518873775263771e-03
2.278224432959675028e+02
3.230146932866676224e+01
4.019675997182595856e-02
1.321868233173188224e-02
8.141892614238292747e-02
3.768499615749062222e-03
5.825288496019709328e-06
9.483073323429238588e-01
4.838072421908702903e-01
1.329920906902182010e+00
3.138504822764083824e-01
4.913940484909303137e-03
2.235327919021407297e+02
2.893639562243982866e+01
4.821569213728782444e-02
1.036156569723112320e-02
7.636975694956064931e-02
1.323397405270284287e-02
2.275047321827668517e-05
1.021734685934392539e+00
5.378859373125732812e-01
1.264274362249058870e+00
4.175073321669423576e-01
5.804329620083074730e-03
2.056887290274071347e+02
3.345709202727850595e+01
3.601939518047177907e-02
3.881584350184930088e-03
7.405652898385683969e-02
4.159538012543650964e-03
1.480699235445470663e-06
1.037484057512497948e+00
6.137959160706667472e-01
1.250724999841669849e+00
3.531743931460459285e-01
2.318281982484811984e-03
2.191615859233133108e+02
2.921816062456788643e+01
3.390682098490804819e-02
5.235861171696646992e-03
7.126080688443965638e-02
6.117469455405958982e-03
1.144449936670473681e-06
1.023357948754133329e+00
6.757173080107394814e-01
1.258479117845486162e+00
3.987398835793058427e-01
2.666457977738382560e-03
2.222425082561995566e+02
3.159149581522599348e+01
3.259405041026175454e-02
1.515635919652387996e-02
7.143656317045721238e-02
3.314897493996345808e-03
2.419264932829179315e-06
9.178108588428787185e-01
7.613471667497599960e-01
1.246662298579018779e+00
3.663046387169909823e-01
1.482609439403814733e-02
2.178323113956332975e+02
3.384424848803845265e+01
4.306928683906844496e-02
1.727584172248978686e-02
7.237213145938244108e-02
8.823483339583567883e-03
3.088767398518044160e-05
1.048307997891010590e+00
8.656990001630799902e-01
1.332406227675166921e+00
3.923251999038461224e-01
3.909789627069375044e-03
2.159807824356899459e+02
3.536859666775239219e+01
3.745962889507385013e-02
5.755847800768358440e-03
7.437826112290195357e-02
6.055065582018699828e-03
1.245076334070264504e-05
1.009355928954498882e+00
9.743764323466582722e-01
1.255817631709571502e+00
3.927370850464702579e-01
8.362681938978155927e-03
2.301968452700245393e+02
3.165468858096531690e+01
3.698617003533022363e-02
1.187032098504496071e-02
6.453498722271966415e-02
2.616263051047340582e-03
2.818380456792723976e-06
1.038495359160128251e+00
1.091608277702758700e+00
1.256599837663128882e+00
4.587059483158387740e-01
1.027771061021809373e-02
2.173095276281875954e+02
3.399271673025317853e+01
3.708935366882141343e-02
4.964416983205266476e-03
7.431443813633957507e-02
2.951300955080412344e-03
5.677367996096786648e-06
9.544182356541029977e-01
1.228314551476235028e+00
1.295756798564464463e+00
3.800168326459555379e-01
4.890372909753064150e-03
2.266340368944545673e+02
3.233069550172474038e+01
4.678791480459132401e-02
8.088502439701494851e-03
8.478105990441335560e-02
1.177726749009289087e-02
1.955817596765996313e-06
9.938408208294425839e-01
1.391341791381739856e+00
1.255546089721546688e+00
4.134016737755190074e-01
1.465042570769625740e-03
2.199610608495916324e+02
3.370453001986086150e+01
4.425127062925674620e-02
5.206333587826073028e-03
7.837169681024769297e-02
4.931015081279428898e-03
2.943262864911015082e-06
1.001867225769250469e+00
1.557407748429513239e+00
1.246882043192036438e+00
4.308317074073624298e-01
6.243346522331420616e-03
2.224116021614319436e+02
3.060520953363201357e+01
3.548924543845255464e-02
8.743732717029587334e-03
7.968225270405526750e-02
2.716120247688302847e-02
3.862281725922993112e-06
1.036153905917005069e+00
1.753874229341571001e+00
1.156784482724813712e+00
3.764563395024715931e-01
2.223381869915219688e-02
2.189395867644143152e+02
2.943991640442875735e+01
4.287595012371266806e-02
1.449363733456906188e-02
6.251801095249660822e-02
7.652730159548222673e-03
2.047192098767839643e-04
9.879284974555998522e-01
1.981559775137651469e+00
1.271723430974774693e+00
3.518367233849701847e-01
3.334172407337687716e-03
2.358923496229220689e+02
3.254125793036694603e+01
4.873432481096173774e-02
2.098283917200312668e-02
7.884369790286209490e-02
5.209045517097961493e-03
5.101291838949251201e-06
1.065627682364457929e+00
2.225156343476762277e+00
1.240039384343444073e+00
3.931062511602930742e-01
1.623835133303108691e-02
2.285203311253879690e+02
3.174965239377723591e+01
3.821229247112182398e-02
1.553777407141132549e-02
6.704798665015203329e-02
4.396755716118416757e-03
1.320952097705330175e-06
9.371012870469672684e-01
2.501035258427914076e+00
1.215146842871323241e+00
3.246097294855402882e-01
2.433677859942084964e-02
2.307953035491736671e+02
3.323720425638818909e+01
4.493955747555215124e-02
1.768824042477727329e-02
6.568247328654168438e-02
1.284057818827973561e-02
3.521464547739938666e-06
9.999199318523256386e-01
2.818297730187233618e+00
1.239971037228583928e+00
3.930737409253353687e-01
3.620555090356562117e-02
2.135944148544127756e+02
3.239370053093650625e+01
3.581194887932737103e-02
1.098656712370897105e-02
7.340238903229916179e-02
2.059055251209529480e-02
1.206571493828079156e-05
1.049035239633124394e+00
3.177820854307901843e+00
1.209951590560167434e+00
3.116726137029457444e-01
5.678037191994370764e-02
1.767828036769628284e+02
2.446163252160662438e+01
3.948812552044637242e-02
2.526552032049804095e-02
6.863125009335575843e-02
5.164820473542164336e-02
7.809464554660769026e-06
1.075178746733203905e+00
1.075971400086272456e-01
1.229156273265024968e+00
3.003142452148720998e-01
2.875789621265001372e-02
1.908875196487895778e+02
2.379981276705768067e+01
3.173867100106919636e-02
1.085751387488638996e-02
5.622375830069414882e-02
8.875587852151070947e-03
4.100384968600915933e-06
9.943320283839061080e-01
1.205000298132030551e-01
1.237696717061862461e+00
2.555514605476242873e-01
6.592442259432858276e-02
1.956132481435711554e+02
2.675283834699290963e+01
3.557847005292898851e-02
3.605611247844234951e-02
6.265542527071714385e-02
1.106640588966848783e-02
5.012524186461438283e-06
1.055175651651572455e+00
1.345496575286261320e-01
1.230624219637127537e+00
3.034963531964511296e-01
9.092364960736990312e-03
1.908400093775998698e+02
2.384867967871002037e+01
2.963186722488113031e-02
2.170781566239177174e-02
6.090542136633440157e-02
1.375228269547464598e-02
2.598007435979561856e-04
9.926126909819459332e-01
1.497378681495909747e-01
1.218825089655210414e+00
3.067331256847827259e-01
1.201676433536894885e-02
1.863610709040048334e+02
2.278690741641362294e+01
3.268062678245161473e-02
1.249823334550000629e-02
6.472580765724729457e-02
1.219779364612927353e-02
2.867391526254851604e-04
9.983900765012969636e-01
1.687235054406335810e-01
1.201592906674153749e+00
2.740574879376271311e-01
7.165590695321817638e-02
1.655186078252521611e+02
2.482422648620658734e+01
3.809052248788061951e-02
1.531946628567556166e-02
5.187169796167512281e-02
1.641107756985005217e-02
1.418312915742644118e-04
9.949962398587274270e-01
1.882001729550815128e-01
1.283086483716152637e+00
3.346946370495483269e-01
4.774902498674479107e-02
1.813196683877412738e+02
2.466954119413867375e+01
2.742341253457181161e-02
2.536668656433020350e-02
6.162259946237239744e-02
1.514362156282422767e-02
9.337117468088962369e-06
1.033143309643508312e+00
2.145416506986684291e-01
1.215196413254992835e+00
3.451154713044339295e-01
2.637394355071524463e-02
1.890305974107218674e+02
2.600583972496577445e+01
2.861478868533088790e-02
7.146711720610691813e-03
6.842699104558369605e-02
2.864808297006748994e-02
1.073823501266761153e-04
9.686594948248284931e-01
2.389432564865039965e-01
1.258472710972933895e+00
3.407155082705745075e-01
2.447380238815670059e-02
1.739230519042412766e+02
2.186767894984549443e+01
2.990715260933381539e-02
9.094783189927957423e-03
6.025525669594392758e-02
1.552304159518347326e-02
8.541145062139025846e-05
9.433126007211821706e-01
2.641987458530508093e-01
1.185867831964544816e+00
3.022917179285100620e-01
9.821538993966724349e-03
1.931817562326505993e+02
2.476371347132403500e+01
4.062929187414465737e-02
2.287973354488566716e-02
5.322717999758178747e-02
2.152468936665689545e-02
9.188078532081551963e-05
1.020415116333574623e+00
3.008108315829217116e-01
1.264927437716151237e+00
2.374043727608669274e-01
6.451512464477245079e-02
1.863423094941283296e+02
2.334194893338477428e+01
3.484525270833205290e-02
2.327715262073944483e-02
6.836465223240550948e-02
1.641484487161134001e-02
4.509696590234331573e-06
9.538785460076968370e-01
3.361887307812754244e-01
1.203217433795729763e+00
2.681220345158977780e-01
7.468739691050367384e-03
1.918752779368109316e+02
2.095399963438977409e+01
4.208568142381093752e-02
2.986893775178504559e-02
5.588640219949351368e-02
3.522818295395210159e-02
3.227744264940509149e-04
8.849460189552884604e-01
3.779788245165402460e-01
1.168875032707215711e+00
2.507172980115842664e-01
7.810886911006435611e-03
1.746026131438849802e+02
2.445123689748855966e+01
4.013745324215611809e-02
2.198967055037637230e-02
5.968231018354530626e-02
1.932153534308644893e-02
1.962004238113360945e-04
1.069196070308699564e+00
4.252169718971117174e-01
1.264805752914644144e+00
2.837862753764888724e-01
8.950284830163321090e-03
2.035082046751540759e+02
2.509828209911623986e+01
3.265834951519849122e-02
1.617807948432470333e-02
5.697735091672780777e-02
9.743388017317370156e-03
4.816499312350804210e-06
9.468421621235750818e-01
4.788563249601373584e-01
1.271062915549623806e+00
2.888737771131521526e-01
4.734083959741878372e-02
1.889908358866249785e+02
2.128661100852899679e+01
2.591962019851494145e-02
4.157316038811235265e-02
5.265261842444431822e-02
1.954797042406271682e-02
1.811365473910105456e-05
1.020634522065183347e+00
5.362253799168309465e-01
1.211580018620989296e+00
2.958867134815209576e-01
6.223982980381367186e-02
1.750877080878908032e+02
2.630489345742625318e+01
4.133321175670556791e-02
2.465987977234851414e-02
6.317191081988877965e-02
1.859073024419640244e-02
1.387147394171783787e-05
1.035466746670630434e+00
6.054144632642035617e-01
1.187212429581728124e+00
2.504992830438590445e-01
5.466741723289721827e-02
1.859271707476448512e+02
2.249119845776012028e+01
3.748914644641221372e-02
2.851106152789532541e-02
5.295753703924802741e-02
2.819986675077397822e-02
4.669495964411869986e-04
1.022347494976275861e+00
6.779562587797035578e-01
1.203385478274232367e+00
3.175848017078024554e-01
2.979140685825202532e-03
1.870630737799400549e+02
2.387937037835900966e+01
2.789180568330181312e-02
3.752714416758543784e-03
7.055817572101941160e-02
1.265814381568401183e-02
2.304258163906188278e-05
9.153402353862047924e-01
7.634940329755101063e-01
1.189961925402734488e+00
3.090935443677870209e-01
8.830342834940477573e-03
1.842443815479121270e+02
2.572230297418292722e+01
2.376658325078199671e-02
1.317299243748978020e-02
6.878703288846210739e-02
2.067493344060459745e-02
7.850122183405972009e-05
1.046105158425216564e+00
8.621024657545063308e-01
1.263274589605609455e+00
3.088414170606992859e-01
3.174837697459964581e-02
1.869548545144628235e+02
2.624098643692794397e+01
2.634145143418642476e-02
1.978914776467240524e-02
6.282525962695295618e-02
3.467357860439945760e-02
3.307615072574895170e-06
1.007624432495723976e+00
9.714782767581719991e-01
1.209511741366449789e+00
2.956561882736075120e-01
1.890202568602209962e-02
1.878572266303627600e+02
2.299860267922439050e+01
3.901127318724125631e-02
1.804110686930056676e-02
5.207224076481109520e-02
3.441819468894732198e-02
9.002042784348833471e-05
1.036185984109093017e+00
1.092426857187562161e+00
1.206001721309263308e+00
3.229076917560025350e-01
9.409505406156778648e-03
1.779839790582299770e+02
2.699820120620375974e+01
3.504970300216939810e-02
1.535665627185137973e-02
7.729552606758523237e-02
3.234379761113959084e-02
3.458963180343517800e-04
9.513099194949041770e-01
1.229450781135014825e+00
1.231049540500073203e+00
2.658746706730496512e-01
2.574902171267878792e-02
2.000632361921715301e+02
2.736197416314491804e+01
4.108814813133335880e-02
9.989760458648891742e-03
7.207889993622873526e-02
1.674577141551429268e-02
4.132834646915680554e-05
9.914731372646869989e-01
1.379903270430846707e+00
1.175300841392455276e+00
2.981130335276176435e-01
4.211636229179786112e-02
1.954262431877990593e+02
2.624283662269565909e+01
3.464290944605504657e-02
1.841145915978577643e-02
6.021974998775917604e-02
2.888794529030125346e-02
5.661357179350308591e-06
9.996546606784895150e-01
1.558714502421117531e+00
1.188998476294902185e+00
3.307653795884472614e-01
4.484948676726959599e-02
1.852571694137265297e+02
2.371738308331648781e+01
3.282657699464527207e-02
3.064123661008499866e-02
6.732056786092899259e-02
2.241024902863708590e-02
3.410402964106514634e-05
1.033633077278498735e+00
1.754698824787922939e+00
1.120654570265333660e+00
2.947244189907178846e-01
4.160391619099276100e-02
1.828064819965256902e+02
2.231470077202808611e+01
3.085284309448099727e-02
1.580246956048673643e-02
6.592901218731388180e-02
3.061881378601342615e-02
7.818500981637832581e-05
9.860473765714659056e-01
1.969549734730652535e+00
1.232674680917807741e+00
2.808905887913862864e-01
1.751809102671364471e-02
1.988788274000769150e+02
2.468044910277878401e+01
3.160019488212725131e-02
1.470366721533037692e-02
6.833876721961489042e-02
1.778050358584211746e-02
5.008814853157961267e-04
1.063951499635658937e+00
2.216053296564803432e+00
1.180882784072830649e+00
2.867528653988538623e-01
2.258582764562884829e-02
2.013725638724471310e+02
2.388966215057103426e+01
4.566009812743317825e-02
3.991707519298559603e-02
5.269382129892696831e-02
2.093155716667386909e-02
2.346656044852994322e-05
9.353605147254308028e-01
2.497266213898258869e+00
1.181024434158550740e+00
3.059258310656102209e-01
9.701437280305406918e-02
1.867346908946419433e+02
2.165533417745471567e+01
3.203621239029989104e-02
3.016174878130069639e-02
5.849898970692509609e-02
4.910519481278926429e-02
6.108634172700503360e-04
9.984222068630791425e-01
2.813082854397523036e+00
1.190479959490366557e+00
2.751134935236415058e-01
4.574809108057002055e-02
1.852464508978920037e+02
2.468559125674049781e+01
4.357721763634062745e-02
2.359580991735758457e-02
5.358894267668001810e-02
4.768709586632779995e-02
2.910875502674474186e-05
1.047798987193310216e+00
3.166948161552831653e+00
1.178501703333378892e+00
2.486352532042749863e-01
5.444649263215602802e-02
1.517451776446300755e+02
2.046077797536804965e+01
3.476878478191706284e-02
1.276870251783838485e-02
5.120224505769840201e-02
1.290831969153101964e-02
1.467986612121071341e-04
1.075401276193512556e+00
1.031600140161842150e-01
1.177069345570700865e+00
2.402760633003820090e-01
6.140589929300813848e-02
1.695631263687350270e+02
1.855112972026366691e+01
2.506539329844940586e-02
2.738087234018434304e-02
6.377551372985235112e-02
3.080293656378777986e-02
1.512804958973360979e-03
9.944005334856230727e-01
1.175208724235643487e-01
1.199525179032761901e+00
2.736002816796386239e-01
1.364263468010902813e-01
1.663692920073267487e+02
1.867262504901174580e+01
2.206482864139010583e-02
4.857250750636884357e-02
5.885274491249092854e-02
1.817102363690555403e-02
4.832199383723405068e-04
1.055445130443738222e+00
1.300621494207470918e-01
1.207549437134693981e+00
2.321139591778357825e-01
2.545347368145452552e-02
1.685372605368073380e+02
1.895984993149186337e+01
2.506548269575563023e-02
5.499661174199199642e-02
6.931052227175012181e-02
2.191016680099244773e-02
5.535775467968573338e-04
9.921431761634955659e-01
1.411523208091523818e-01
1.164648506779269788e+00
2.598019768584277633e-01
3.484106391308805506e-02
1.579533489103040154e+02
1.860240747146310625e+01
2.716385242248116685e-02
1.785795510405030484e-02
4.974362004935469622e-02
3.465129150188595020e-02
4.221792677524168207e-04
9.984718166865450550e-01
1.673102519383158071e-01
1.143295051294827447e+00
2.560432849360121943e-01
8.644056869859066683e-02
1.552876688157844001e+02
1.779145559142299859e+01
3.262258367520513153e-02
3.979255361473699182e-02
4.170490787710479097e-02
2.170932109000767163e-02
8.436318338948348714e-04
9.954755899235280259e-01
1.848056328372770785e-01
1.253820610480217868e+00
2.161395936289297048e-01
2.407443979714836702e-01
1.601051244848797808e+02
1.977207154426159974e+01
3.121013633483974911e-02
2.475168332275456962e-02
5.897565681561115630e-02
5.131352262415419391e-02
6.632975445231004130e-04
1.031428872260818030e+00
2.065785558486252782e-01
1.194397155384435916e+00
2.691438996797023697e-01
4.071160514389493557e-02
1.481765340503493178e+02
2.240894175720386983e+01
3.164509018936575296e-02
1.517523526487300246e-02
5.451263500504399673e-02
1.557703907811106882e-02
1.244519542124381982e-03
9.679398507870194956e-01
2.346358005224963850e-01
1.231993458600446179e+00
2.682196890973117531e-01
4.335543796861740518e-02
1.536795127083128989e+02
1.521945029299496710e+01
2.029060124039694379e-02
5.863868262435678602e-02
4.687661576379490574e-02
2.409251613928279842e-02
1.267512003296407787e-03
9.422895001577669127e-01
2.596970199379589617e-01
1.149064613959795533e+00
2.707227550019600804e-01
5.751808768946394153e-03
1.645718290720015489e+02
1.955337168557439398e+01
1.439153269880607232e-02
4.382350658674871724e-02
3.922617675936231757e-02
5.031364458119950284e-02
2.347106868028081550e-04
1.020683818912249130e+00
2.962142323043429060e-01
1.223760967144565948e+00
1.932149080867029411e-01
3.079643369828799493e-02
1.706111260396677665e+02
1.656137395755531116e+01
2.425454664554682616e-02
4.779099018843990798e-02
4.441599909999482954e-02
5.983022659907059199e-02
2.197272923086061262e-03
9.547359580042805716e-01
3.287562196683143645e-01
1.158669962588080748e+00
2.026684112039675023e-01
1.696061644660721568e-01
1.707852447687682513e+02
1.602443864815962726e+01
3.676493627627527155e-02
5.439418964231501619e-02
5.138498441230598957e-02
5.159390119641171779e-02
2.605842830257406044e-04
8.847272861034629621e-01
3.742073991170659086e-01
1.136858888833225389e+00
1.939453136243441123e-01
9.821630956808879986e-02
1.535836165277245868e+02
1.861335138793505806e+01
2.631114336839786641e-02
2.650274831179078028e-02
4.371321803566622505e-02
4.197768277248344754e-02
6.537310269042843891e-05
1.068588974326240004e+00
4.201416649985574847e-01
1.265603706983035259e+00
2.137372951068971516e-01
2.662609741029627330e-01
1.601551896189641582e+02
1.701676364108350015e+01
2.855574652426325424e-02
6.180808244451071326e-02
5.780540533165678951e-02
4.009756986917226845e-02
1.746541194595311762e-03
9.470094210737448615e-01
4.704087913907592511e-01
1.230044450677156842e+00
2.254474766425929033e-01
1.928955178346698773e-01
1.604283504058189180e+02
1.447859288189562754e+01
3.213165003746465409e-02
4.356006554436612360e-02
4.455124073787971456e-02
5.004286471710176626e-02
1.582034016319363136e-03
1.020773805840036186e+00
5.367172713133869788e-01
1.159572893136758376e+00
2.239688612669080980e-01
7.098081304407848069e-02
1.606102434625720150e+02
1.930577623923752029e+01
4.297902911639487483e-02
2.527978295463473302e-02
5.770684536291851435e-02
4.240486037725976765e-02
1.036404835902393629e-03
1.035125945050555885e+00
6.033326787721536855e-01
1.163940949848271122e+00
1.975945274023560572e-01
3.223083166387826631e-02
1.525523326004373246e+02
1.838381690872506624e+01
3.210879867066585014e-02
2.862538897267323176e-02
6.355373540091931173e-02
3.692496755612340031e-02
7.547777214530112513e-04
1.021441597881370900e+00
6.747627803362404864e-01
1.176184342648737946e+00
2.126489415727646493e-01
2.469931806871827618e-01
1.603005138308214725e+02
1.737743776532301965e+01
2.986321078353541478e-02
3.511634161483071642e-02
5.232303961008229892e-02
6.366364657749423728e-02
5.789285877059550120e-04
9.141428777628526348e-01
7.605854090022010627e-01
1.150852777107143732e+00
2.309849392004625912e-01
1.530912727858102229e-01
1.520997804045102271e+02
1.890683680511605402e+01
4.198678220075543338e-02
2.702976211100642165e-02
6.587567634805206740e-02
3.971597994552045208e-02
8.178031927467502857e-04
1.046326811221100606e+00
8.605330049309201090e-01
1.247110227408201100e+00
2.145594839430387257e-01
1.230592218682935446e-01
1.577277697938934296e+02
1.940275634725632514e+01
4.152390165372462499e-02
1.236332570960600209e-02
7.134243344715796020e-02
5.800309785909396609e-02
8.745268754402809588e-04
1.006877767984937000e+00
9.624520028823241313e-01
1.175719360652480949e+00
2.325651766579283908e-01
2.034599433281566450e-01
1.720653406384141988e+02
1.751473982283544473e+01
2.337708461587946832e-02
7.579929022320890108e-02
4.536662000326208144e-02
7.505758596032530150e-02
2.942184853395775953e-03
1.036303818239653118e+00
1.079039327521111646e+00
1.165262985815731067e+00
2.679090956341278473e-01
3.585468312806150415e-02
1.589170013118925340e+02
1.859915248193246029e+01
3.907624537052104691e-02
4.305798775094774739e-02
6.825176238488366021e-02
4.194109712762165293e-02
1.370010603318760900e-03
9.513280957386478498e-01
1.224579868455577092e+00
1.204191681288668825e+00
2.401996565103999559e-01
1.094656817331174370e-01
1.616710095169414672e+02
1.697316902928367455e+01
2.670605547372602653e-02
6.866516206151529467e-02
5.931708100970952552e-02
6.643234680285825533e-02
1.674639651714586062e-03
9.912214094188982472e-01
1.378266118733955103e+00
1.121389110827171853e+00
2.789552593889836341e-01
1.284267689424023473e-01
1.795801308928308515e+02
1.891438704415584482e+01
3.443260252383543302e-02
3.023376396470619024e-02
4.407847440392465010e-02
5.000078623392800736e-02
3.203032790100035498e-03
1.000392713273817957e+00
1.550796465449726158e+00
1.187943561148640859e+00
2.737476451921756482e-01
9.921150037618213513e-02
1.422265157672748899e+02
1.433376742724803776e+01
4.597030557565254943e-02
4.922410063312177009e-02
5.884204788016988985e-02
6.755364291956555967e-02
3.090889415528300880e-03
1.034000036739688877e+00
1.746096769965156392e+00
1.094141682396535975e+00
2.415591768480847834e-01
1.589208428221429992e-01
1.486141233948919478e+02
1.423650248735432911e+01
2.716590399911751955e-02
4.117642844764605320e-02
3.488862599663744568e-02
8.914875806964779603e-02
2.484414530423695311e-03
9.873613416357190919e-01
1.967173845808954935e+00
1.192148399252128010e+00
1.868971772830296807e-01
5.157297166520413700e-01
1.776533409481630770e+02
1.830087365344036954e+01
4.396774477208875709e-02
5.448284026077776510e-02
8.532537470160399262e-02
1.589260408072501463e-02
2.295714499887339336e-03
1.061629153490380562e+00
2.214077943661322490e+00
1.154446185997794805e+00
2.784641082797745804e-01
2.569081819178290482e-01
1.584016400868750054e+02
1.633884500549491392e+01
3.239389900900335739e-02
5.587585280328507403e-02
6.019631522583372002e-02
2.303546482110285787e-02
3.021493862590911013e-04
9.346812999489475526e-01
2.499846778891037680e+00
1.168993413644880963e+00
2.316873178633198083e-01
2.506614672945976507e-01
1.536530992716996593e+02
1.649981234423659515e+01
3.080417208497683926e-02
3.206753931064287855e-02
7.085472264264185138e-02
6.728685574921196288e-02
2.783395705572659033e-03
9.975353394250762173e-01
2.804222614994843266e+00
1.134528587579578529e+00
2.903636888224295776e-01
3.508914245326789083e-01
1.533696811622701830e+02
1.472146549779684577e+01
3.186000235218718751e-02
5.224533798930212219e-02
3.928321420458661534e-02
9.487578999518204992e-02
3.189869795594546531e-03
1.047947197357018689e+00
3.170954854169952153e+00
1.165584011587533775e+00
1.879710926672754356e-01
7.060975468372958364e-02
1.359834035851677072e+02
1.775785100101517244e+01
1.845928164758333170e-02
2.479251564276863107e-02
4.984882220994876073e-02
5.420829906131278270e-02
3.147180347963981269e-03
1.076346351536396462e+00
9.986706826079178034e-02
1.162969247368554448e+00
1.491227651856496805e-01
1.487403414304329374e-01
1.581962651317449797e+02
1.664189613571069515e+01
3.058520668828279554e-02
3.434619768061993733e-02
5.889637599312454869e-02
4.775578289169709473e-02
8.492801527019514527e-04
9.933346174377539750e-01
1.131019976687676204e-01
1.171037354009370590e+00
1.004800683203022071e-01
1.471253156612265835e-02
1.554709046375266155e+02
2.027402374195700219e+01
4.039233573168710123e-02
3.224051531644511748e-02
4.423568327223311586e-02
3.739000966623828859e-02
2.044503285060968786e-03
1.054274564937102365e+00
1.289957740572744982e-01
1.188200601287495717e+00
1.641710969716306812e-01
5.558720808171620925e-02
1.436538283376116283e+02
1.640997630387989759e+01
3.414595808211758760e-02
3.476587523076520719e-02
4.756459185975558945e-02
2.802465794919014111e-02
7.328468217049355360e-04
9.946724361053593810e-01
1.427525382035892132e-01
1.160095822082362949e+00
1.960216771718388540e-01
1.892815580129917838e-02
1.358691220256040992e+02
1.464124305759234979e+01
4.300544781844495290e-02
1.473893224298583604e-02
5.747908243763921732e-02
1.938319182072286220e-02
3.813504018938355662e-04
9.994448102534841949e-01
1.645097244017170168e-01
1.131099490640049110e+00
2.213311388296852755e-01
1.204781863566539712e-01
1.330431208695672467e+02
1.613041037158495072e+01
1.873138525804729504e-02
2.644371790629373997e-02
4.575314816896251108e-02
2.677479344994996777e-02
1.055471870790395837e-03
9.973869183206309774e-01
1.819719340873851010e-01
1.200381480934797684e+00
1.765413606657550705e-01
5.187187519001268399e-02
1.603587879797858591e+02
1.725315509541481518e+01
2.062636948278462334e-02
6.701288412405877193e-02
3.701097696198196729e-02
6.345880083470183119e-02
1.543818319812058750e-03
1.034356105555424898e+00
2.048515220436437079e-01
1.151000666656437410e+00
2.221942052312260996e-01
9.543797910933256301e-02
1.359369762024262513e+02
1.985464485709176685e+01
3.149901053434896875e-02
2.503969411522348129e-02
5.456556196156703287e-02
2.838069083199168396e-02
9.463894975599481665e-04
9.712017639904999555e-01
2.323163243454242910e-01
1.201089086598141398e+00
2.220453250913412557e-01
6.296939809892580786e-02
1.262622249153007488e+02
1.441329237715966194e+01
3.214377289453840270e-02
2.503150176821344886e-02
5.218797664807151016e-02
3.224656747593165201e-02
1.849872883559940671e-04
9.446038553925523162e-01
2.618326710207446451e-01
1.144412927452328255e+00
1.970158902364682885e-01
1.086424125092337184e-01
1.439451706819323249e+02
1.720870271812263042e+01
2.909805468539657450e-02
3.832661612797235579e-02
4.700130102027189061e-02
1.082986209958539982e-02
2.672715121861587214e-03
1.022238682166583867e+00
2.925730843332428055e-01
1.197480800194452355e+00
9.893122837420127713e-02
1.063345726979488502e-02
1.509889071825482745e+02
1.586901912126631409e+01
2.465687734921802668e-02
3.412393806745406266e-02
5.024597486086116588e-02
4.844002017452461034e-02
4.706547749810940928e-04
9.552686352914232515e-01
3.322506409401098093e-01
1.142940737368351556e+00
1.561342165096679946e-01
7.148625628456417580e-02
1.503445384983409667e+02
1.533871887589820737e+01
4.154227649618147389e-02
3.026264221902367699e-02
5.425088127736232835e-02
3.352788602771031995e-02
7.151559661947951571e-04
8.862901905253721679e-01
3.707449158685845458e-01
1.119012356607283376e+00
1.697243716285176118e-01
7.878499476134392943e-02
1.316043979317208539e+02
1.508874672674085282e+01
3.175028485856157268e-02
2.348698304098969028e-02
5.926357836297801995e-02
3.935185706082459239e-02
2.323811105570117164e-03
1.068985919339502599e+00
4.195418632450590990e-01
1.230331687034678323e+00
2.400567881020018168e-01
1.347719400991986838e-01
1.469843019561533879e+02
1.336625911970737413e+01
2.135388771202044109e-02
3.280008967538698000e-02
5.700883747054389522e-02
3.532591939545878107e-02
1.543890737472815690e-03
9.504981496278079867e-01
4.710734326146895912e-01
1.205200963725555630e+00
1.626156457865697846e-01
2.249715061716876241e-01
1.533922066947513372e+02
1.368929918163168047e+01
2.292404860012771731e-02
5.648131555914074481e-02
5.862698863524454934e-02
2.439629224422941792e-02
1.037117288512264370e-03
1.020361255530908506e+00
5.338550436673101807e-01
1.173025784537629068e+00
1.788315264202681720e-01
2.767679838643177237e-01
1.255916726430595958e+02
1.505476167041140734e+01
3.800874386547340583e-02
4.214202668661459761e-02
4.907408015103106175e-02
4.289454341161458295e-02
2.739050171265041463e-03
1.035659192890451719e+00
5.989714017191765105e-01
1.135866608290577062e+00
1.789191635543456727e-01
3.287945160119469246e-01
1.397090912472967261e+02
1.219341090843803066e+01
3.216975018505893041e-02
2.733786555298063983e-02
4.729012729245788554e-02
7.541672371829492849e-02
1.965028757043111533e-03
1.024618799733791441e+00
6.723258599711183781e-01
1.170619081581205201e+00
2.002185914013428769e-01
9.158310264911577459e-02
1.369249419552303095e+02
1.137086957966524636e+01
2.499629896316283781e-02
2.316197923408387996e-02
4.598331660491025014e-02
9.125277646448808067e-02
2.841165230466069502e-03
9.182563898785651713e-01
7.568780406349145951e-01
1.143022823456483872e+00
1.586272394005605879e-01
1.535197385518086988e-01
1.339572880294559809e+02
1.614330862025983393e+01
3.924878370365481040e-02
4.184067789653374975e-02
6.845146325584379465e-02
6.108039914907899964e-02
1.387168172358362430e-03
1.048777588613595713e+00
8.539171530841042079e-01
1.193976793085610444e+00
1.692996167478922065e-01
3.624916609070290008e-01
1.418086061849217572e+02
1.902198422729237848e+01
2.613651845324027612e-02
5.269042994310857431e-02
5.950542488699269578e-02
2.090243891957703146e-02
2.348864130025107855e-03
1.008602489251577250e+00
9.635702982713163500e-01
1.177260712413469745e+00
2.092086903772346629e-01
1.069786753063110413e-01
1.426500296223801172e+02
1.287970417938435652e+01
2.916916686432531949e-02
5.638193981000183541e-02
3.758108752494049298e-02
5.624359980269666437e-02
2.596400976921190654e-03
1.037801226440445479e+00
1.079963758569904453e+00
1.178044508438345295e+00
1.841447571307034126e-01
1.827353882582797850e-01
1.177501615361071430e+02
1.502134226807613615e+01
3.468232790843443075e-02
3.079038727983133758e-02
6.512190754110469548e-02
4.701646723161423402e-02
5.138008076094324750e-03
9.517867411359013374e-01
1.222603976132051296e+00
1.153562689723136803e+00
1.881889914103928862e-01
4.212448640798135274e-02
1.543960796976794541e+02
1.466798368652490758e+01
3.646268971067567755e-02
4.308822927318600726e-02
7.169488829873264801e-02
9.288669646551062087e-02
4.264038162806367722e-03
9.929629168281443041e-01
1.378293290074701360e+00
1.143273064945900863e+00
1.871303160979868041e-01
1.065459090936101381e-02
1.434728515046666075e+02
1.250566908525546062e+01
4.564394319230465763e-02
2.585236874370622218e-02
6.004474837301524565e-02
9.207061623932588645e-02
5.120545795165669205e-03
1.001596205848670484e+00
1.549967717375299481e+00
1.132383104758459158e+00
1.984477656232497000e-01
2.797031793530617705e-01
1.445937034948728126e+02
1.367176719901829429e+01
3.758090385069801087e-02
2.822828061949296877e-02
4.824101015376373175e-02
8.294128267027171819e-02
1.670806025892239031e-03
1.036156348596656285e+00
1.744166250687383179e+00
1.071984724476493733e+00
1.785596327266640304e-01
2.212877261566474629e-01
1.304922516580120941e+02
1.219649035006688820e+01
4.126036103914154651e-02
3.460301720557187183e-02
5.970445549401034308e-02
9.079797421186475148e-02
3.402824413600846754e-03
9.869012692025206368e-01
1.967232449203663913e+00
1.166645648425320259e+00
1.633761470388183923e-01
3.914304341672207310e-01
1.584863843902776921e+02
1.356967563816922251e+01
2.503785890322259358e-02
4.907427462474042018e-02
4.458669659002101326e-02
9.328435897042648695e-02
3.694909903984022748e-03
1.063817088415323298e+00
2.213399237943758813e+00
1.158529108017845477e+00
2.047917287276990461e-01
2.266470974765455171e-01
1.370190537146354472e+02
1.102008460499601483e+01
2.293119987159345993e-02
7.793526510934307983e-02
5.412955819988907180e-02
1.133704936104410893e-01
3.842599364306531484e-03
9.370939652610118520e-01
2.493252526675397540e+00
1.146720576552436421e+00
1.525776368515603665e-01
1.507963675427399786e-01
1.295010172135050084e+02
1.254898842985128660e+01
3.930678459700409633e-02
6.454457303237866317e-02
4.820904614545873379e-02
1.259906009660786419e-01
2.319688504727931196e-03
9.995018832638630224e-01
2.806271796666055529e+00
1.174695914111771433e+00
2.310180530970170620e-01
4.706946823783826894e-01
1.057968587073933406e+02
1.116110058822462037e+01
4.127520894597336287e-02
2.522795586539783308e-02
5.819236826028658521e-02
1.166313725746640911e-01
5.035784004621864270e-03
1.050379251205350473e+00
3.162300030092378034e+00
1.121876409369121363e+00
1.870374275594018643e-01
3.188744139109135345e-01
1.344441736153626721e+02
1.398665204247275895e+01
3.318743532987703665e-02
2.752151389296223979e-02
3.689790722172606868e-02
6.646563110702663479e-02
7.868455041156371390e-04
1.110315388797126879e+00
1.016025279647655571e-01
1.157190127970608495e+00
1.309799698070546192e-01
1.170612094848237222e-01
1.329415426488298237e+02
1.444465345017614055e+01
2.128074226534678107e-02
5.190468547479435563e-02
4.634151518281096754e-02
7.323881741547004498e-02
1.992921103013042036e-03
1.025620155917494891e+00
1.121092855274250094e-01
1.154223193523730817e+00
1.639566532232665241e-01
3.509658907169625058e-02
1.350776515478156625e+02
1.518201835567012381e+01
3.226351254237794924e-02
2.932381529958301772e-02
4.797734913118967270e-02
1.645235662505184493e-02
1.297930983740203104e-03
1.073502016197175335e+00
1.300713682818185613e-01
1.178539101296657066e+00
1.212886075756647308e-01
1.513554204883527099e-01
1.328269465176041138e+02
1.227011870417913819e+01
4.306944198896878184e-02
4.278214952519639874e-02
4.250276910237419520e-02
3.584524856792281611e-02
2.254056755031837774e-03
1.003048572624269275e+00
1.461749339451982044e-01
1.159259059153568305e+00
1.231623904634604472e-01
9.823527350077225495e-02
1.320701767728799325e+02
1.355408674532825053e+01
2.666265156311779447e-02
4.362528716983504751e-02
4.308568832537088694e-02
5.028856980776041929e-02
3.734683226064294814e-04
1.027641166184836141e+00
1.590946514570804049e-01
1.115538254139288643e+00
1.737758719561184606e-01
4.257613519221566944e-01
1.172065537213668449e+02
1.236621285239592893e+01
2.577576934070606104e-02
1.318047364928058053e-02
4.263041257022148756e-02
5.567125408430332462e-02
2.386687848378773232e-03
1.002664379308076947e+00
1.849677756610995649e-01
1.212771092374713033e+00
1.904884279811521475e-01
2.222196403963890357e-02
1.285820168049503138e+02
1.408712015020022790e+01
3.011251616415096602e-02
4.579317484964170321e-02
4.570256373871983691e-02
2.020830198989169088e-02
8.714536825179161053e-04
1.063577934947327552e+00
2.053457615504398204e-01
1.145567632242118883e+00
1.274193364679895024e-01
2.272477372775841553e-01
1.245524211357088831e+02
1.542729745370727557e+01
3.888991011890182564e-02
4.635786054987452859e-02
4.533867053027792332e-02
7.267943764765287529e-02
3.638845151199276984e-04
1.002436416873784486e+00
2.304531096782813093e-01
1.155509298414022279e+00
1.694906854693903897e-01
4.154747956211289894e-01
1.250059598349558598e+02
1.458084368250754892e+01
3.291337986610817085e-02
5.290671700692861634e-02
3.778991331666777670e-02
4.555204446825000808e-02
2.955423038229302527e-03
9.902810928094064602e-01
2.600228298562686224e-01
1.123800375363899873e+00
1.675390301872285437e-01
2.583232965844191598e-01
1.280287172155643987e+02
1.356753236986191702e+01
3.289900515953680937e-02
5.028400293121682019e-02
5.627958055223203360e-02
4.535866742134316704e-02
3.340288423595942028e-03
1.038061675772309789e+00
2.952667957880442118e-01
1.194047726756741756e+00
1.114040910881982233e-01
2.226774282755898671e-01
1.353599987305937020e+02
1.169528288616837486e+01
3.426627717101893289e-02
5.015858895841737025e-02
6.084374205167312338e-02
7.202208372212304255e-02
8.962408643786723417e-04
9.788133118245928577e-01
3.295511067077563916e-01
1.139523246396627165e+00
1.299942931618928432e-01
4.309146935773666698e-02
1.304749286126445327e+02
1.251939911577815501e+01
3.327844906553060339e-02
4.016093424727973371e-02
4.638853495003517763e-02
5.788940231330660241e-02
3.753689060642662056e-03
9.129419753165612939e-01
3.711432201002816678e-01
1.105130492401124265e+00
1.398266383856557327e-01
5.734250501412593154e-02
1.186464214409455593e+02
1.371910607971593343e+01
4.063782159398991040e-02
2.307255546282009281e-02
4.828069757313498828e-02
3.850768684064790476e-02
8.830390714772059493e-04
1.090401288635189925e+00
4.199682851953021046e-01
1.220656807639412422e+00
1.646184372485481606e-01
9.184163406849947531e-02
1.318206162105929593e+02
1.235853241457275509e+01
3.644320869146122632e-02
8.669667700742881081e-03
6.092122876124225067e-02
1.193180357119905111e-01
2.459288192335762346e-03
1.002269827574851169e+00
4.684418118480477289e-01
1.185374587123259271e+00
7.773649866091303373e-02
1.227012474645128304e-01
1.532322665944244307e+02
1.305253880464200300e+01
3.096928379244616100e-02
5.765531499066778309e-02
4.318620903675333272e-02
7.638923841729224062e-02
9.715183462137103607e-04
1.028826530243798221e+00
5.316004419439246398e-01
1.146407605322828260e+00
1.087965966247902011e-01
7.813141581199574137e-01
1.160607145655260553e+02
1.373945308540196386e+01
5.316656516988945563e-02
5.832421866704962099e-02
3.971437632672528834e-02
6.724030220554011450e-02
4.225389614278170398e-03
1.048365919584119288e+00
5.985816817035495285e-01
1.112531058852548993e+00
1.892158887297712977e-01
1.980335188749997311e-01
1.402285579218953160e+02
9.637822534636272920e+00
1.876676811276567491e-02
6.219914940944019227e-02
2.883458329890712865e-02
7.749540241508794114e-02
5.281999420098104636e-03
1.085548010622343407e+00
6.688780783675588593e-01
1.119826351637241313e+00
1.205103160332214179e-01
3.726774535756168238e-01
1.384431228852368747e+02
1.206195617900989525e+01
3.177253278850803581e-02
5.611206602260665477e-02
3.931867094852011663e-02
1.021511425236894671e-01
3.502880611768362847e-03
9.553263167835335246e-01
7.584211746182661917e-01
1.115590910978551564e+00
1.482906079215751127e-01
2.309676758464977442e-01
1.344208169413934399e+02
1.112429446728834215e+01
3.452351758388797626e-02
7.006571626736086966e-02
4.437574856224572178e-02
1.068138940524913510e-01
4.421785948083289952e-03
1.070496177092657764e+00
8.532766922642819329e-01
1.195066290871131365e+00
2.804533103677657180e-01
3.505179761912612380e-01
1.131189761664422662e+02
9.059000038962292223e+00
2.662119799798727190e-02
1.869569499678054927e-02
4.033758652159750296e-02
9.325737402563853695e-02
5.149317529740127242e-03
1.058586912449449802e+00
9.619295249160744188e-01
1.127748252339137336e+00
1.582165163647249739e-01
4.356774345969334217e-01
1.450687621136377459e+02
1.091621561235722737e+01
2.200646848181849261e-02
4.134050170074658054e-02
5.854220308839456349e-02
8.323192979726538876e-02
6.983498185183141700e-03
1.044396605682474055e+00
1.082838367292580095e+00
1.150518262541864400e+00
1.889791409019902779e-01
2.937041115401994862e-01
1.108599497261295426e+02
1.094846229771624202e+01
3.039337101235680197e-02
3.910075092674233227e-02
4.806944650326272495e-02
1.429290575408711517e-01
2.196851224280556899e-03
1.002073685750506149e+00
1.217161904461469657e+00
1.176966992439459680e+00
1.927202277820191101e-01
3.227848268935647469e-01
1.202926374215632990e+02
8.653843584777073161e+00
3.311833121726892593e-02
8.119371639134971563e-02
4.958343673422590386e-02
8.009448568483031050e-02
7.105366296850101904e-03
1.062064930406333207e+00
1.372581650437941114e+00
1.080947479641391817e+00
1.917461270952584285e-01
5.566100790035479751e-01
1.429561878452602457e+02
1.339904856947659439e+01
3.842829596445810486e-02
4.816711507842167533e-02
3.931216633874893424e-02
8.559832818461436676e-02
8.414723450198927437e-03
1.039832434793573235e+00
1.548488601089531125e+00
1.092361402133655179e+00
1.917556492572894677e-01
3.005146532606527976e-01
1.391126886067281418e+02
1.166030217157261895e+01
3.067583628229934509e-02
4.245804245134691263e-02
5.456966645703831276e-02
2.739232630431705576e-02
6.107164281025460710e-03
1.049163491881701438e+00
1.748974160349560769e+00
1.048694333765409770e+00
1.240136478149041627e-01
6.752774866130072384e-01
1.235136880697193362e+02
1.089043282217369502e+01
4.751721002336043581e-02
5.538165591625343609e-02
4.023556063512123693e-02
1.221328893675543981e-01
8.331285296649578939e-03
1.019882361105645119e+00
1.962826810640652564e+00
1.144761264068166806e+00
1.232795063810891295e-01
8.792500152821329795e-01
1.422203681460203768e+02
1.049826012742546588e+01
4.185373510747769643e-02
7.951129290138155004e-02
6.214040815004651108e-02
1.043382913842686860e-01
8.607967422080697872e-03
1.103635371792157427e+00
2.209085779418532791e+00
1.159351391652676311e+00
1.700387144311754639e-01
5.806278761641433528e-01
1.054472661222628318e+02
9.386984666907771668e+00
2.122464013115480871e-02
9.873594761035849043e-02
7.207254856862836678e-02
1.214827458657363746e-01
7.723803672365914252e-03
9.693680610616299820e-01
2.491612976472987739e+00
1.107565419727072786e+00
1.698243845584479217e-01
6.324627366110761040e-01
1.199518144057518754e+02
7.667736271184012686e+00
2.729356051777154235e-02
7.503480921665454939e-02
4.500627051278553031e-02
1.089466110711608399e-01
1.543194135425844139e-02
1.046373231962530959e+00
2.807694448717738656e+00
1.119181629548634316e+00
1.674650899810891658e-01
1.103733415579710941e+00
1.082711431413369496e+02
9.898042458674488842e+00
3.523479896434348474e-02
4.527695144678212102e-02
6.417801260691358145e-02
1.727964329540976618e-01
1.636744671996518893e-02
1.084253063152607277e+00
3.161059830164715478e+00
1.135689542634924942e+00
9.849721342839641569e-02
2.476460462751073066e-01
1.221015108685288340e+02
1.492769473970282412e+01
2.621873803309952497e-02
7.036594879649138434e-02
2.562273013037945010e-02
8.169768644191721663e-02
4.300639293911927112e-03
1.452596012356577582e+01
9.374578881738226954e-02
1.154873961524973236e+00
1.725444935597324203e-01
2.799150136142403156e-01
1.136572991076058514e+02
9.191244776198772115e+00
1.595513638085373567e-02
4.769540524721856828e-02
5.297915953105617609e-02
9.416876743163309083e-02
4.550480743094794008e-03
1.881155641900546627e+01
1.096121425437267399e-01
1.127496850178338894e+00
1.265177642431133120e-01
2.712512753799837806e-01
1.243024141194847374e+02
1.360693183834150410e+01
3.419576483024525798e-02
4.534900011063010966e-02
3.902482263764735920e-02
1.008949102692409810e-01
6.390681393616167057e-03
1.809623193727073343e+01
1.252831067486327166e-01
1.155690861756702992e+00
1.283846062637650220e-01
1.400616340154185180e-01
1.285193033465848771e+02
1.041993566217020906e+01
4.627947608968711185e-02
7.256920558638690899e-02
3.391822885090989281e-02
3.495958123725569772e-02
6.370294328761350044e-03
1.433998299832927259e+01
1.407272871636675859e-01
1.094214909537153835e+00
1.095736385749927350e-01
2.715540690155799908e-01
1.306389179862221681e+02
1.319208077411695790e+01
3.727781312143352288e-02
3.331160282196340278e-02
3.293385695217384418e-02
1.184417270213104362e-01
6.657230491430299324e-03
1.592272227338678547e+01
1.597933816709992960e-01
1.091209116689166203e+00
1.677549479822663392e-01
2.541710905972661139e-01
1.165103766297551005e+02
1.026378980944151564e+01
2.656101743853482230e-02
3.938665073454269278e-02
1.938639728820320055e-02
1.837770821430089185e-01
1.215367560012947656e-02
1.741837585395703414e+01
1.765477556021503303e-01
1.211108585141984495e+00
8.950997597768257930e-02
3.910030811017355390e-01
1.028733318085248669e+02
9.582446218491712742e+00
3.129162511856983103e-02
4.548235312475205211e-02
4.812455644144416483e-02
1.827220283820651936e-01
6.286007994582565317e-03
1.469839104971594956e+01
2.026778245317606142e-01
1.144579990533073355e+00
1.297999130742059359e-01
3.589211811198680935e-01
9.905513335153399623e+01
1.390850749615711024e+01
3.805263017354620914e-02
7.708048352187783607e-03
5.556811723379887630e-02
6.645682222671811523e-02
8.365357066516162718e-03
9.598945660523664714e+00
2.311155738392619841e-01
1.167243104909759799e+00
1.458153320902618177e-01
6.688829952927818345e-01
1.027840610029240054e+02
6.453336218470004049e+00
3.398627300760422715e-02
9.528566152555151270e-02
4.091430927775641102e-02
9.059533317989920675e-02
1.228959506849314209e-02
1.318895250858850510e+01
2.615281254029963587e-01
1.090229189986574587e+00
1.606997426344292379e-01
4.186304869535251716e-01
1.248023201674593992e+02
1.158554667173226882e+01
1.921903629258000026e-02
5.698236149628832514e-02
5.963586624878244175e-02
1.052344425017929658e-01
8.666355009288398761e-03
1.504059314014893900e+01
2.912008830401889847e-01
1.175743111847745048e+00
1.304151392641450524e-01
3.647756812742819488e-01
1.191674894253225006e+02
8.930456761371040386e+00
3.087301762382995210e-02
6.155525609621292915e-02
5.865226370929121913e-02
1.040792031958448494e-01
1.408691420652733763e-02
1.929799272932540433e+01
3.234978900392443402e-01
1.131105195850051759e+00
1.429358754474197302e-01
2.093061385905906346e-01
1.184066336729955964e+02
6.688487047748825631e+00
3.576616210563265952e-02
7.211358342011919831e-02
5.069430325288134392e-02
1.004271905325223174e-01
1.051050720117056338e-02
1.460065352048674825e+01
3.687461324942808427e-01
1.080746608993436109e+00
1.389280515455671161e-01
7.001432815476494875e-01
1.012860584021130421e+02
1.166667240146212059e+01
4.752736102167828131e-02
4.227008433605831256e-02
4.557089927897569476e-02
8.710871243787776663e-02
1.022732610515183181e-02
1.951958872779251308e+01
4.131502007327124693e-01
1.214088939791731825e+00
1.020799983689054252e-01
4.390808568672779910e-01
1.250170842799914368e+02
9.224501722839409723e+00
2.671013813744793630e-02
1.596759825951421519e-02
3.135513889200488430e-02
2.231735288985237653e-01
1.251824703509633353e-02
1.735591352509410257e+01
4.630237522116437687e-01
1.179258099456472308e+00
1.008847848343319420e-01
3.750888784586940417e-01
1.201905371214647857e+02
1.095102101977718156e+01
3.239883863948578302e-02
2.371912050682101203e-02
4.342436218198372083e-02
7.785089713142993861e-02
1.981940882225437586e-02
2.392780096937080003e+01
5.261856295837283870e-01
1.115799796467921823e+00
1.391575663720852618e-01
8.541814065502991715e-01
9.923501371820620420e+01
9.664969679469349373e+00
4.879431962474719414e-02
6.447550286913979189e-02
4.886773421735601808e-02
8.783178485475828801e-02
5.372510163446457369e-03
1.583756682555402229e+01
5.972379370846795377e-01
1.083275457717543633e+00
1.041929642878950818e-01
4.952856599208744215e-01
1.245334393419429801e+02
9.078105038265766424e+00
3.016825574600849255e-02
8.848186717670032675e-02
5.438961094589300771e-02
2.165634611793199327e-01
1.017854373978610560e-02
2.028173511437691090e+01
6.669941503968790375e-01
1.117474605888270967e+00
1.694094810960795894e-01
7.123134498182637220e-01
1.173981850800691547e+02
6.462468524374063605e+00
2.905728783045106664e-02
6.472542991581471672e-02
6.273115468615382551e-02
1.024541429888188998e-01
1.525910203067174821e-02
2.205246003681521572e+01
7.533737101335906683e-01
1.073404958720547420e+00
1.565139467550102637e-01
8.105446475925927041e-01
1.178324928776722516e+02
1.062670330876098568e+01
2.399810144216492705e-02
9.499360231368474128e-02
3.659020003162390816e-02
9.540677462753961724e-02
1.524475146882919852e-02
1.913254870077627245e+01
8.534944775038636466e-01
1.211567533990298484e+00
2.098632981507068396e-01
6.315434043961362098e-01
9.938085168077277842e+01
6.997328209513668185e+00
2.653989338835538447e-02
4.297247686723496690e-02
4.661642011166700073e-02
1.250493261802284317e-01
9.014856617123312432e-03
2.861636581732135909e+01
9.496488943566041563e-01
1.171471734232539141e+00
1.081275827185460975e-01
3.856344496357225760e-01
9.280773291360431188e+01
7.415356999170444219e+00
4.902103754447773021e-02
6.643966342785116719e-02
4.619774623990657858e-02
4.593434881692467359e-02
1.268245622791005188e-02
2.324042968201391801e+01
1.080200888719422325e+00
1.101366983262969113e+00
2.107002008610340815e-01
6.958199317451452259e-01
9.404848139485558534e+01
1.200914900500850280e+01
2.902697848984892026e-02
5.383535463151697259e-02
8.547428079861234262e-02
6.963124103892548433e-02
8.026302878560986898e-03
2.206291612608169217e+01
1.220492356025573155e+00
1.123708715510674194e+00
1.451669305809662469e-01
6.506173072735171869e-01
1.319022081891716027e+02
8.524181259637357400e+00
2.766241680641027753e-02
1.483407985890158043e-01
6.613488856209344402e-02
1.777442572661288300e-01
1.605212226166163880e-02
2.013237513001066503e+01
1.365996210903779984e+00
1.088020695410566896e+00
1.683243451137997893e-01
9.841985384275646620e-01
1.082404496096223738e+02
9.184263958332694600e+00
5.072634541150958937e-02
4.100707584305807174e-02
5.206736303898044232e-02
1.552694655973555771e-01
1.390847168106964203e-02
2.379595673200582340e+01
1.541675340478534384e+00
1.107480908592238134e+00
1.778220106740483752e-01
9.331886649869357564e-01
1.015993492539364240e+02
2.927460115096999882e+00
5.429658680188483716e-02
1.499093916871419296e-01
3.434625250166393334e-02
2.612266089147163850e-01
1.986883947790267155e-02
2.993521642595622723e+01
1.731553834528892333e+00
9.702556130902079135e-01
1.421094405662163829e-01
1.106193601983359143e+00
1.271579338499080762e+02
9.270810244300829339e+00
6.166745091814584967e-02
9.153051258489568187e-02
6.969779262043969414e-02
1.204624244583026443e-01
3.604446616583360102e-02
2.953908434805952865e+01
1.956575523403072392e+00
1.101204160386952235e+00
1.632250200691705844e-01
1.427328913659007492e+00
1.097469308062310489e+02
7.069497922077317753e+00
3.308112168781870283e-02
1.002987589934408313e-01
7.939229584829621267e-02
1.371669473823519114e-01
2.197663247766231190e-02
3.414193724055714796e+01
2.209656339232180855e+00
1.024069568644536687e+00
1.995713728213758531e-01
8.340340248322845040e-01
1.243118717552886068e+02
5.617654356343303235e+00
3.938470639289204378e-02
8.406079946568130457e-02
5.915291627880588793e-02
2.252605806412085188e-01
2.466544551812388519e-02
3.130957602132330919e+01
2.495671603083689849e+00
1.041644579418715910e+00
1.930002527591845596e-01
1.039322583212102469e+00
1.159270672833131499e+02
6.507420621828844176e+00
7.424760548511710745e-02
9.986127122246224452e-02
5.203292161642947278e-02
1.477014111095853732e-01
2.455825477592858339e-02
2.826951635681727737e+01
2.804598961210347241e+00
1.152525827883965626e+00
1.558009443052639498e-01
5.639886638315679823e-01
7.817543793708507849e+01
7.924661258068910641e+00
4.740537626341153471e-02
9.106684895267558311e-02
5.918332532382867411e-02
1.407713276308175665e-01
2.843658607404875305e-02
3.040819228698897803e+01
3.152121219542135311e+00
1.134179891505008753e+00
1.019034879372419516e-01
1.518960688886491051e+00
7.753413023051679431e+01
3.632791385116928229e+00
3.610468791509872238e-02
3.530676517500830336e-02
6.890183283502400446e-02
1.561329617009277471e-01
1.130616863961320107e-02
2.735351351090183698e+02
1.014526588793882717e-01
1.188978432064589752e+00
7.052410768287702136e-02
6.731397335320448150e-01
7.977327136172836219e+01
9.973330331611185429e+00
1.493956155130075382e-02
3.058498150156537324e-02
4.940413790307518482e-02
1.004194472649618392e-01
1.316259258351548667e-02
3.642270058190616737e+02
1.007150993431479152e-01
1.181838736342692098e+00
8.408538609600928193e-02
9.714013841032413943e-01
7.527622345090314582e+01
4.660557076743100602e+00
4.803467212731541564e-02
5.419629596095468932e-02
7.160401459466170238e-02
9.584292490506148010e-02
1.777813601085975748e-02
2.957279181185008952e+02
1.243669389624089960e-01
1.197825819242579914e+00
8.068601354362751887e-02
4.888833251149545811e-01
8.584025763939465037e+01
6.705865173417858927e+00
2.701830906954490533e-02
1.152687830120550511e-01
7.205120513982994634e-02
4.089273356103206858e-02
1.512394457371946110e-02
3.050985700685275788e+02
1.360719985954273181e-01
1.064730688690072480e+00
9.357461193017502232e-02
8.751120174469272373e-01
1.089108607418006613e+02
3.930905143446286942e+00
4.748417924618960478e-02
7.221281289141086301e-02
5.998140664992638454e-02
9.138186407676347767e-02
1.581372358799478309e-02
2.711831077595664965e+02
1.734101096945280251e-01
1.105332224494080640e+00
1.076452866752656695e-01
6.455520944071851952e-01
9.588092688132466890e+01
4.464680815302248362e+00
2.552546803595845404e-02
5.469180292247225600e-02
5.277627683469102854e-02
1.389410133848892892e-01
1.532777329203427463e-02
2.942537951703889121e+02
1.791259523593838332e-01
1.130874853886214115e+00
8.300156302253706986e-02
9.407686424801442460e-01
1.086613849860596019e+02
1.045947269242716438e+01
3.670577647368888918e-02
7.256705640696729798e-02
4.685373101955455505e-02
1.440415855874547235e-01
1.527671399811544005e-02
3.787939087735911130e+02
1.996183330839090553e-01
1.067369208757782628e+00
9.563640756205897542e-02
2.013561683292238502e+00
9.003872718813123299e+01
9.187886781086657351e+00
2.660951519782480193e-02
4.860250359729478831e-02
7.477579677976908812e-02
1.092176358741851344e-01
1.876741912841262128e-02
2.255172093660593191e+02
2.290770058568020462e-01
1.082523053613271280e+00
8.584409312720937824e-02
1.595231604233528833e+00
1.106072331299774305e+02
8.115960680382441339e+00
4.297298919521871235e-02
1.047158919346628386e-01
5.286309764852559212e-02
6.897830916996101902e-02
1.089501805129344802e-02
3.840673196992900102e+02
2.583000929748611729e-01
1.106972457622739991e+00
1.199150685250856690e-01
1.172364547583983674e+00
9.958387138629882429e+01
5.699111858942504938e+00
3.905313398199772301e-02
6.849697173413142604e-02
7.441332819355661599e-02
9.799004077366187115e-02
1.580167375844580488e-02
3.019071261687926722e+02
2.883777616354688544e-01
1.138639504110766865e+00
9.211304541914173971e-02
1.552928560131905389e+00
1.054390225907620504e+02
6.142990372787247466e+00
5.087450030842877169e-02
4.389735373820369269e-02
6.415210468011707523e-02
9.529476137112487255e-02
8.135632228291797205e-03
4.249388538379885745e+02
3.187415045502639543e-01
1.102630950737413462e+00
1.926436012476366241e-02
9.699343259480073254e-01
9.917851198413553959e+01
8.753209996265756132e+00
3.793817180004118578e-02
1.095393897822501544e-01
6.182919906477790661e-02
7.577752608221392794e-02
1.938222928138388923e-02
2.822615473737558318e+02
3.672808271043603856e-01
1.023109148243805944e+00
3.836270485113590922e-02
8.798669281888032989e-01
1.183275998766612673e+02
1.001953266379666729e+01
3.313000579760102399e-02
5.159913934728588281e-02
8.732673648546573908e-02
1.304762375066899904e-01
7.426905452066294260e-03
2.843951452291507280e+02
4.085913679110003693e-01
1.174461534931276141e+00
1.133929876529012476e-01
8.688733347366860427e-01
1.276230863576236061e+02
6.475230128799870144e+00
4.393988998015093544e-02
6.550239404977675761e-02
5.830949391904353268e-02
1.063953480107404648e-01
3.066101739054305497e-02
3.847738844116893233e+02
4.509088210708067090e-01
1.138644051055600181e+00
5.662694046765596317e-02
1.612075123602711324e+00
1.033276199687764034e+02
4.177964117327606530e+00
3.600947721872175405e-02
7.282202118232827814e-02
5.064643016020794336e-02
1.349727645208390892e-01
2.034960469870876129e-02
2.184955622073287316e+02
5.334635987191517215e-01
1.122439772969080707e+00
1.034297977631456061e-01
1.639231530549406513e+00
7.755517887031275848e+01
5.828002869607874281e+00
5.987617748848631655e-02
1.007381363723580670e-01
6.079367839206447494e-02
1.151554178333791256e-01
1.338373758544471846e-02
2.414335448139596565e+02
5.912458079057432148e-01
1.069638619955971981e+00
1.035102184561598193e-01
6.491050866025585009e-01
1.132031028700361333e+02
6.478033970347451209e+00
2.603902622839345329e-02
3.473697323425987277e-02
8.164842019870259537e-02
5.729879413895466733e-02
1.730464442561419069e-02
2.823664007367408431e+02
6.778010279062961496e-01
1.108691665776029289e+00
5.500397781830016625e-02
1.827238357737235308e+00
9.483570564537934899e+01
5.111018593487374417e+00
5.568901621620566539e-02
6.773955647578211448e-02
7.873377772460073143e-02
1.647401061153722368e-01
2.280193219342252497e-02
3.296838644090248636e+02
7.372778144301832537e-01
1.039148478327230452e+00
8.676055184746640780e-02
2.559075989007516760e+00
1.079917345618815006e+02
8.634435979442075748e+00
4.635278012188326358e-02
4.695869612164615958e-02
7.815363554699583659e-02
1.138243886870116128e-01
2.345130936334631142e-02
2.675649369965873348e+02
8.408078706099872957e-01
1.204567652925681243e+00
6.380321615863104867e-02
1.561226395041357851e+00
6.988385502724867138e+01
5.750195203511605513e+00
5.322379166477301388e-02
2.558887267469593316e-02
6.624216049635478498e-02
1.670410883000609803e-01
2.938452015399291642e-02
3.183632226692200220e+02
9.510136152157132594e-01
1.063872365212761295e+00
3.672466084622868360e-02
1.475421126383834158e+00
1.120482881000753679e+02
5.722736839239895623e+00
6.589715320722093483e-02
5.405599885465554172e-02
7.156429327708213606e-02
1.892820985478956830e-01
2.769636685278076271e-02
1.753942143043610429e+02
1.076783477236143094e+00
1.022189373905681764e+00
7.485864838833548862e-02
1.614112578149057509e+00
1.046616093392820517e+02
6.291518390893085844e+00
6.912505791892287199e-02
6.148327456400223129e-02
6.488758956813926726e-02
9.821087402407391309e-02
2.003409730954956378e-02
2.954932305161229351e+02
1.230065896636147738e+00
1.137939534389100782e+00
1.159766107389252204e-01
1.965040430376000957e+00
1.095555743686232404e+02
8.871096213460816671e+00
4.486483080720637950e-02
7.057406333385955743e-02
8.188939461258500085e-02
5.196995739913575635e-02
2.523593337065976883e-02
2.516332129095545440e+02
1.334622636964552189e+00
1.062601582832950697e+00
1.321278519779608140e-01
2.448038104361257794e+00
1.070137584894475538e+02
4.976469941587644108e+00
7.671170086564298163e-02
8.003439871671069739e-02
7.271928982711488298e-02
1.610949302892368817e-01
3.490987388910515854e-02
2.095149021495215322e+02
1.520367863069632453e+00
1.037003236372630033e+00
9.210608208295630039e-02
2.986198538178756134e+00
9.737903384891657765e+01
5.270290713606920363e+00
3.517625232393554319e-02
9.967588514769309960e-02
1.147072003762480003e-01
1.423214569593859724e-01
3.626864209015367990e-02
1.058870907690803165e+02
1.721428965579693493e+00
1.030566367300193242e+00
7.800356633700378239e-02
1.290114083603816519e+00
1.085574869683509718e+02
9.274474622966358828e-01
9.487100120045648122e-02
8.109621471898420531e-02
1.282009553155864234e-01
1.380490627447162055e-01
1.961478774100133826e-02
9.530991729138962398e+01
1.942164625294947600e+00
1.157821278645983387e+00
3.589489604933401162e-02
2.490313473047088166e+00
6.905499181231309080e+01
8.028627442680280168e+00
8.045378274367058491e-02
6.830121409188705250e-02
1.264487632705054432e-01
2.448628656196864262e-01
4.697414776425971189e-02
1.844791116648598575e+02
2.178108262010776563e+00
1.009005441742227838e+00
9.439749696430095594e-02
2.287342949667927616e+00
1.128999767308838926e+02
4.692123488608160642e+00
4.228661050380555508e-02
7.009155002513460520e-02
7.017841319103916564e-02
2.347112905144610184e-01
6.592482013476619329e-02
1.129830616685944307e+02
2.490817102624129920e+00
1.111188091299645686e+00
8.195996003645215910e-02
1.905670176727706666e+00
9.018208746179992374e+01
4.622848504523568991e+00
9.496450673321203684e-02
5.581116029799345485e-02
9.766935579792097866e-02
1.312347005539042100e-01
5.635889653777074321e-02
1.488099110994601801e+02
2.766127314751996025e+00
1.025519724847318237e+00
9.158876549116475030e-02
3.851335881205318223e+00
1.110148333001069858e+02
5.537289529743500083e+00
4.444905652312517580e-02
1.045941143194950573e-01
1.315051852875263327e-01
2.700512706200789981e-01
4.261213340413146783e-02
2.822106109813843773e+02
3.114754285531049938e+00
9.636680847204650568e-01
5.446054244969134039e-02
3.011230398254524765e+00
5.424824161595993388e+01
7.802576491739340980e+00
4.368581486778877476e-02
3.154885208369410249e-02
9.718356221105246828e-02
8.981572516298570730e-02
1.563130333640712702e-02
1.000000000000000222e+00
9.435229725332089368e-02
9.771334959938295928e-01
7.782317189363729959e-02
9.862346542557038909e-01
6.634210228989037716e+01
3.707660622894169311e+00
2.495498567714101237e-02
4.137091886505239735e-02
8.118124659609593508e-02
1.661621137135212423e-01
9.216536826865221257e-03
1.000000000000000222e+00
2.194451251143539616e-01
9.953926247345313838e-01
6.052911039802951615e-02
1.475209593427284416e+00
7.049358501419466450e+01
2.766868611302482961e+00
3.621176284408870322e-02
1.084102371971984446e-01
8.908723375575060277e-02
1.112151372304119173e-01
2.743566799744042231e-02
1.000000000000000222e+00
1.643635539171892090e-01
9.840575377713600691e-01
2.775572448186862037e-02
1.058134220551354421e+00
6.402745276958144416e+01
3.079820197493523093e+00
5.913374545956454759e-02
3.472308813655863163e-02
9.244267910245944353e-02
1.665794334128556098e-01
2.044726672211227836e-02
1.000000000000000222e+00
2.366344356074966959e-01
9.307927696235913650e-01
6.355357935193077512e-02
1.782088344891609832e+00
9.103137376968309979e+01
5.781055495084165052e+00
2.382749308236971689e-02
7.245570828798471308e-02
8.943231316567157307e-02
8.230889676601645111e-02
2.515159440586815440e-02
1.000000000000000222e+00
1.322078107164454674e-01
8.937559023845704775e-01
1.397113784317357277e-01
2.401005214491569006e+00
7.292075461248960266e+01
3.223073473689839652e+00
3.771043137041166921e-02
8.679275040573974920e-02
1.081159847279004466e-01
1.285677004868424067e-01
2.402125162555742224e-02
1.000000000000000222e+00
1.605772908673537280e-01
9.845338457308046021e-01
1.206590178438974731e-01
2.061257408511701694e+00
8.113578643648214950e+01
3.766844243889138522e+00
3.057525443979636215e-02
4.491378717010885424e-02
8.449639647159316869e-02
1.279989695277835293e-01
1.631563007290133885e-02
1.000000000000000222e+00
1.927896220742746636e-01
9.120665980492862479e-01
9.541356678865094143e-02
1.686894357666633537e+00
7.312889218894450494e+01
4.549782996710491467e+00
4.594729252648440537e-02
5.001010340361378148e-02
8.925446589866196934e-02
1.596092850940107888e-01
2.797509193189218202e-02
1.000000000000000222e+00
2.850285981807307301e-01
9.449956931622224277e-01
8.239278333249296093e-02
2.118741639779912145e+00
7.651523223737653723e+01
4.821689260873722738e+00
2.780326337177840834e-02
1.054865371535669977e-01
7.968172108468081494e-02
1.637779249923402569e-01
2.385937979113757559e-02
1.000000000000000222e+00
2.919199885425229346e-01
8.617576271679527888e-01
1.006026568360944146e-01
1.941418231228165370e+00
9.159930300680076698e+01
3.830800267079975452e+00
7.373603525762291444e-02
4.900121458806250274e-02
1.021417235291792042e-01
1.430447135375915446e-01
2.260295376474615384e-02
1.000000000000000222e+00
3.297278408904734670e-01
1.156285460315144897e+00
1.084018547174640384e-01
2.042578402670983895e+00
4.525212916400843710e+01
1.200850073599875723e+00
7.489948757231819354e-02
7.893194592673939691e-02
7.160412809406047074e-02
6.185237029098233918e-02
3.162740880115662984e-02
1.000000000000000222e+00
2.585503519976039555e-01
8.920047915476568834e-01
1.107419847445001437e-01
2.677975772247404684e+00
9.129393486104171984e+01
2.091896655987540488e+00
4.707200861696810706e-02
6.186245307494934315e-02
6.096870740374682462e-02
1.350415378385538545e-01
1.489677765165916233e-02
1.000000000000000222e+00
3.525345995056467507e-01
8.944061217808847442e-01
6.134604366193618930e-02
1.977120517566620217e+00
8.626128139077599144e+01
4.652660059447309315e+00
3.304924810640930133e-02
7.556931813946048127e-02
4.637163780823461146e-02
6.984487007536215042e-02
1.999668620692451881e-02
1.000000000000000222e+00
4.098054982731564877e-01
1.007659669540230452e+00
1.480717967519584732e-01
1.672886158880861229e+00
9.393729100358645212e+01
4.469400184730246472e+00
5.341951569089083834e-02
1.727920838811865811e-01
9.016816384853816591e-02
2.050021984924173604e-02
2.960655349918221366e-02
1.000000000000000222e+00
4.303314915196805868e-01
9.896049415999511600e-01
6.114810612673678841e-02
1.897450978602623461e+00
9.647862156934642996e+01
4.825898104168377500e+00
3.212523194577691227e-02
8.505717323640249461e-02
8.264097326188823978e-02
1.568887980138730376e-01
4.025049827651912965e-02
1.000000000000000222e+00
4.449436807485358525e-01
9.009549799800639081e-01
8.708807197061463334e-02
1.398387211881507719e+00
1.112422761049688802e+02
6.600649529715225228e+00
4.536690737230360954e-02
6.097395598660774324e-02
3.399645736315570765e-02
1.904733604242351552e-01
2.290085469948318145e-02
1.000000000000000222e+00
5.393306882982318307e-01
9.395315515747549862e-01
6.284512801830362261e-02
1.194546947703402973e+00
1.077986736199823667e+02
4.519581631034811586e+00
2.499145409415500299e-02
8.546466121443312136e-02
1.023773343017397863e-01
1.349106151778892981e-01
3.533233869718414161e-02
1.000000000000000222e+00
5.892844482516981230e-01
8.291381911158154372e-01
1.593063802164969844e-01
2.092401268223905042e+00
1.363601491893100786e+02
4.389241673796967724e+00
6.012465552804324709e-02
7.812171631790450210e-02
2.793744355827724665e-02
1.058080892482604618e-01
3.215706342122500588e-02
1.000000000000000222e+00
6.535625139246082904e-01
9.939952492489152469e-01
7.195265255815115613e-02
1.962929948603418406e+00
7.720658773960970223e+01
7.564382822764302183e+00
4.550692377027395347e-02
1.168577861046256744e-01
8.964976073447077087e-02
8.186362036057270863e-02
2.911864272778415599e-02
1.000000000000000222e+00
7.495375554107009952e-01
9.953337641799601121e-01
6.264822576767710427e-02
2.775795589241233596e+00
6.625282640843761328e+01
5.705551406739205689e+00
4.539956801562124861e-02
1.164101247203563894e-01
1.098521871735832073e-01
9.018801995195706300e-02
2.221503362821453109e-02
1.000000000000000222e+00
9.614334611241888151e-01
8.281691844527407920e-01
1.090446656657639846e-01
1.896586613452252434e+00
1.154133447207609464e+02
2.822605911896199249e+00
3.201729019260227821e-02
5.129480626419047340e-02
8.294231908898182237e-02
1.409574295450003734e-01
3.838777854881144508e-02
1.000000000000000222e+00
1.092765463785935198e+00
1.045715975055925728e+00
1.083568443073223975e-01
2.609322539610197111e+00
5.521530883281299396e+01
3.451062512553269457e+00
5.223066078846409083e-02
5.649532603516083107e-02
7.033680318785373586e-02
7.267165557224841699e-02
3.840397124004931578e-02
1.000000000000000222e+00
1.122320606290729383e+00
8.468650757167814902e-01
8.217621684578624297e-02
2.824145654619509838e+00
9.604891856372951509e+01
5.696881501352876853e+00
4.544605171366566942e-02
6.168556109925801140e-02
1.106835425734697953e-01
1.384636686910837022e-01
4.508292895833802133e-02
1.000000000000000222e+00
1.369239254167448960e+00
9.468249164345411417e-01
7.132830813914210755e-02
2.265907210848803199e+00
1.115158573521997738e+02
4.670166567320842788e+00
5.187007653261743734e-02
1.207084077241959985e-01
5.252468469460665895e-02
1.938483376792828616e-01
3.323557178282662145e-02
1.000000000000000222e+00
1.328005984259648553e+00
9.906129772931221433e-01
1.166097912365400974e-01
3.182720009573209108e+00
4.951535067516538646e+01
4.499410581032211809e+00
1.644989382538208922e-02
1.495830065060580749e-01
8.818522615866204728e-02
1.319499800843282333e-01
3.455638440924002630e-02
1.000000000000000222e+00
1.685398734039309065e+00
7.008736457463139446e-01
8.951902442323651787e-02
1.954757040095431941e+00
1.223471221261831516e+02
4.411775684160997635e+00
5.822927251626919265e-02
9.547093688479317553e-02
7.441360071743230442e-02
1.496936394589939157e-01
3.622719376390285545e-02
1.000000000000000222e+00
1.964406462822605004e+00
8.075035012998111883e-01
1.381799941162461243e-01
3.424332338186482527e+00
1.251565749066731712e+02
5.362995118478129264e+00
5.162928277276194328e-02
2.736152487236946304e-02
8.961425830343687504e-02
1.958283330623810659e-01
6.080528200984591791e-02
1.000000000000000222e+00
2.041965090487527501e+00
9.904993259608123601e-01
6.827942571512128633e-02
1.246255807537510973e+00
7.083518217320666110e+01
5.105267831885029750e+00
5.916845083251039833e-02
3.231757381180755395e-02
6.637910796827480031e-02
8.932427927489199060e-02
4.121127375105726465e-02
1.000000000000000222e+00
2.504748515303815815e+00
8.006200422006390927e-01
1.375350721626663331e-01
3.923694454716534441e+00
9.534471324925385716e+01
6.684320336948896824e+00
3.879884588895802372e-02
7.753017370262238472e-02
1.093148665972728112e-01
4.597677912000497358e-02
4.928194965693374202e-02
1.000000000000000222e+00
2.708632328073231399e+00
7.360800316218699679e-01
5.847320954590803227e-02
3.496493019391155865e+00
1.545377270990092029e+02
7.792111974255620410e+00
5.085997674403319735e-02
7.702339518152652442e-02
9.513641133984118703e-02
9.711025865340634777e-02
5.279137504913452433e-02
1.000000000000000222e+00
3.019122284446685178e+00
5.278196873161685732e-01
7.319454137673282734e-02
7.543077429098413722e-01
6.141423848944817365e+01
3.697058143931536645e+00
1.768469383205036397e-02
9.239382918440249004e-02
1.048650115813731798e-01
1.271768884132255251e-01
2.104154090738126828e-02
1.000000000000000222e+00
2.118299626354163578e+00
5.718780717848018780e-01
7.326119424075720754e-02
1.155955333971814492e+00
3.579296095461288729e+01
2.046062973387913875e+00
7.057311439610895742e-02
1.377885988349425439e-01
3.563703199220835671e-02
1.158711991575837458e-01
1.583385920994421700e-02
1.000000000000000222e+00
3.240923721670756485e+00
4.309703463374281451e-01
4.419970221885005657e-02
3.311029202951258021e+00
7.138139490388433650e+00
3.156226435878631165e+00
6.656190745883046322e-02
5.735802324475051256e-02
9.806865169405172555e-02
5.717713016514617413e-02
3.684642423126086724e-02
1.000000000000000222e+00
3.711943012541206066e+00
4.762201402751928825e-01
6.498556186016284097e-02
2.412379933099902285e+00
2.786230864997469681e+01
6.124999402120780978e+00
3.717631415203204170e-02
7.351038242760510322e-02
1.316937626095175118e-01
6.906706788217253923e-02
3.234617842997241505e-02
1.000000000000000222e+00
3.453589754102030174e+00
6.789517578143923204e-01
7.624242031611754011e-02
9.458865959003561752e-01
2.109696108588208219e+01
4.658947604193274805e-01
7.390609505551852532e-02
9.516490734322406719e-02
1.252451885003928178e-01
4.773136529617194590e-02
2.610986131242332142e-02
1.000000000000000222e+00
2.121680421006731709e+00
5.048935362250780434e-01
5.508086031066894428e-02
1.384253743137239256e+00
2.106496470951865874e+01
1.990409143745079268e+00
7.580102311379548208e-02
1.887521444286074102e-01
1.499764351829524500e-01
5.330532562710840055e-02
1.674297121007639610e-02
1.000000000000000222e+00
3.746902758802500788e+00
3.896485792117062030e-01
1.300270607946389101e-01
1.039500453037280447e+00
4.785964302574273432e+01
4.077274634771532735e-01
7.577196168557231992e-02
9.617357690122063651e-02
9.219217887083315521e-02
1.931653395435329046e-01
4.157913710048736361e-02
1.000000000000000222e+00
6.092349493989678066e+00
4.533411054954786801e-01
7.080605298689553184e-02
1.479951258558639404e+00
1.331238354604606577e+01
7.048918554100670697e+00
7.097227163405106509e-02
8.967332279878521828e-02
1.407128840379690271e-01
2.091767138107935853e-01
3.998949233895987554e-02
1.000000000000000222e+00
4.689829159480312981e+00
3.207330767417045925e-01
1.466844284976953350e-01
1.841047240482533764e+00
5.154113151505278267e+01
1.434724895468542094e+00
3.835273406364025917e-02
1.050002545667301918e-01
5.971936850636868493e-02
1.766784468173651090e-01
3.164989728297965682e-02
1.000000000000000222e+00
4.706676480766632586e+00
4.452717980551356702e-01
2.248173807452939418e-02
2.070864198076237450e+00
1.414892604013789779e+01
5.417883498569151968e+00
8.130071266880996295e-02
6.990995411081390998e-02
1.222595752967496202e-01
7.327287685262399985e-02
3.593005011393405473e-02
1.000000000000000222e+00
5.011557981248444094e+00
5.443385020585351786e-01
5.836543961368160366e-02
1.916652403826144990e+00
1.836514015547016143e+01
2.600008189401220804e+00
6.773678574004497743e-02
6.865011635020328018e-02
1.017079297475464994e-01
1.618872643598020800e-01
4.655890747016592363e-02
1.000000000000000222e+00
4.327181490422720600e+00
6.153059685577333404e-01
5.005666220644170578e-02
1.688824354007948614e+00
1.543960726610522904e+01
3.778759790565679122e+00
1.016007658310336126e-01
4.124027606366061777e-02
9.684441332070692354e-02
4.094398511238864918e-02
3.574097955626650419e-02
1.000000000000000222e+00
2.613787545811809387e+00
5.126020479091570881e-01
7.151316080523477392e-02
1.677964399116343985e+00
1.444130855239266786e+01
1.312621867929736341e+00
2.117395850536052393e-02
1.415128458532181610e-01
2.109883721413408630e-01
1.785739879003045150e-01
2.337296948278037509e-02
1.000000000000000222e+00
3.686191325257339724e+00
4.681497075838332855e-01
9.321799152806435618e-02
1.760091783617741878e+00
4.104760890559406761e+01
1.847927208891801731e+00
5.629173686567493645e-02
1.172048481103804551e-01
8.246488200478463426e-02
1.531016669974535338e-01
2.222595605528843166e-02
1.000000000000000222e+00
5.570726404014464173e+00
4.981046714638558970e-01
1.157504935905551147e-01
1.808302711951432107e+00
4.219505426487520339e+01
3.672627080560529222e+00
3.411080206322895242e-02
9.773152226207708348e-02
8.275872965080403876e-02
2.363909334734885237e-01
3.662820208748344269e-02
1.000000000000000222e+00
3.169868721818957624e+00
5.445677774985410169e-01
9.369077265288978940e-02
2.277341127858674596e+00
1.372252634042948216e+01
1.910422995157307513e+00
2.341296856416263950e-02
1.069787692326499701e-01
1.055414625229289527e-01
3.974513228484263111e-02
4.032552607178459952e-02
1.000000000000000222e+00
4.512513982284772851e+00
4.770340751963752512e-01
4.948721227862792199e-02
1.213882052279022794e+00
4.125409310359670911e+01
6.440261823735687230e+00
4.990031360489662754e-02
1.393740273456308132e-01
9.810600257398142954e-02
1.098713450478794318e-01
3.465117071518308833e-02
1.000000000000000222e+00
2.813408730581632433e+00
5.126980094121806886e-01
1.703605110138654566e-01
8.320138049479194331e-01
3.219619308035490235e+01
2.454150258693355013e+00
6.175640346170833267e-02
9.707159068035320360e-02
1.209107383729368657e-01
1.251825456687893912e-01
2.026451109270836423e-02
1.000000000000000222e+00
4.169133970157548497e+00
4.898706880258804630e-01
8.671455812856258827e-02
1.158923532801209300e+00
4.105112424305702490e+01
1.252087063301069669e+00
8.871539918925235024e-02
1.060910457756895492e-01
9.115873408868473138e-02
1.455430852408512443e-01
3.845962061902093859e-02
1.000000000000000222e+00
3.565137412187771915e+00
3.160016556868687210e-01
8.118514919512136163e-02
2.767283477455032337e+00
4.152932467662674298e+01
2.057436417968731224e+00
3.456049837560759563e-02
4.409067449005858036e-02
6.997826991277748820e-02
2.046968221159165269e-01
2.599835194919131176e-02
1.000000000000000222e+00
5.307682927648657234e+00
5.422054836293543900e-01
3.399954709206731707e-02
8.014300615897641533e-01
3.086857871027564215e+01
3.454891717546856089e+00
6.892052430449990830e-02
2.044911502634416678e-02
7.309799492036990476e-02
5.642144852746241307e-02
4.714573526823917504e-02
1.000000000000000222e+00
4.753066299931632877e+00
4.562546829826485961e-01
4.880625277475791890e-02
2.722661036658811540e+00
1.557474106585417850e+01
5.113829915696936013e+00
4.613584960906173121e-02
1.171926778649227535e-01
1.342626307048825907e-01
1.150845378625013210e-01
2.969315647501728425e-02
1.000000000000000222e+00
4.184583122173582304e+00
5.176435147866068620e-01
1.245782935252755658e-01
1.724182354574932408e+00
2.464961812500384042e+01
2.480734780898635083e+00
5.909011515359829936e-02
1.494596600682518428e-01
1.116719768381994465e-01
1.054682952828659842e-01
3.565598545543132575e-02
1.000000000000000222e+00
4.541051728220110384e+00
4.487058134224508610e-01
2.941627351578657290e-02
1.402150376852886238e+00
4.817552398387784507e+01
3.355634953459453396e+00
9.694726742956831511e-02
4.772872281915326725e-02
8.044679274387678269e-02
7.827464663550480484e-02
3.168677618127409973e-02
1.000000000000000222e+00
5.358607120742505003e+00
3.539881045756217426e-01
5.677312256290682063e-02
1.587068356278971804e+00
4.697846675221391166e+01
4.699427739734349352e+00
6.132405041624489073e-02
1.267731511814714496e-01
5.850649243266577842e-02
2.419395019543746639e-01
2.853825426579748026e-02
1.000000000000000222e+00
6.105109574036084119e+00
3.974325478517634069e-01
3.507244956737672753e-02
1.755913681991920106e+00
5.068641357884295218e+01
4.979149410513262097e+00
4.782988399728756862e-02
7.767424532510447399e-02
1.101825457635300792e-01
2.072123615680155906e-01
2.748633250986472557e-02
1.000000000000000222e+00
3.479903231044341183e+00
4.091987804752339475e-01
5.292113563756251082e-02
2.682050592795422350e+00
4.950362317458687755e+01
3.700132959053763937e+00
6.112112286299486996e-02
1.371660563594594151e-01
1.988996397936093063e-01
8.431031389917187369e-02
3.211589938227158575e-02
1.000000000000000222e+00
4.530701670765221678e+00
5.655998313000972777e-01
7.034495569127607872e-02
7.961048974592820349e-01
4.131099593311721918e+01
4.991939305976175412e+00
2.292442294447767995e-02
1.183058106212423882e-01
6.148887867489424147e-02
5.697503375936182474e-02
3.869765929968756873e-02
1.000000000000000222e+00
5.280682880407046476e+00
3.897698803437598669e-01
7.088009860251968941e-02
1.375718040011901122e+00
4.432286363927337902e+01
6.394273471647225371e+00
8.224831444605026562e-03
5.644785515001212589e-02
8.083204831202765728e-02
1.189418877754514908e-01
1.561328027643860139e-02
1.000000000000000222e+00
6.128277848548949081e+00
3.481087024451490763e-01
4.940114072508975523e-02
1.775883713709219380e+00
4.295442734918157868e+01
4.311557353605960152e+00
6.989881829301640426e-02
1.660893640259324122e-01
1.082184887936340073e-01
4.418724594818142920e-02
3.144746202821679937e-02
1.000000000000000222e+00
7.562525346469334053e+00
