4.326119555408186601e-01
4.764041822524353598e-01
5.312979329320832722e-01
6.974350611367376995e-01
8.594617595083611228e-01
1.028507376345137114e+00
1.491143657647931331e+00
1.521640996397181977e+00
1.986587904970655849e+00
2.471289763774460191e+00
3.158337979683553787e+00
3.700089152887415356e+00
4.189307246886698088e+00
4.978776461838489098e+00
6.433672588322470354e+00
8.046390727279215227e+00
8.395111670694607398e+00
9.653220223119488352e+00
1.178770822532198892e+01
1.453713769668289935e+01
1.621034331851378951e+01
1.923546593603081334e+01
2.230984894873195401e+01
2.716339441143896849e+01
3.011413072738196561e+01
3.240347567242530857e+01
3.697487704087538418e+01
4.153354094715059830e+01
4.438876403750957422e+01
4.878516520466204298e+01
4.610340877646202928e-01
5.092755675027614837e-01
4.938504382352012501e-01
6.813273526508767386e-01
9.415731132956881577e-01
1.088137620845145204e+00
1.573085579478914919e+00
1.642727068974700444e+00
2.010625967114262114e+00
2.477389319224426956e+00
3.373634156190425060e+00
4.057374111322619825e+00
4.325333849814185783e+00
5.309021376546157356e+00
6.831897502181382364e+00
9.170459781126076848e+00
9.076098137861494664e+00
1.049203001161417959e+01
1.287480489258728689e+01
1.599416109545798648e+01
1.776867199940906161e+01
2.123320668126723376e+01
2.464209292623397829e+01
3.001509860659639983e+01
3.274351388135768559e+01
3.560839293053335552e+01
4.082290864052252743e+01
4.471655048249711939e+01
4.869749121847295470e+01
5.214260160931939225e+01
4.021450774440634701e-01
4.343183101505653232e-01
4.106990591182880790e-01
5.625416346974062565e-01
7.912140845387145571e-01
9.161230404177019837e-01
1.332441396806811174e+00
1.416656316091721823e+00
1.717841013342331857e+00
2.142472924281641156e+00
3.084224804794668096e+00
3.703146209443563652e+00
3.839548116750056028e+00
4.757431142699241278e+00
6.491644183878724661e+00
9.177443582076282524e+00
8.554628457117486207e+00
1.005628133738879448e+01
1.228243784165607266e+01
1.541249823690272436e+01
1.678609996705875673e+01
2.050093547705181862e+01
2.416436021522838118e+01
2.977689746431806128e+01
3.221836101806729857e+01
3.525893791065436744e+01
4.075364896989128027e+01
4.428107556726950378e+01
4.898499778017531270e+01
5.190336854117558829e+01
3.248354488510089566e-01
3.435189506132386161e-01
3.287111882797977835e-01
4.500440482174535850e-01
6.739101455529421525e-01
7.773602137396556921e-01
1.114359409147986479e+00
1.176677026476774746e+00
1.437151467333611210e+00
1.756261072922091993e+00
2.672805778350162420e+00
3.214309491509847128e+00
3.302412133102792247e+00
4.150080075278760106e+00
5.767744275453147829e+00
8.828387069123944997e+00
7.765065233304124348e+00
9.136374169392926348e+00
1.118083604043927615e+01
1.415774793856380320e+01
1.526919465086342420e+01
1.887951768660537510e+01
2.253360009497253458e+01
2.827485370055790526e+01
3.031631114029667984e+01
3.341486308240389036e+01
3.897467787213535217e+01
4.201650287231105096e+01
4.731127851890347102e+01
4.994593849141973863e+01
3.841076784253406595e-01
4.065488135979178907e-01
3.899276757194553578e-01
4.988897023076964699e-01
7.957598902549966047e-01
8.813560707734757749e-01
1.301975657695390476e+00
1.434898586285195288e+00
1.763187693049408589e+00
2.121461704443360130e+00
3.086596586966584344e+00
3.831336584289386948e+00
3.936693515818287192e+00
4.901191208184454418e+00
6.744567657619952250e+00
1.010338422370547740e+01
9.090554950881827523e+00
1.083582330669188210e+01
1.296931988713176231e+01
1.624581726693873307e+01
1.762623981904896553e+01
2.157315594742546594e+01
2.562003646858608263e+01
3.166598023523499350e+01
3.388928460358359018e+01
3.705414944926724274e+01
4.302567518963341797e+01
4.620685893016161572e+01
5.183788669780165748e+01
5.416030413056826376e+01
1.090503900621025757e+00
1.333667318465816987e+00
1.240059730266579230e+00
1.708658171302303019e+00
2.370897488233531192e+00
2.763042158288681716e+00
3.869545418595862873e+00
4.049779161493528790e+00
5.034589886824515581e+00
6.086490391496535146e+00
8.358325603236110624e+00
1.006764701888183389e+01
1.077310214988152737e+01
1.300507169495029558e+01
1.614798895066149242e+01
2.063762192126830541e+01
2.119455907684613294e+01
2.394780440565989821e+01
2.782632557640675586e+01
3.373802418197915642e+01
3.642587100623959628e+01
4.224974721066413963e+01
4.656690264007594493e+01
5.308468012220478016e+01
5.701157790258567815e+01
6.007825285365925794e+01
6.621149458633952634e+01
6.957678681883584204e+01
7.422505808106983238e+01
7.675335292986349600e+01
4.421859888121551840e+00
5.480773814832759605e+00
6.393240044557478186e+00
8.157775239201900064e+00
9.235312571667211756e+00
1.093581053787986868e+01
1.483817635860063255e+01
1.578841772257016984e+01
1.789044863610007852e+01
2.198875315653844709e+01
2.450536402604029718e+01
2.780418187529853213e+01
3.099791943411801043e+01
3.552321721172777558e+01
3.892832782888195453e+01
4.311586511410837375e+01
4.772528660614299412e+01
5.131062765275422066e+01
5.478693803809564145e+01
6.234486071142611507e+01
6.664204978469118146e+01
6.989754722648702057e+01
7.446966411896612215e+01
7.788714604283792653e+01
8.220328623429087145e+01
8.513975836718263679e+01
8.879836980217058340e+01
9.208869288896514149e+01
9.393728007689020387e+01
9.627645609642053159e+01
2.803492623834623831e+00
3.687289275694265012e+00
4.270787258051308655e+00
5.662938334968955267e+00
6.888208421240865853e+00
6.889503073548326029e+00
1.011662633043867920e+01
1.080306351262378151e+01
1.266209743113530450e+01
1.666534210395735727e+01
1.825618778773621997e+01
2.078141175762101156e+01
2.562246489251249670e+01
2.681680891245857268e+01
3.154011476842565287e+01
3.519622176733525265e+01
4.051015530744924575e+01
4.332782563480078863e+01
4.631163167358074872e+01
5.363589350462448380e+01
5.867718299897023115e+01
6.335239575392456146e+01
6.630816846841057099e+01
7.018543536747014855e+01
7.608516368833238630e+01
8.022559152380489422e+01
8.409483908206235014e+01
8.816106270236602427e+01
9.029638687596424518e+01
9.391149785485451673e+01
1.097313742184258922e+00
1.893110117059980668e+00
1.293915841327670124e+00
8.604284993141926297e-01
1.698453972372599763e+00
1.762946461066937420e+00
2.184086581172611563e+00
3.627351564220619995e+00
4.074816913190561607e+00
4.254943721235557419e+00
4.594527072585692373e+00
5.980487312228276231e+00
8.050325824753270965e+00
7.797446748962299168e+00
1.111764061783595459e+01
1.360021074609213620e+01
1.305569850940651477e+01
1.706294892511805372e+01
1.875646282865453074e+01
2.235617769156048951e+01
2.594121908977084345e+01
3.075443473294728136e+01
3.620876895555245767e+01
4.033219379274962080e+01
4.486261712626172482e+01
5.137470585674801526e+01
5.163343999804572348e+01
6.243631362378140182e+01
6.504089153101996601e+01
6.910859584927700894e+01
2.965872618081941137e-01
6.724200183061308511e-01
5.578443358723054191e-01
9.152804083034443705e-01
8.818419523611756849e-01
1.255135107061519761e+00
4.271564759969616598e-01
9.985010251334709430e-01
5.781367804149520895e-01
1.044807609390479231e+00
7.263576422954060030e-01
6.785688954553421581e-01
4.229736051571469369e-01
9.309661236342151591e-01
6.848352092638568811e-01
1.189944896235393346e+00
3.212923265375186022e-01
1.885416811085740552e+00
1.047319959091081776e+00
9.430182109106794996e-01
1.069258714263997101e+00
3.746676237982055291e+00
1.716033043033358352e+00
1.368277170502268270e+00
3.274057611097306086e+00
4.453691866734173388e+00
4.797664457836710916e+00
4.264798920850484620e+00
7.227252018639263476e+00
5.932550980616904113e+00
3.889457181222458759e-01
3.823958436809808403e-01
7.719565154831760090e-01
8.339255683950302922e-01
5.165946044946452265e-01
5.745863074658852376e-01
5.691775905598129848e-01
4.615445551786213629e-01
1.129384021210233957e+00
1.052337305552267344e+00
7.082621621389573185e-01
6.102910093487954324e-01
8.650947859670528040e-01
2.598988526325456405e-01
8.590541241962436070e-01
5.187704510794295398e-01
5.897356612139295073e-01
5.032217543161265905e-01
6.363746352052980226e-01
1.255713015057741133e+00
5.981814339140801851e-01
7.032142562101265648e-01
1.156166718935816018e+00
5.670424580405987180e-01
8.153994833288247257e-01
7.807930302050086757e-01
9.305056075780555602e-01
1.492744190169222884e+00
7.666773024161765981e-01
9.427197209446073201e-01
