4.703641024414564886e-02
5.088180135217588301e-02
4.905067895379086607e-02
6.420609958491761693e-02
8.030401117114402409e-02
8.261550690176155953e-02
1.383071338017095586e-01
1.102994252754364163e-01
1.660776114608041865e-01
1.411947749264094443e-01
2.183785127852400643e-01
2.387978838152491901e-01
3.230442364187336435e-01
3.577831056956892186e-01
4.139335991143126559e-01
5.599569014013875412e-01
6.376783722770232865e-01
7.316650942910047917e-01
9.046086498534539055e-01
1.087472654689537466e+00
1.368846839204808541e+00
1.525609195500091886e+00
1.986019949970764031e+00
2.151094942527490783e+00
2.548905462923745091e+00
3.373037939316158251e+00
3.823682465373529737e+00
4.613083374606663511e+00
5.047377522737294342e+00
5.964047976369293735e+00
3.164622035008086975e-02
5.409237609660177970e-02
6.247588878461000916e-02
7.113538366270352742e-02
8.163930988330503347e-02
9.946118754604298118e-02
1.392342712865607957e-01
1.124780073093298860e-01
2.040482203962877272e-01
1.825367793389600091e-01
2.357171826096358669e-01
2.913715311408675568e-01
3.421049155025700506e-01
3.911326069561529839e-01
4.739656307687278303e-01
6.328282475783975070e-01
7.520384267990787297e-01
9.048089390279898669e-01
1.071440982650707641e+00
1.349590028903325356e+00
1.584585421535400496e+00
1.703957306612297273e+00
2.330737488256903855e+00
2.413862893731822279e+00
3.044441364273560602e+00
3.942471910449822481e+00
4.564847395427119814e+00
5.472815827783509945e+00
5.871802826994698243e+00
6.973955022065771558e+00
2.970460773477515831e-02
4.666109831717623474e-02
6.797861286551436233e-02
6.610320919056658640e-02
7.822176709811076711e-02
9.633841564943178282e-02
1.338019304223755090e-01
1.067665883063240451e-01
2.184288241811752351e-01
1.770109710077998055e-01
2.193416794826344440e-01
2.832913211935066400e-01
3.338371194122061181e-01
3.722356631186795606e-01
4.617983197353801583e-01
6.574638432932182752e-01
7.039032438284507087e-01
8.799515844184518931e-01
1.042573449102581762e+00
1.320617208125546949e+00
1.654056112948537605e+00
1.609434040158707946e+00
2.438723158047380046e+00
2.310819080177741291e+00
3.061780598371109274e+00
3.891357003327763575e+00
4.755271398728342369e+00
5.532225825679657483e+00
5.814974078588001305e+00
6.994084027704661644e+00
2.412100789987876165e-02
4.238456307486842406e-02
6.670934681415101319e-02
6.148284219502135606e-02
7.746629419784671622e-02
8.092088276856626572e-02
1.159357790909577579e-01
9.877465293865625440e-02
2.241447176924522555e-01
1.612452539195558809e-01
2.040905109400728001e-01
2.465833134211274369e-01
2.931327556504375598e-01
3.192064148461882245e-01
4.411896470650679691e-01
6.158713463096392449e-01
6.363889070787834834e-01
8.260518056714634128e-01
9.790712308525277852e-01
1.260476415407990602e+00
1.643170717798038583e+00
1.494810080893705262e+00
2.383855317037448796e+00
2.148203696402429586e+00
2.825950284425270187e+00
3.649336959983887851e+00
4.666217339659804786e+00
5.347784741333464709e+00
5.609942975971243584e+00
6.802449704238080486e+00
3.849469672663233949e-02
5.955004006516466386e-02
8.304004803737438656e-02
8.531090347110723004e-02
8.836734875299713521e-02
1.140455119773615272e-01
1.566493406414924405e-01
1.403392107926739740e-01
2.847549096903530530e-01
2.207102602244744582e-01
2.787518252863508406e-01
3.477492096997684690e-01
3.883712596111187354e-01
4.550624622418834031e-01
6.035940395377894507e-01
8.473294191910124562e-01
8.466226858737622152e-01
1.122033831969962758e+00
1.302071380455536609e+00
1.689740210256126529e+00
2.190268547677144628e+00
1.944473678677189010e+00
3.135639849552791070e+00
2.818791407973197494e+00
3.711585481059763936e+00
4.792288989033396618e+00
6.131817485379777111e+00
6.960116374688334773e+00
7.250936692217268664e+00
8.589207549213298876e+00
1.561400599943172374e-01
2.413096149059342221e-01
3.292258852821263737e-01
3.047297620926289752e-01
3.652007325575483132e-01
4.442272079743910251e-01
6.116200872714279146e-01
5.321158844742930327e-01
9.561654159176707912e-01
8.005393944433359943e-01
9.900065723511444205e-01
1.295537293187624783e+00
1.476120869532822732e+00
1.817763931258159715e+00
2.054886802053348394e+00
2.753578231569238977e+00
3.162912886255097700e+00
3.769839055520422644e+00
4.517460397498520130e+00
5.487526431074935651e+00
6.740578842976790774e+00
6.916136366503911503e+00
9.539174239217294016e+00
9.465117881019494916e+00
1.171662043744676041e+01
1.472600935051131010e+01
1.638464251247206249e+01
1.915797278493914035e+01
2.033417521784558701e+01
2.249969859800452099e+01
1.004986037777831465e+00
1.355991066496320396e+00
1.638501130794796312e+00
1.947460832444326995e+00
2.390079824428565480e+00
2.638444814636565550e+00
3.527089336462911895e+00
3.406827609165194559e+00
4.077183164227403900e+00
4.650751720311288473e+00
6.757980551088505372e+00
7.299056743608735687e+00
8.578128282960033602e+00
9.517245145588116628e+00
1.027633635305350879e+01
1.299602489688577478e+01
1.481297952248901240e+01
1.582142373890729914e+01
1.863352966583980219e+01
2.235227789511279894e+01
2.470807248956699453e+01
2.915195342763246344e+01
3.186739664790970750e+01
3.534784763264062235e+01
3.869154698841109763e+01
4.457880836421654891e+01
4.888058465973504951e+01
5.298150483046755710e+01
5.882745426668877542e+01
6.196772917841525441e+01
1.019229610356954252e+00
1.132619730325310048e+00
1.832439847189868853e+00
1.713729680436007596e+00
2.203650376895173402e+00
2.448200607848395105e+00
3.513517794293915752e+00
2.999457873249883111e+00
4.201067323445092150e+00
4.887213621614998615e+00
6.136359716816945031e+00
6.721688135897997185e+00
8.538233706345588203e+00
1.019200394801623588e+01
1.080264992312637773e+01
1.192716913137513401e+01
1.386058252223090825e+01
1.570905740317765265e+01
1.948889878283289789e+01
2.246044385172724134e+01
2.487880317923417550e+01
2.945079106663235891e+01
3.199432529732623465e+01
3.690268697393709374e+01
3.866186593700488316e+01
4.599549884911639452e+01
5.275297931691936526e+01
5.389424302132597688e+01
6.016194209303142770e+01
6.575887590975861485e+01
9.253723555544223212e-01
1.134641602565489737e+00
1.059842802656377758e+00
1.515901030103893543e+00
1.599033448581754113e+00
1.338640000409735631e+00
2.314881489320321339e+00
1.346882618086752803e+00
2.356856725258478225e+00
1.863134694273168135e+00
3.142490186287377973e+00
3.239622843847450362e+00
3.749282230991284770e+00
3.782322251079786035e+00
4.088166585845048218e+00
4.886962413729722066e+00
6.195052890279674429e+00
6.645063080375278375e+00
7.852017783603407963e+00
1.047353296939912148e+01
1.148018074405009870e+01
1.295802076417230708e+01
1.560338351434373827e+01
1.831339145024039894e+01
1.819288659359181892e+01
2.606016822995545112e+01
2.788312187581435708e+01
3.071226077386869591e+01
3.357004842594149352e+01
3.861241134734419944e+01
4.489294008844446071e-01
9.092768342592535413e-01
8.724826575065932621e-01
8.342763076321318971e-01
8.138871127831983632e-01
7.897370416178723929e-01
8.587314476319576340e-01
1.194811298949939316e+00
1.011527894146461604e+00
1.230576553028564835e+00
1.832378271533636305e+00
8.861671205974183119e-01
1.179192721121813836e+00
1.240759254233323450e+00
1.491593482131165826e+00
1.394499678429615086e+00
1.808692460335981966e+00
1.826535702424546770e+00
1.359125554758080723e+00
1.621509514530324436e+00
2.044087228113423915e+00
1.949917599669432011e+00
1.574014520108315995e+00
2.241735372855074182e+00
3.117566321450470301e+00
3.804826731781267402e+00
2.998473018664941314e+00
5.920498760661906168e+00
5.978828154038485998e+00
6.580763067550319256e+00
6.687524099466571892e-01
7.271126365641678024e-01
5.996878860158020297e-01
7.339776038840568617e-01
7.830987881301467723e-01
6.410020953330928251e-01
5.056379660136058884e-01
5.667410964651551364e-01
1.124049013598282354e+00
7.732395197267762921e-01
9.391459239128010505e-01
6.796419242050305565e-01
7.731422202177199443e-01
6.156469686233947414e-01
7.132818555838695840e-01
6.578206038287121027e-01
6.970695374841853198e-01
7.778196571064711629e-01
9.346586727916375015e-01
3.591702276432130470e-01
3.333872807518076797e-01
1.311596249963270067e+00
6.147993189867065889e-01
1.028293216839352819e+00
6.837068209825118981e-01
1.138278293225617688e+00
4.306764216008858170e-01
8.133969703301943133e-01
1.308431526380003707e+00
1.297815111008021827e+00
